,hemisphere_id,id,is_injection,max_voxel_density,max_voxel_x,max_voxel_y,max_voxel_z,normalized_projection_volume,projection_density,projection_energy,projection_intensity,projection_volume,experiment_id,structure_id,sum_pixel_intensity,sum_pixels,sum_projection_pixel_intensity,sum_projection_pixels,volume
0,1,628380949,False,0.0,0,0,0,0.0,0.0,0.0,0.0,0.0,167117360,905,18956324864.0,89691296.0,0.0,0.0,0.1098718376
1,1,628382170,False,0.426997363567352,5270,3620,1090,0.013777022273472,1.45525223481383e-05,0.00322178606141096,221.390215684714,7.23443991210937e-05,167117360,378,911102852096.0,4058172936.0,13074565.0,59056.65234375,4.9712618466
2,3,628387629,False,0.190638884902,6880,5370,3140,0.00220987343767105,0.000299629750632212,0.132766928566006,443.103290931128,1.16042467529297e-05,167117360,484682528,5207442176.0,31615200.0,4197453.0,9472.8544921875,0.03872862
3,2,628378102,False,0.0,0,0,0,0.0,0.0,0.0,0.0,0.0,167117360,23,44959698944.0,222466496.0,0.0,0.0,0.2725214576
4,2,628378982,False,0.291139513254166,12340,4980,8320,0.116831990725923,2.06698987312848e-05,0.00528330355882645,255.603744506836,0.00061349542734375,167117360,512,5220054516736.0,24229079040.0,128009576.0,500812.59375,29.680621824
5,3,628384116,False,0.399093061685562,7450,6830,6720,0.0601363362626536,0.00265693605715417,0.76988384053893,289.763782032282,0.00031578138046875,167117360,1,11109127168.0,97021800.0,74695516.0,257780.71875,0.118851705
6,2,628379131,False,0.0,0,0,0,0.0,0.0,0.0,0.0,0.0,167117360,625,87928389632.0,356534112.0,0.0,0.0,0.4367542872
7,3,628385905,False,0.0,0,0,0,0.0,0.0,0.0,0.0,0.0,167117360,649,2235755776.0,20025000.0,0.0,0.0,0.024530625
8,1,628380603,False,0.0,0,0,0,0.0,0.0,0.0,0.0,0.0,167117360,1104,15192327168.0,74858400.0,0.0,0.0,0.09170154
9,3,628385712,False,0.581575453281403,7640,6510,5940,0.343732349994262,0.0115185140543643,3.78458438319447,328.565331025533,0.00180496988574219,167117360,557,14444405312.0,127919695.0,484122880.0,1473444.8046875,0.156701626375
10,1,628380071,False,0.0,0,0,0,0.0,0.0,0.0,0.0,0.0,167117360,484682524,16330214400.0,183340800.0,0.0,0.0,0.22459248
11,3,628387729,False,0.0800495594739914,8560,2060,4270,0.00285327297874955,6.30193730661407e-06,0.00148584544855788,235.775980665253,1.49827963603973e-05,167117360,302,332481794048.0,1940808608.0,2883741.63671875,12230.8541717529,2.3774905448
12,1,628380717,False,0.0,0,0,0,0.0,0.0,0.0,0.0,0.0,167117360,1026,3320374016.0,32959800.0,0.0,0.0,0.040375755
13,3,628387475,False,0.494231253862381,8030,6200,4120,0.130007130810921,2.61098567231504e-05,0.00671128798769561,257.040398913604,0.000682679288258362,167117360,1080,3990887370752.0,21344016584.0,143245842.109375,557289.214904785,26.1464203154
14,2,628379866,False,0.0,0,0,0,0.0,0.0,0.0,0.0,0.0,167117360,1022,103632297984.0,704167168.0,0.0,0.0,0.8626047808
15,3,628385893,False,0.0,0,0,0,0.0,0.0,0.0,0.0,0.0,167117360,643,23510278144.0,132251400.0,0.0,0.0,0.162007965
16,3,628384153,False,0.260759890079498,5530,4570,6040,0.0043351733714927,8.97925353564125e-05,0.0355519642263506,395.934518222863,2.27643903320312e-05,167117360,15,38642685952.0,206956800.0,7357720.75,18583.17578125,0.25352208
17,1,628381224,False,0.0,0,0,0,0.0,0.0,0.0,0.0,0.0,167117360,749,28341882880.0,192878096.0,0.0,0.0,0.2362756676
18,1,628381765,False,0.105403110384941,3520,5420,5650,0.0040240278804941,5.29909157194197e-05,0.0114100240170956,215.320373535156,2.11305370117187e-05,167117360,597,48678916096.0,325516512.0,3714151.25,17249.41796875,0.3987577272
19,3,628384912,False,0.367373734712601,9620,4650,6040,0.103455226022278,1.34115333953359e-05,0.00411298926926378,306.675541716516,0.0005432528171875,167117360,313,5239798827472.0,33066441728.0,136001920.0,443471.6875,40.5063911168
20,2,628380203,False,0.0,0,0,0,0.0,0.0,0.0,0.0,0.0,167117360,607344842,2327238656.0,11298600.0,0.0,0.0,0.013840785
21,1,628380854,False,0.0,0,0,0,0.0,0.0,0.0,0.0,0.0,167117360,945,82328076288.0,423906304.0,0.0,0.0,0.5192852224
22,2,628379110,False,0.0,0,0,0,0.0,0.0,0.0,0.0,0.0,167117360,613,24781103104.0,141534896.0,0.0,0.0,0.1733802476
23,1,628381320,False,0.0,0,0,0,0.0,0.0,0.0,0.0,0.0,167117360,680,372816384.0,4333500.0,0.0,0.0,0.0053085375
24,3,628385558,False,0.254271984100342,5280,7160,3160,0.0399384139616463,2.19820896466808e-05,0.005447221438629,247.802712398251,0.000209720250323486,167117360,493,1604122136576.0,7788167872.0,42423875.0,171200.204345703,9.5405056432
25,3,628386429,False,0.14820870757103,9310,1160,6670,0.00545908510183679,6.8434863394868e-06,0.00164862480106201,240.904229113379,2.86661532226562e-05,167117360,879,495188039924.547,3419447376.0,5637385.75,23400.94140625,4.1888230356
26,1,628381338,False,0.0,0,0,0,0.0,0.0,0.0,0.0,0.0,167117360,670,41117413376.0,190680304.0,0.0,0.0,0.2335833724
27,2,628378607,False,0.173002287745476,6020,7370,7860,0.00356477156974945,0.000304543966194615,0.0671926140785217,220.633544921875,1.87189402832031e-05,167117360,260,8448566784.0,50175900.0,3371450.0,15280.767578125,0.0614654775
28,3,628385792,False,0.0419728271663189,7460,3680,6040,0.00020032910745688,5.6922500556827e-06,0.00154836469101167,272.012767511136,1.05194639434814e-06,167117360,595,7727924992.0,150859808.0,233586.0,858.731750488281,0.1848032648
29,2,628379768,False,0.617005407810211,9490,6940,5760,0.313359621807499,0.000250858772238823,0.0608292874030796,242.484194832815,0.00164547992290961,167117360,967,185976536838.0,5354602132.0,325716632.016571,1343248.9166609,6.5593876117
30,2,628382561,False,0.0,0,0,0,0.0,0.0,0.0,0.0,0.0,167117360,312782578,3667268864.0,33368400.0,0.0,0.0,0.04087629
31,3,628384332,False,0.0,0,0,0,0.0,0.0,0.0,0.0,0.0,167117360,91,170455064576.0,773886592.0,0.0,0.0,0.9480110752
32,2,628379979,False,0.0,0,0,0,0.0,0.0,0.0,0.0,0.0,167117360,1085,2467855104.0,33113700.0,0.0,0.0,0.0405642825
33,1,628381205,False,0.128450304269791,6240,5360,4200,0.000462554022192406,3.92135554873867e-05,0.0262283466630277,668.859182418799,2.42891331176758e-06,167117360,760,7084865536.0,50563800.0,1326204.875,1982.78637695312,0.061940655
34,2,628378390,False,0.0,0,0,0,0.0,0.0,0.0,0.0,0.0,167117360,155,88047329280.0,457417792.0,0.0,0.0,0.5603367952
35,1,628382521,False,0.0,0,0,0,0.0,0.0,0.0,0.0,0.0,167117360,280,1136852736.0,7004700.0,0.0,0.0,0.0085807575
36,3,628384484,False,0.0,0,0,0,0.0,0.0,0.0,0.0,0.0,167117360,146,319594250240.0,2126748544.0,0.0,0.0,2.6052669664
37,2,628380055,False,0.0,0,0,0,0.0,0.0,0.0,0.0,0.0,167117360,1139,5403478016.0,26278200.0,0.0,0.0,0.032190795
38,3,628385907,False,0.0331475622951984,12470,4870,5370,0.00013727287037011,7.70257549871875e-07,0.000195252450905131,253.489824199204,7.20832348632812e-07,167117360,651,128434372608.0,763945216.0,149162.17578125,588.4345703125,0.9358328896
39,2,628378243,False,0.135658174753189,4290,3490,6460,0.00814348111106494,0.000568367599043995,0.170596227049828,300.151214599609,4.27621612304687e-05,167117360,98,4020659200.0,61417800.0,10477645.0,34907.88671875,0.075236805
40,2,628379708,False,0.110337726771832,4940,1470,5700,0.00293656622448425,4.61713716504164e-05,0.0103505672886968,224.177169799805,1.54201767822266e-05,167117360,935,46940880896.0,272634304.0,2821919.75,12587.8994140625,0.3339770224
41,1,628380864,False,0.0,0,0,0,0.0,0.0,0.0,0.0,0.0,167117360,182305709,26694918144.0,132363904.0,0.0,0.0,0.1621457824
42,1,628383113,False,0.409030765295029,5240,6650,5540,0.0353748553486674,0.00228227535262704,0.961270868778229,421.189697265625,0.00018575658828125,167117360,133,4388974080.0,66441600.0,63868376.0,151638.03125,0.08139096
43,3,628387478,False,0.0,0,0,0,0.0,0.0,0.0,0.0,0.0,167117360,1081,1137980864.0,9745200.0,0.0,0.0,0.01193787
44,3,628385446,False,0.000695285096298903,5660,3600,5940,3.41127806188463e-07,2.51105917241629e-08,8.01423183180812e-06,319.157426469419,1.79129318892956e-09,167117360,449,2053599936.0,58233600.0,466.697570800781,1.46228015422821,0.07133616
45,2,628378613,False,0.211768284440041,4910,6510,6080,0.00683844146457232,0.000703806872479618,0.253807246685028,360.620574951172,3.59092791503906e-05,167117360,263,7349664768.0,41650200.0,10571122.0,29313.697265625,0.051021495
46,3,628385662,False,0.0339027866721153,9180,3900,10550,0.000141749606317979,3.05125250628067e-06,0.000639264364113731,209.508837042452,7.44340096950531e-07,167117360,540,24801770496.0,199139392.0,127302.716796875,607.624568939209,0.2439457552
47,2,628382578,False,0.0,0,0,0,0.0,0.0,0.0,0.0,0.0,167117360,312782582,6463572480.0,52763400.0,0.0,0.0,0.064635165
48,2,628379000,False,0.0,0,0,0,0.0,0.0,0.0,0.0,0.0,167117360,530,409577600.0,16888500.0,0.0,0.0,0.0206884125
49,2,628378630,False,0.0,0,0,0,0.0,0.0,0.0,0.0,0.0,167117360,274,45084364800.0,340512288.0,0.0,0.0,0.4171275528
50,3,628385003,True,0.920122146606445,7670,6970,5720,0.982257619391045,0.114924205287564,154.341389358367,1342.9841778951,0.00515792424853594,167117360,343,11886207464.4658,36637629.0915604,5654702576.78796,4210550.40696812,0.0448810956371614
51,3,628387715,False,0.383442997932434,7100,6080,3470,0.237365801854293,0.000279311585539749,0.124414032742376,445.430978102661,0.00124642945087711,167117360,278,651786017792.0,3642861528.0,453223093.420532,1017493.42928743,4.4625053718
52,2,628379294,False,0.0,0,0,0,0.0,0.0,0.0,0.0,0.0,167117360,744,389606912.0,30121200.0,0.0,0.0,0.03689847
53,1,628381305,False,0.0,0,0,0,0.0,0.0,0.0,0.0,0.0,167117360,692,13460709376.0,75768304.0,0.0,0.0,0.0928161724
54,2,628379076,False,0.0,0,0,0,0.0,0.0,0.0,0.0,0.0,167117360,590,49033175040.0,296878496.0,0.0,0.0,0.3636761576
55,3,628384660,False,0.0,0,0,0,0.0,0.0,0.0,0.0,0.0,167117360,312782636,45186689024.0,336574784.0,0.0,0.0,0.4123041104
56,2,628379885,False,0.203392565250397,12800,4880,7750,0.00437541090737812,1.66307181643788e-05,0.00411706604063511,247.55793762207,2.29756812988281e-05,167117360,1033,262993346560.0,1127772032.0,4643112.0,18755.658203125,1.3815207392
57,1,628384006,False,0.0,0,0,0,0.0,0.0,0.0,0.0,0.0,167117360,35,2402633216.0,14639400.0,0.0,0.0,0.017933265
58,2,628379138,False,0.16497990489006,6250,7460,8260,0.00281430694425382,8.2104889156822e-06,0.0018991454817529,231.307234107033,1.47781821632385e-05,167117360,631,214840946688.0,1469318368.0,2790449.33984375,12063.8221740723,1.7999150008
59,2,628378946,False,0.0,0,0,0,0.0,0.0,0.0,0.0,0.0,167117360,470,23599882240.0,87570000.0,0.0,0.0,0.10727325
60,3,628385733,False,0.118483491241932,8020,7010,9500,0.00403446259336203,1.36793746733379e-05,0.00340289597786594,248.761077105259,2.11853306396484e-05,167117360,566,175942361088.0,1264249856.0,4302110.75,17294.1474609375,1.5487060736
61,2,628379737,False,0.0,0,0,0,0.0,0.0,0.0,0.0,0.0,167117360,950,123895472128.0,426937504.0,0.0,0.0,0.5229984424
62,2,628378678,False,0.0,0,0,0,0.0,0.0,0.0,0.0,0.0,167117360,303,77530734592.0,346324512.0,0.0,0.0,0.4242475272
63,2,628379818,False,0.339522838592529,7750,5600,6310,0.0206377680052476,2.79105252773804e-05,0.00797045475319693,285.571649905724,0.000108370800010611,167117360,991,167502547232.0,3169627168.0,25263369.9270477,88465.9591923356,3.8827932808
64,2,628379384,False,0.0,0,0,0,0.0,0.0,0.0,0.0,0.0,167117360,818,122751426560.0,894777264.0,0.0,0.0,1.0961021484
65,3,628387483,False,0.2099998742342,5990,5380,6840,0.00463879071311522,4.5450575238968e-05,0.0133494499169016,293.713552506509,2.43587126541138e-05,167117360,1083,30049871744.0,437500808.0,5840395.125,19884.6633911133,0.5359384898
66,1,628380623,False,0.0,0,0,0,0.0,0.0,0.0,0.0,0.0,167117360,1092,7004610048.0,49785300.0,0.0,0.0,0.0609869925
67,2,628379365,False,0.150104016065598,7980,4910,7090,0.00298231534276413,0.000117970324936323,0.0467724204063416,396.476165771484,1.56604095703125e-05,167117360,804,21228699648.0,108366304.0,5068554.5,12784.0078125,0.1327487224
68,3,628387031,False,0.119249440729618,12500,1890,7200,0.00240129054842793,3.42967258606329e-06,0.00087784280961773,255.955280741638,1.26093954406738e-05,167117360,936,716912918528.0,3001273088.0,2634646.0,10293.3840332031,3.6765595328
69,1,628382071,False,0.0,0,0,0,0.0,0.0,0.0,0.0,0.0,167117360,437,144443277312.0,831773696.0,0.0,0.0,1.0189227776
70,1,628383054,False,0.151140764355659,8380,6170,5310,0.00776627135538617,0.000347881868947297,0.100386641919613,288.565307617188,4.07813984375e-05,167117360,606826647,12322914304.0,95696096.0,9606610.0,33290.9375,0.1172277176
71,2,628379623,False,0.14820870757103,9310,1160,6670,0.00270827900136397,6.79017454522453e-06,0.00178691958907924,263.162541283414,1.42214197753906e-05,167117360,879,243208464321.656,1709723688.0,3055138.75,11609.322265625,2.0944115178
72,2,628379638,False,0.255339682102203,7230,270,6940,0.00374455881380068,1.51330523937676e-05,0.00326428875104809,215.705904275627,1.96630194813305e-05,167117360,894,156609145856.0,1060687828.0,3462391.34531403,16051.4444745556,1.2993425893
73,3,628386275,False,0.0,0,0,0,0.0,0.0,0.0,0.0,0.0,167117360,819,6516827904.0,55855800.0,0.0,0.0,0.068423355
74,3,628385726,False,0.0,0,0,0,0.0,0.0,0.0,0.0,0.0,167117360,564,65081364480.0,373651200.0,0.0,0.0,0.45772272
75,1,628381054,False,0.0,0,0,0,0.0,0.0,0.0,0.0,0.0,167117360,849,3250333696.0,23471100.0,0.0,0.0,0.0287520975
76,3,628384629,False,0.0,0,0,0,0.0,0.0,0.0,0.0,0.0,167117360,203,10285569536.0,55166400.0,0.0,0.0,0.06757884
77,2,628379803,False,0.256938725709915,10330,7180,6090,0.0403299775202716,2.77092070979181e-05,0.00594108548339853,214.408353959898,0.000211776386243439,167117360,983,278888594520.0,6239033908.0,37066633.78125,172878.682647705,7.6428165373
78,3,628384428,False,0.154337227344513,8720,3650,4350,0.00271876013199377,2.5176983282337e-06,0.000911661372492051,362.101115240296,1.42764571472168e-05,167117360,128,532645822464.0,4628930560.0,4220017.1875,11654.2507324219,5.670439936
79,2,628378195,False,0.0749059319496155,1900,2890,6590,0.00076560391379537,2.84304587694351e-05,0.00596493016928434,209.807739257812,4.02025590209961e-06,167117360,68,10935589888.0,115434000.0,688555.75,3281.84155273438,0.14140665
80,3,628384488,False,0.0586869679391384,10730,4060,6540,0.000100962035082914,3.31956036320868e-05,0.0100989005668308,304.224037579158,5.30160844421387e-07,167117360,147,1896568832.0,13037400.0,131663.40625,432.784362792969,0.015970815
81,1,628382815,False,0.0,0,0,0,0.0,0.0,0.0,0.0,0.0,167117360,214,47969857536.0,354494688.0,0.0,0.0,0.4342559928
82,3,628387587,True,0.885656118392944,7730,6480,5950,0.0367525263194898,0.127307376341699,45.1308261994418,354.502837905548,0.0001929908640625,167117360,1126,243116224.0,1237505.375,55849640.0,157543.5625,0.001515944084375
83,1,628382279,False,0.702824711799622,9290,6950,5590,2.38858046015046,0.000189784486484539,0.0596917089889822,314.523647821156,0.0125426536091694,167117360,343,8138228538951.53,53950146796.0,3220376462.4597,10238900.9054444,66.0889298251
84,3,628384657,False,0.0,0,0,0,0.0,0.0,0.0,0.0,0.0,167117360,211,102861078528.0,543882624.0,0.0,0.0,0.6662562144
85,2,628379948,False,0.732387006282806,9170,6880,5700,0.533417431967635,0.000106581896726288,0.0264564953368453,248.226914227169,0.00280102353254672,167117360,1065,2959755534336.0,21453454036.0,567583206.662659,2286549.82248712,26.2804811941
86,2,628378325,False,0.0,0,0,0,0.0,0.0,0.0,0.0,0.0,167117360,131,69812502528.0,378129600.0,0.0,0.0,0.46320876
87,1,628381256,False,0.494231253862381,8030,6200,4120,0.0585480249911641,8.45386157450543e-05,0.0218857306826088,258.884422103743,0.000307441013278198,167117360,726,459537158144.0,2968729184.0,64972807.390625,250972.255737305,3.6366932504
88,3,628387675,False,0.617005407810211,9490,6940,5760,0.399809654597058,0.00114629265703183,0.276567121582923,241.270952828971,0.00209943692116474,167117360,933,71967520832.0,1495103408.0,413496446.019379,1713826.05809367,1.8315016748
89,2,628378513,False,0.00280148629099131,7490,2810,6520,1.80799551864194e-06,1.34970683518532e-08,3.68120049643039e-06,272.740753173828,9.49394918680191e-09,167117360,215,91966881792.0,574210816.0,2113.78515625,7.75016260147095,0.7034082496
90,2,628379025,False,0.55791974067688,7530,4620,6060,0.0538826802284891,2.53159705607686e-05,0.0118477223441005,467.993988037109,0.000282942862890625,167117360,549,1509400669184.0,9123638272.0,108094336.0,230973.765625,11.1764568832
91,1,628380938,False,0.291728377342224,10290,4110,1780,0.0256597662410969,2.14470402804509e-05,0.00474902167901862,221.430165510874,0.000134741770278931,167117360,909,740620406784.0,5128599584.0,24355830.6074219,109993.281860352,6.2825344904
92,2,628379202,False,0.000600978208240122,8210,5510,6090,1.26179198705074e-07,3.78664353206659e-08,7.93301842350047e-06,209.5,6.62578468024731e-10,167117360,673,825380736.0,14283900.0,113.314437866211,0.540880382061005,0.0174977775
93,3,628385756,False,0.0,0,0,0,0.0,0.0,0.0,0.0,0.0,167117360,577,128542461952.0,470816992.0,0.0,0.0,0.5767508152
94,3,628387579,False,0.127360254526138,9890,3960,1040,0.0061747241963514,3.00360522403972e-05,0.00696490075228859,231.884692986421,3.24240393066406e-05,167117360,1121,111369347072.0,881227776.0,6137664.0,26468.603515625,1.0795040256
95,2,628380049,True,0.920122146606445,7670,6970,5720,0.962611005236563,0.11574167212934,156.593516371915,1352.9570939404,0.00505475808769531,167117360,1129,11664674672.0,35651231.375,5582751684.0,4126333.1328125,0.043672758434375
96,1,628383988,False,0.056746818125248,3410,2320,5670,0.000848834890672058,2.58222907157766e-06,0.000736170381276977,285.091043772969,4.45730934448242e-06,167117360,39,265450377280.0,1409100344.0,1037337.9375,3638.61987304688,1.7261479214
97,2,628378186,False,0.0,0,0,0,0.0,0.0,0.0,0.0,0.0,167117360,64,15751943168.0,72501296.0,0.0,0.0,0.0888140876
98,3,628386195,False,0.0,0,0,0,0.0,0.0,0.0,0.0,0.0,167117360,786,9742254080.0,80782200.0,0.0,0.0,0.098958195
99,1,628380605,False,0.0,0,0,0,0.0,0.0,0.0,0.0,0.0,167117360,1101,143087337472.0,679313728.0,0.0,0.0,0.8321593168
100,3,628384355,False,0.173980623483658,8400,5580,5410,0.00420579960815204,5.64319960747704e-05,0.0146577915236987,259.742567040826,2.20850369140625e-05,167117360,100,68724688512.0,319474816.0,4682795.25,18028.6015625,0.3913566496
101,2,628379157,False,0.0,0,0,0,0.0,0.0,0.0,0.0,0.0,167117360,643,9433497600.0,66125700.0,0.0,0.0,0.0810039825
102,1,628381285,False,0.0984489470720291,4270,5320,3080,0.00444010188975871,4.74808484796085e-06,0.0012454540701583,262.306610107422,2.33153795410156e-05,167117360,703,674321819648.0,4008555776.0,4992472.0,19032.962890625,4.9104808256
103,3,628385507,False,0.18589574098587,8970,3420,3350,0.0026900208488258,1.83073446494331e-05,0.00403326518620181,220.308584529035,1.41255445529938e-05,167117360,475,99029894144.0,629859600.0,2540390.796875,11531.0567779541,0.77157801
104,3,628387326,False,0.0921381637454033,8620,2040,1200,0.000685597291216393,5.33388783795724e-06,0.0012495609941993,234.268329623867,3.60013383789062e-06,167117360,1027,101660677568.0,550983608.0,688487.625,2938.884765625,0.6749549198
105,1,628380955,False,0.00152231007814407,12670,4740,4590,4.38045602330262e-07,2.0382222132298e-08,3.99022110286751e-06,195.76969909668,2.30021736621857e-09,167117360,903,13251507200.0,92125800.0,367.602325439453,1.87772846221924,0.112854105
106,1,628382409,False,0.31015682220459,8400,5590,5380,0.0508710748793061,1.31894566948176e-05,0.004086391068995,309.822540283203,0.000267128648828125,167117360,313,2647830488576.0,16533221376.0,67561208.0,218064.203125,20.2531961856
107,1,628381782,False,0.256216496229172,8980,4700,5650,0.00148027301947271,0.000169529288541526,0.0489413216710091,288.689483642578,7.77304848632812e-06,167117360,591,4129630208.0,37429200.0,1831834.5,6345.345703125,0.04585077
108,2,628378352,True,0.920122146606445,7670,6970,5720,0.72294537553212,0.159676097729577,260.877869562749,1633.79411992247,0.00379625203125,167117360,141,8486487552.0,19407922.0,5063097344.0,3098981.25,0.02377470445
109,2,628378067,False,0.0,0,0,0,0.0,0.0,0.0,0.0,0.0,167117360,9,18680471552.0,104807696.0,0.0,0.0,0.1283894276
110,2,628379044,False,0.549885332584381,6060,7040,7380,0.962244089610295,3.35521427316515e-05,0.00917211413004641,273.368953017533,0.00505283138031373,167117360,567,21853200383641.7,122935823904.0,1127581407.51878,4124760.31046019,150.5963842824
111,1,628384027,False,0.209891527891159,6170,6170,5600,0.00933888371265457,0.0017518064705655,0.444452375173569,253.710891723633,4.90393291992187e-05,167117360,30,1275056384.0,22851900.0,10156581.0,40032.10546875,0.0279935775
112,3,628384496,False,0.296685576438904,5790,4830,5640,0.016338679012911,0.000175078082280363,0.0729820525166081,416.854306181728,8.57958920410156e-05,167117360,149,50322855936.0,400035584.0,29195418.0,70037.462890625,0.4900435904
113,1,628383825,False,0.0,0,0,0,0.0,0.0,0.0,0.0,0.0,167117360,91,83599220736.0,386943296.0,0.0,0.0,0.4740055376
114,2,628379665,False,0.161529183387756,9960,4000,8800,0.00967331072357899,8.08518217915954e-06,0.00183935141501105,227.496594913122,5.07954359017372e-05,167117360,909,727268450304.0,5128599584.0,9433296.90185547,41465.6619606018,6.2825344904
115,1,628380722,False,0.0,0,0,0,0.0,0.0,0.0,0.0,0.0,167117360,1021,168055570432.0,1069978496.0,0.0,0.0,1.3107236576
116,3,628387341,False,0.203392565250397,12800,4880,7750,0.00470448974405009,8.94076489412814e-06,0.00219111419895541,245.070105846809,2.47037042510986e-05,167117360,1033,510804082688.0,2255544064.0,4942154.625,20166.2891845703,2.7630414784
117,3,628385427,False,0.0,0,0,0,0.0,0.0,0.0,0.0,0.0,167117360,443,29809228800.0,858414592.0,0.0,0.0,1.0515578752
118,3,628384458,False,0.0324673503637314,8450,3100,3470,0.000211206519049694,3.27097302619927e-07,7.70638061234986e-05,235.599026669576,1.1090646736145e-06,167117360,138,420102477824.0,2767858096.0,213301.6796875,905.358917236328,3.3906261676
119,1,628382302,False,0.0,0,0,0,0.0,0.0,0.0,0.0,0.0,167117360,336,1435200768.0,12548700.0,0.0,0.0,0.0153721575
120,2,628378499,False,0.0,0,0,0,0.0,0.0,0.0,0.0,0.0,167117360,209,16060145664.0,129404704.0,0.0,0.0,0.1585207624
121,1,628378646,False,0.0,0,0,0,0.0,0.0,0.0,0.0,0.0,167117360,312782566,21413203968.0,100518304.0,0.0,0.0,0.1231349224
122,3,628386951,False,0.0,0,0,0,0.0,0.0,0.0,0.0,0.0,167117360,917,847011328.0,8380800.0,0.0,0.0,0.01026648
123,3,628384130,False,0.0121902441605926,10240,6200,3780,5.01338311928345e-05,2.15882219073902e-07,4.15789222852149e-05,192.600031922876,2.63257315063477e-07,167117360,7,154618298368.0,995468416.0,41390.50390625,214.903930664062,1.2194488096
124,3,628385854,False,0.0,0,0,0,0.0,0.0,0.0,0.0,0.0,167117360,620,82551709696.0,424025984.0,0.0,0.0,0.5194318304
125,1,628381822,False,0.0,0,0,0,0.0,0.0,0.0,0.0,0.0,167117360,580,4530795520.0,39566700.0,0.0,0.0,0.0484692075
126,2,628379210,False,0.000237032305449247,9710,4670,6040,9.50354395421772e-08,1.50466972215213e-09,8.64160995206475e-07,574.319396972656,4.99039751291275e-10,167117360,679,45395083264.0,270743392.0,233.965881347656,0.407379388809204,0.3316606552
127,2,628379435,False,0.0,0,0,0,0.0,0.0,0.0,0.0,0.0,167117360,847,67244994560.0,321251392.0,0.0,0.0,0.3935329552
128,1,628382761,False,0.0689793154597282,11870,4570,4400,0.000981513313886179,1.24817952382728e-05,0.00348286097869277,279.035247802734,5.15401583251953e-06,167117360,225,57143197696.0,337079712.0,1174001.75,4207.35986328125,0.4129226472
129,3,628384362,False,0.128450304269791,6240,5360,4200,0.000462554022192406,1.96067777436934e-05,0.0131141733315138,668.859182418799,2.42891331176758e-06,167117360,102,15349688320.0,101127600.0,1326204.875,1982.78637695312,0.12388131
130,2,628378529,True,0.694227993488312,7410,6980,5800,0.05097907482955,0.110323511064053,73.3854293823242,665.183898925781,0.00026769576640625,167117360,223,354561888.0,1980785.0,145360752.0,218527.15625,0.002426461625
131,1,628380901,False,0.291728377342224,10290,4110,1780,0.0217539784606757,4.12895125412434e-05,0.00904007747708892,218.943671666236,0.000114232122805023,167117360,926,322554490880.0,2258460000.0,20416653.3789062,93250.7124938965,2.7666135
132,3,628386261,False,0.0,0,0,0,0.0,0.0,0.0,0.0,0.0,167117360,812,799782816.0,41688000.0,0.0,0.0,0.0510678
133,3,628384637,False,0.0,0,0,0,0.0,0.0,0.0,0.0,0.0,167117360,206,14027882496.0,105238800.0,0.0,0.0,0.12891753
134,1,628384084,False,0.085826463997364,8680,2710,3800,0.000938974140463816,4.38991492046625e-06,0.00105475843884051,240.268539428711,4.93063875732422e-06,167117360,10,186337099776.0,916876800.0,967083.5625,4025.01123046875,1.12317408
135,1,628381010,False,0.0,0,0,0,0.0,0.0,0.0,0.0,0.0,167117360,874,2487254528.0,20143800.0,0.0,0.0,0.024676155
136,2,628378791,False,0.0,0,0,0,0.0,0.0,0.0,0.0,0.0,167117360,335,3101944064.0,24252300.0,0.0,0.0,0.0297090675
137,3,628387556,False,0.0944030657410622,4160,3650,5690,0.00159217713064707,9.14357693209026e-06,0.00257585454407411,281.711912439201,8.36066716918945e-06,167117360,1108,32205745152.0,746429376.0,1922693.5,6825.03442382812,0.9143759856
138,3,628384491,False,0.0,0,0,0,0.0,0.0,0.0,0.0,0.0,167117360,148,30022172672.0,131967000.0,0.0,0.0,0.161659575
139,2,628380017,False,0.0341513827443123,12860,6920,6610,0.00120512914457895,1.23288964459789e-05,0.00353937596082687,287.079711914062,6.3282429321289e-06,167117360,1107,40185192448.0,419008512.0,1483028.625,5165.91259765625,0.5132854272
140,3,628385845,False,0.125374495983124,10540,3220,6880,0.00439595261801977,3.7969524398181e-05,0.0100814162124977,265.513365581705,2.30835476928711e-05,167117360,616,67406884864.0,496285184.0,5003257.5,18843.7124023438,0.6079493504
141,1,628381018,False,0.0,0,0,0,0.0,0.0,0.0,0.0,0.0,167117360,869,3179145216.0,16487100.0,0.0,0.0,0.0201966975
142,1,628381099,False,0.0130659835413098,10880,1220,4440,3.96743965951352e-05,1.89420518381667e-07,4.55101107945666e-05,240.259674072266,2.08333871078491e-07,167117360,828,174869004288.0,897835520.0,40860.59375,170.068466186523,1.099848512
143,2,628380259,False,0.0,0,0,0,0.0,0.0,0.0,0.0,0.0,167117360,526322264,21068800.0,423900.0,0.0,0.0,0.0005192775
144,3,628387454,False,0.0,0,0,0,0.0,0.0,0.0,0.0,0.0,167117360,1070,288790200320.0,1087234176.0,0.0,0.0,1.3318618656
145,1,628381322,False,0.0,0,0,0,0.0,0.0,0.0,0.0,0.0,167117360,679,44287209472.0,270743392.0,0.0,0.0,0.3316606552
146,3,628385303,False,0.0,0,0,0,0.0,0.0,0.0,0.0,0.0,167117360,393,963703808.0,7921800.0,0.0,0.0,0.009704205
147,2,628379791,False,0.0,0,0,0,0.0,0.0,0.0,0.0,0.0,167117360,978,36321026048.0,318462304.0,0.0,0.0,0.3901163224
148,1,628380640,False,0.0,0,0,0,0.0,0.0,0.0,0.0,0.0,167117360,1081,559225664.0,4872600.0,0.0,0.0,0.005968935
149,1,628381986,False,0.0,0,0,0,0.0,0.0,0.0,0.0,0.0,167117360,488,2223571456.0,19680300.0,0.0,0.0,0.0241083675
150,1,628382084,False,0.125537440180779,13090,6680,3760,0.00158365055799492,8.97499376151245e-06,0.0026376498863101,293.888763427734,8.315893359375e-06,167117360,429,110754897920.0,756377600.0,1995059.375,6788.484375,0.92656256
151,1,628380675,False,0.155480995774269,10920,2490,1920,0.00365844341055945,6.12063649896299e-06,0.00162231316789985,265.056274414062,1.92108196533203e-05,167117360,1056,565356396544.0,2562201088.0,4156692.5,15682.3017578125,3.1386963328
152,1,628383797,False,0.282363533973694,4950,2850,4810,0.0137003162100563,0.000956202333327383,0.346942543983459,362.833831787109,7.194160859375e-05,167117360,98,4830965760.0,61417800.0,21308448.0,58727.84375,0.075236805
153,3,628384278,False,0.408280104398727,6510,5820,5750,0.0327976017856063,0.00119572200943758,0.520355789953546,435.181242668854,0.000172223195019531,167117360,63,22170649600.0,117577800.0,61182289.0,140590.36328125,0.144032805
154,3,628384671,False,0.0430828183889389,10050,2480,1510,0.00112839970141932,2.15284511107359e-05,0.00464462269271443,215.743467508363,5.92532963562012e-06,167117360,312782632,23995838464.0,224679600.0,1043551.96875,4837.00378417969,0.27523251
155,1,628380767,False,0.0,0,0,0,0.0,0.0,0.0,0.0,0.0,167117360,986,18209603584.0,335231104.0,0.0,0.0,0.4106581024
156,1,628380952,False,0.219986692070961,4680,6780,5230,0.00277355911911727,2.2872771305549e-05,0.00656860290585938,287.180019338795,1.45642116210937e-05,167117360,904,89228222464.0,519795008.0,3414327.0,11889.15234375,0.6367488848
157,1,628383855,False,0.179461121559143,8640,6280,4330,0.0069694413873447,6.06804860581178e-05,0.014288168400526,235.465621948242,3.65971716796875e-05,167117360,78,8984716288.0,492336896.0,7034592.5,29875.2421875,0.6031126976
158,3,628386313,False,0.0,0,0,0,0.0,0.0,0.0,0.0,0.0,167117360,832,6490147616.0,188443792.0,0.0,0.0,0.2308436452
159,1,628381887,False,0.0,0,0,0,0.0,0.0,0.0,0.0,0.0,167117360,551,24190038016.0,116853296.0,0.0,0.0,0.1431452876
160,3,628385961,False,0.000237032305449247,9710,4670,6040,9.50354395421772e-08,7.52334869190832e-10,4.3208050179791e-07,574.319388203594,4.99039751291275e-10,167117360,679,89682292736.0,541486784.0,233.965881347656,0.407379388809204,0.6633213104
161,2,628379127,True,0.694227993488312,7410,6980,5800,0.05097907482955,0.110323511259425,73.3854264849542,665.183927226436,0.00026769576640625,167117360,157,354561888.0,1980785.0,145360752.0,218527.15625,0.002426461625
162,3,628385953,False,0.129171460866928,4350,5010,3060,0.000258627466997868,7.33537778798387e-06,0.00238045988790169,324.517694480731,1.35807639160156e-06,167117360,675,26434172928.0,151135200.0,359771.28125,1108.6337890625,0.18514062
163,2,628380601,False,0.0,0,0,0,0.0,0.0,0.0,0.0,0.0,167117360,560581551,13825998848.0,106070400.0,0.0,0.0,0.12993624
164,1,628382447,False,0.190638884902,6880,5370,3140,0.0025947330683229,7.2469912993256e-05,0.029704324901104,409.884887695312,1.36251797363281e-05,167117360,301,12043045888.0,153478800.0,4558984.0,11122.595703125,0.18801153
165,3,628384419,True,0.920122146606445,7670,6970,5720,0.731360309992761,0.159542123590767,260.001385722165,1629.6723390061,0.00384043961875,167117360,126,8562628288.0,19650313.53125,5109108748.0,3135052.75,0.0240716340757812
166,1,628382683,False,0.172474190592766,6320,4140,4980,0.00314965658561763,1.38982784004482e-05,0.00478073236593806,343.980184321527,1.6539133682251e-05,167117360,239,208364619264.0,971439284.0,4644191.2265625,13501.3336181641,1.1900131229
167,3,628385563,False,0.176198288798332,4290,1030,6680,0.0188436593803376,3.67071705113634e-06,0.000897076111478092,244.387158961322,9.89497721679687e-05,167117360,500,4297536602368.0,22005325688.0,19740452.0,80775.32421875,26.9565239678
168,2,628378215,False,0.135658174753189,4290,3490,6460,0.0142914108110024,3.67812499462161e-05,0.0108225923031569,294.242095947266,7.50455001953125e-05,167117360,81,56338326528.0,1665566976.0,18025752.0,61261.6328125,2.0403195456
169,1,628383947,False,0.0221162289381027,8420,4160,3260,7.81003120203705e-05,4.64703513518302e-07,0.000117926965681371,253.768181756445,4.10111853790283e-07,167117360,51,116869479936.0,720427492.0,84957.828125,334.785186767578,0.8825236777
170,3,628385630,False,0.428897798061371,10940,4160,2140,0.150782318743885,1.40180561429331e-05,0.00354904274888363,253.176525525104,0.000791771692829132,167117360,528,10062970218496.0,46107979056.0,163639188.734375,646344.239044189,56.4822743436
171,3,628386965,False,0.202302291989326,10520,3370,6890,0.0175425021382294,2.04816096933033e-05,0.00588602336286221,287.380896863137,9.21172769470215e-05,167117360,920,891816689664.0,3671477888.0,21610404.625,75197.7770996094,4.4975604128
172,2,628378526,False,0.00459338119253516,12820,6490,5730,4.80999385324218e-06,1.14576107534958e-06,0.000226631556870416,197.800003051758,2.52577159404755e-08,167117360,222,1426177024.0,17995500.0,4078.34814453125,20.6185436248779,0.0220444875
173,2,628379113,False,0.125374495983124,10540,3220,6880,0.00294817875246313,5.09290948684793e-05,0.0134986229240894,265.04736328125,1.54811552246094e-05,167117360,616,30809919488.0,248142592.0,3349583.25,12637.677734375,0.3039746752
174,3,628386974,False,0.0339027866721153,9180,3900,10550,0.000141749606317979,8.54830641908198e-07,0.00017909457365444,209.508837042452,7.44340096950531e-07,167117360,922,98738528512.0,710812808.0,127302.716796875,607.624568939209,0.8707456898
175,2,628379732,False,0.617005407810211,9490,6940,5760,0.208014700495484,0.00140425641738606,0.340768397112955,242.66821421922,0.00109230414359398,167117360,948,33692402336.0,634981504.0,216381629.314453,891676.851913452,0.7778523424
176,1,628381020,False,0.0,0,0,0,0.0,0.0,0.0,0.0,0.0,167117360,867,78552773632.0,504748800.0,0.0,0.0,0.61831728
177,1,628381265,False,0.010466898791492,13160,5640,5290,1.74000628997705e-05,3.99638653657465e-07,0.000127484734645444,319.000010331114,9.13693155288696e-08,167117360,720,26861037568.0,186636592.0,23793.31640625,74.5871963500977,0.2286298252
178,1,628383002,False,0.0,0,0,0,0.0,0.0,0.0,0.0,0.0,167117360,164,8936358.0,194400.0,0.0,0.0,0.00023814
179,2,628379396,False,0.168884247541428,4610,6750,6080,0.00399331549716124,2.51758695045836e-05,0.00663663486412663,263.61094948154,2.09692634887695e-05,167117360,826,100110584832.0,679927504.0,4512430.578125,17117.7661132812,0.8329111924
180,1,628381168,False,0.155434116721153,6640,7500,2470,0.00587335889930124,4.69518381578382e-05,0.0104992426931858,223.617263793945,3.08415426757812e-05,167117360,788,76726771712.0,536225408.0,5629960.5,25176.76953125,0.6568761248
181,1,628382382,False,0.137421384453773,3650,1960,3090,0.00368446036674639,2.64092286670348e-05,0.0061198715120554,231.732299804688,1.93474370605469e-05,167117360,320,105327558656.0,598041920.0,3659939.75,15793.826171875,0.732601352
182,1,628380789,False,0.0,0,0,0,0.0,0.0,0.0,0.0,0.0,167117360,973,26957207552.0,135714592.0,0.0,0.0,0.1662503752
183,3,628386108,False,0.151238217949867,9930,1900,1930,0.00245698770500499,6.03868750198812e-05,0.0159575304372417,264.254946658325,1.29018662841797e-05,167117360,750,20393815040.0,174411008.0,2783168.96875,10532.1357421875,0.2136534848
184,2,628379209,False,0.0,0,0,0,0.0,0.0,0.0,0.0,0.0,167117360,678,12682886144.0,59628600.0,0.0,0.0,0.073045035
185,1,628380590,False,0.0,0,0,0,0.0,0.0,0.0,0.0,0.0,167117360,1111,40214142976.0,158852704.0,0.0,0.0,0.1945945624
186,1,628381270,False,0.11144533008337,2150,3470,5210,0.00340286277127801,5.49007713850799e-06,0.00130092465564701,236.959267206318,1.78687424316406e-05,167117360,714,517812395904.0,2656925968.0,3456460.5,14586.728515625,3.2547343108
187,3,628384469,True,0.920122146606445,7670,6970,5720,0.731360309992761,0.159542123590767,260.001385722165,1629.6723390061,0.00384043961875,167117360,141,8562628288.0,19650313.53125,5109108748.0,3135052.75,0.0240716340757812
188,3,628387363,False,0.428897798061371,10940,4160,2140,0.0565228131712689,4.69899826735156e-05,0.0116525071710743,247.978537298798,0.000296806441503906,167117360,1041,782667350016.0,5156226048.0,60082961.0,242290.97265625,6.3163769088
189,3,628385010,False,0.0,0,0,0,0.0,0.0,0.0,0.0,0.0,167117360,344,122711085056.0,677318400.0,0.0,0.0,0.82971504
190,1,628380621,False,0.0,0,0,0,0.0,0.0,0.0,0.0,0.0,167117360,1094,31905286144.0,122770800.0,0.0,0.0,0.15039423
191,2,628380035,False,0.0699671283364296,9820,3750,10380,0.00227971787375085,2.21787158807274e-05,0.00501353899016976,226.051834106445,1.197100625e-05,167117360,1121,56946270208.0,440613888.0,2209035.0,9772.25,0.5397520128
192,1,628381935,False,0.291728377342224,10290,4110,1780,0.0216910914277218,0.00016581715317443,0.0363041535019875,218.940887451172,0.000113901897265625,167117360,526,68233207808.0,560745024.0,20357374.0,92981.140625,0.6869126544
193,3,628384621,False,0.0,0,0,0,0.0,0.0,0.0,0.0,0.0,167117360,201,318021091328.0,1364435968.0,0.0,0.0,1.6714340608
194,2,628379082,False,0.168884247541428,4610,6750,6080,0.0038505168058194,4.9571055569686e-05,0.0131037626415491,264.343017578125,2.02194145507812e-05,167117360,596,52562427904.0,332969408.0,4363152.0,16505.64453125,0.4078875248
195,3,628385803,False,0.0,0,0,0,0.0,0.0,0.0,0.0,0.0,167117360,599,40134559744.0,224612992.0,0.0,0.0,0.2751509152
196,2,628379155,False,0.0,0,0,0,0.0,0.0,0.0,0.0,0.0,167117360,642,6977112576.0,69505200.0,0.0,0.0,0.08514387
197,1,628383873,False,0.366225004196167,5890,6490,5690,0.0678100057529162,0.000108391069135176,0.0360266515837907,332.376568210258,0.000356076518075943,167117360,73,84242461094.0,2681721944.0,96613462.1210938,290674.708633423,3.2851093814
198,1,628380761,False,0.0,0,0,0,0.0,0.0,0.0,0.0,0.0,167117360,990,23228354560.0,96127200.0,0.0,0.0,0.11775582
199,1,628382913,False,0.135751441121101,11300,7350,5560,0.00123523166117061,2.0984352886444e-05,0.00426435330882668,203.215866088867,6.48631398925781e-06,167117360,190,1330911872.0,252328496.0,1076017.875,5294.9501953125,0.3091024076
200,3,628385718,False,0.143146261572838,5680,2600,1280,0.0053442963972953,6.29549397422505e-05,0.0142352062578446,226.117383578258,2.80633872772217e-05,167117360,558,59319345152.0,363893408.0,5180097.71875,22908.8875732422,0.4457694248
201,3,628384882,False,0.0124949458986521,7080,400,7560,4.5434741172916e-05,9.02896782884907e-07,0.000186256332629835,206.287513878069,2.38581965255737e-07,167117360,312782550,40934117376.0,215706592.0,40176.71875,194.760787963867,0.2642405752
202,2,628378329,False,0.0,0,0,0,0.0,0.0,0.0,0.0,0.0,167117360,132,1031757696.0,9615600.0,0.0,0.0,0.01177911
203,1,628381889,False,0.296685576438904,5790,4830,5640,0.0304405928137772,1.43020570249064e-05,0.00558390747755766,390.426879882812,0.000159846326171875,167117360,549,1538169319168.0,9123638272.0,50945552.0,130486.796875,11.1764568832
204,3,628387537,False,0.050979096442461,8250,2250,6960,0.000381154486431641,8.72735735053782e-07,0.00021468974477107,245.996280601298,2.00147693353891e-06,167117360,1100,295584698624.0,1872111632.0,401923.168457031,1633.85872125626,2.2933367492
205,2,628379329,False,0.0,0,0,0,0.0,0.0,0.0,0.0,0.0,167117360,773,25378824192.0,127188896.0,0.0,0.0,0.1558063976
206,1,628380847,False,0.534481704235077,9760,7040,5610,0.191794660415873,0.00129475888996229,0.310425613790792,239.755537650591,0.00100713123540039,167117360,948,36889198592.0,634981504.0,197114523.125,822147.947265625,0.7778523424
207,3,628384275,False,0.0,0,0,0,0.0,0.0,0.0,0.0,0.0,167117360,62,3178995712.0,134188200.0,0.0,0.0,0.164380545
208,1,628381813,False,0.0,0,0,0,0.0,0.0,0.0,0.0,0.0,167117360,582,25009080320.0,142635600.0,0.0,0.0,0.17472861
209,2,628379291,False,0.356600403785706,7470,4610,6070,0.000999468729354292,4.42293821834028e-05,0.0162764899432659,368.001770019531,5.24830135498047e-06,167117360,741,18064619520.0,96866096.0,1576640.125,4284.32763671875,0.1186609676
210,2,628379023,False,0.0,0,0,0,0.0,0.0,0.0,0.0,0.0,167117360,545,140161.65625,900.0,0.0,0.0,1.1025e-06
211,1,628380816,False,0.403654038906097,11310,7210,4310,0.0299033827202108,2.9047557690919e-05,0.00652269666855991,224.552326841546,0.00015702538702774,167117360,960,201050320640.0,4412900760.0,28784013.0859375,128183.9894104,5.405803431
212,3,628387780,False,0.0360628217458725,2330,3760,6650,7.03885521859118e-05,5.14166855179701e-07,0.000125165434349209,243.433494571453,3.69616700315475e-07,167117360,151,54078489600.0,586828800.0,73450.681640625,301.727918624878,0.71886528
213,3,628385872,False,0.16497990489006,6250,7460,8260,0.00858253883952205,1.2519394900081e-05,0.00295982978120088,236.41955580311,4.50676933631897e-05,167117360,631,441500401664.0,2938636736.0,8697864.52734375,36789.9537658691,3.5998300016
214,2,628378985,False,0.42599681019783,5610,6260,5910,0.222930545511169,0.00522511033341289,2.08754944801331,399.522552490234,0.0011706286046875,167117360,515,28106186752.0,182888992.0,381789824.0,955615.1875,0.2240390152
215,2,628378656,False,0.0,0,0,0,0.0,0.0,0.0,0.0,0.0,167117360,289,70908993536.0,427154400.0,0.0,0.0,0.52326414
216,1,628384112,False,0.362531274557114,7550,6570,4450,0.0311528697815206,0.0027527844067663,0.809623181819916,294.110626220703,0.000163586557421875,167117360,1,5040195072.0,48510900.0,39275548.0,133540.046875,0.0594258525
217,3,628384581,False,0.0899378657341003,1960,2350,4770,0.00108501284853835,5.30642674150052e-06,0.00112322860604886,211.673252221559,5.69750131835937e-06,167117360,184,119136544712.0,876488400.0,984496.84375,4651.021484375,1.07369829
218,1,628378664,False,0.0,0,0,0,0.0,0.0,0.0,0.0,0.0,167117360,312782554,41923997696.0,192023104.0,0.0,0.0,0.2352283024
219,3,628384347,False,0.0819732323288918,7100,4020,600,0.00262041467753822,2.37545027129316e-05,0.00555995073972508,234.058814318951,1.37600362060547e-05,167117360,97,59673012224.0,472865408.0,2629108.375,11232.6826171875,0.5792601248
220,3,628387664,False,0.0450369603931904,7120,3150,8200,0.000289884522186307,3.29384938329124e-06,0.000816616865329467,247.921738459546,1.52221003608704e-06,167117360,496345668,60077983744.0,377254784.0,308072.619140625,1242.62043762207,0.4621371104
221,3,628384570,False,0.0945182293653488,7210,3300,3070,0.00187964813923525,2.20646752137342e-05,0.00539404598671181,244.465233884534,9.87020362548828e-06,167117360,178,52889858048.0,365167808.0,1969731.94921875,8057.30908203125,0.4473305648
222,3,628385886,False,0.0,0,0,0,0.0,0.0,0.0,0.0,0.0,167117360,638,67937275904.0,394945216.0,0.0,0.0,0.4838078896
223,2,628379784,False,0.0,0,0,0,0.0,0.0,0.0,0.0,0.0,167117360,974,143995551744.0,547686016.0,0.0,0.0,0.6709153696
224,1,628380840,False,0.0,0,0,0,0.0,0.0,0.0,0.0,0.0,167117360,951,156930113536.0,561608128.0,0.0,0.0,0.6879699568
225,3,628384472,False,0.798363447189331,7760,6880,5780,1.66599753033914,0.00392055550814521,1.95243506564994,497.99959765743,0.0087483048134201,167117360,141,267594783552.0,1821546284.0,3556450838.58594,7141473.31707764,2.2313941979
226,1,628380122,False,0.0,0,0,0,0.0,0.0,0.0,0.0,0.0,167117360,1093,138011328512.0,1057071616.0,0.0,0.0,1.2949127296
227,2,628382701,False,0.0,0,0,0,0.0,0.0,0.0,0.0,0.0,167117360,312782612,14305511424.0,65832300.0,0.0,0.0,0.0806445675
228,3,628385768,False,0.0,0,0,0,0.0,0.0,0.0,0.0,0.0,167117360,582,50309527552.0,285271200.0,0.0,0.0,0.34945722
229,3,628385590,False,0.428897798061371,10940,4160,2140,0.220941106892122,1.95444351906742e-05,0.00500590394095686,256.12937350809,0.00116018188125,167117360,512,10460364147968.0,48458153984.0,242576864.0,947087.25,59.3612386304
230,2,628379870,False,0.222750708460808,11970,4640,9280,0.0197698029679694,3.85653074772563e-05,0.00859520770609379,222.874099731445,0.000103813036523437,167117360,1025,470916235264.0,2197449984.0,18887540.0,84745.3359375,2.6918762304
231,1,628380934,False,0.0,0,0,0,0.0,0.0,0.0,0.0,0.0,167117360,911,176877472.0,3061800.0,0.0,0.0,0.003750705
232,1,628380893,False,0.0,0,0,0,0.0,0.0,0.0,0.0,0.0,167117360,929,2335633152.0,24082200.0,0.0,0.0,0.029500695
233,2,628379814,False,0.00238992786034942,12090,3760,6670,1.30180564288909e-06,2.47008706821816e-08,6.34110847386182e-06,256.716003417969,6.83590003252029e-09,167117360,989,37173788672.0,225916192.0,1432.55908203125,5.58032655715942,0.2767473352
234,3,628384868,False,0.00660148123279214,6400,7050,7490,8.20864580112195e-06,1.56650826739753e-06,0.000442115611214688,282.229989088524,4.31043469548225e-08,167117360,292,3048053760.0,22462200.0,9930.88928222656,35.1872220039368,0.027516195
235,1,628380696,False,0.000980454264208674,8520,4210,3210,7.14923580644826e-07,1.1137987598886e-07,2.10347643587738e-05,188.856063842773,3.75412885546684e-09,167117360,1044,3583446784.0,27514800.0,578.767333984375,3.06459498405457,0.03370563
236,2,628379645,False,0.0,0,0,0,0.0,0.0,0.0,0.0,0.0,167117360,898,44290043904.0,243639904.0,0.0,0.0,0.2984588824
237,2,628380025,False,0.00585157098248601,6380,4280,6340,3.89973362280166e-06,3.32993067786447e-07,0.000131810418679379,395.835357666016,2.04778565406799e-08,167117360,1113,8898127872.0,50201100.0,6617.0283203125,16.7166175842285,0.0614963475
238,3,628385891,False,0.0,0,0,0,0.0,0.0,0.0,0.0,0.0,167117360,642,14229511680.0,139010400.0,0.0,0.0,0.17028774
239,1,628380984,False,0.0,0,0,0,0.0,0.0,0.0,0.0,0.0,167117360,889,74546675712.0,362163584.0,0.0,0.0,0.4436503904
240,1,628383964,False,0.0449702106416225,8470,5510,5120,0.000175946415121854,6.43641041788834e-06,0.000837482764097864,130.116432875427,9.23910655498504e-07,167117360,46,8748480064.0,117179100.0,98135.4765625,754.212779998779,0.1435443975
241,1,628380075,False,0.0,0,0,0,0.0,0.0,0.0,0.0,0.0,167117360,484682512,37697347584.0,482925600.0,0.0,0.0,0.59158386
242,1,628378605,False,0.0,0,0,0,0.0,0.0,0.0,0.0,0.0,167117360,312782590,15389917184.0,66575700.0,0.0,0.0,0.0815552325
243,3,628387200,False,0.324596226215363,6270,1760,1650,0.0312964597960322,0.000177560131964679,0.0388760431182361,218.945788607375,0.000164340561669922,167117360,981,131358461952.0,755550016.0,29372795.0,134155.560546875,0.9255487696
244,2,628378640,False,0.0,0,0,0,0.0,0.0,0.0,0.0,0.0,167117360,280,1121011456.0,7004700.0,0.0,0.0,0.0085807575
245,3,628386411,False,0.0619307123124599,9430,3760,5730,7.2455116151759e-05,2.25712312555322e-06,0.000768041785452858,340.274651727124,3.80468415975571e-07,167117360,872,20781213696.0,137602800.0,105684.700195312,310.586462020874,0.16856343
246,2,628379711,False,0.119249440729618,12500,1890,7200,0.00161452913400157,4.61194213130511e-06,0.0011929435422644,258.664031982422,8.47803957519531e-06,167117360,936,355924180992.0,1500636544.0,1790174.625,6920.8486328125,1.8382797664
247,2,628379635,False,0.0,0,0,0,0.0,0.0,0.0,0.0,0.0,167117360,893,10083462144.0,93616200.0,0.0,0.0,0.114679845
248,1,628380305,False,0.0,0,0,0,0.0,0.0,0.0,0.0,0.0,167117360,1125,56211734528.0,278974784.0,0.0,0.0,0.3417441104
249,1,628382086,False,0.240713566541672,5490,4560,5360,0.000809623557526932,0.000925846688915044,0.28582751750946,308.720153808594,4.25140706176758e-06,167117360,428,447247872.0,3748500.0,1071424.5,3470.53637695312,0.0045919125
250,1,628381233,False,0.0,0,0,0,0.0,0.0,0.0,0.0,0.0,167117360,741,18168201216.0,96866096.0,0.0,0.0,0.1186609676
251,2,628383050,False,0.0,0,0,0,0.0,0.0,0.0,0.0,0.0,167117360,589508455,5451680768.0,38315700.0,0.0,0.0,0.0469367325
252,3,628385985,False,0.385562986135483,7180,7070,6260,0.1897380189016,0.00164472756255843,0.583881832042851,355.002156791611,0.0009963316234375,167117360,693,77944164352.0,494508608.0,288734592.0,813331.9375,0.6057730448
253,1,628380856,False,0.0326319560408592,13160,2360,5510,6.17510223057766e-05,5.58409283257788e-07,0.000160060430062003,286.636413574219,3.24260243988037e-07,167117360,944,125197467648.0,474029088.0,75873.296875,264.702239990234,0.5806856328
254,1,628381170,False,0.0,0,0,0,0.0,0.0,0.0,0.0,0.0,167117360,786,5605715968.0,40391100.0,0.0,0.0,0.0494790975
255,2,628378864,False,0.0,0,0,0,0.0,0.0,0.0,0.0,0.0,167117360,398,53863287808.0,404388912.0,0.0,0.0,0.4953764172
256,1,628380665,False,0.0,0,0,0,0.0,0.0,0.0,0.0,0.0,167117360,1061,10384307200.0,65173500.0,0.0,0.0,0.0798375375
257,3,628387463,False,0.0192840769886971,8260,1240,1900,0.000303116157941533,1.22460409470668e-05,0.00266585860599343,217.691465961656,1.59169056091309e-06,167117360,1074,15818588160.0,106102800.0,282855.0625,1299.33923339844,0.12997593
258,3,628384200,False,0.325073659420013,6200,6060,5790,0.0249888470720206,0.00234372888920068,0.611814969433614,261.043404914581,0.000131218712597656,167117360,30,2657355392.0,45703800.0,27962269.0,107117.31640625,0.055987155
259,3,628384281,False,0.0,0,0,0,0.0,0.0,0.0,0.0,0.0,167117360,64,32146661376.0,145002592.0,0.0,0.0,0.1776281752
260,2,628378292,False,0.0781439244747162,5530,5400,10080,0.00135330591741487,3.05453686451074e-05,0.00649083498865366,212.498184204102,7.10633266601562e-06,167117360,120,33923602432.0,189917104.0,1232720.625,5801.087890625,0.2326484524
261,3,628387061,False,0.0984489470720291,4270,5320,3080,0.00445802252038257,7.60360267602564e-06,0.00196237223893598,258.084532102577,2.34094824050903e-05,167117360,942,394009587712.0,2513253568.0,4931939.03125,19109.7815551758,3.0787356208
262,1,628380991,False,0.0945035666227341,8800,880,5460,0.00225138014337912,4.93336844464528e-06,0.00103580756648119,209.959498890755,1.18222022460937e-05,167117360,886,350880773632.0,1956224728.0,2026272.375,9650.77734375,2.3963752918
263,1,628380735,False,0.0,0,0,0,0.0,0.0,0.0,0.0,0.0,167117360,1010,19010697216.0,81598496.0,0.0,0.0,0.0999581576
264,1,628381275,False,0.0,0,0,0,0.0,0.0,0.0,0.0,0.0,167117360,709,229573208576.0,1275487232.0,0.0,0.0,1.5624718592
265,3,628387570,False,0.0,0,0,0,0.0,0.0,0.0,0.0,0.0,167117360,1116,551000688.0,26125200.0,0.0,0.0,0.03200337
266,2,628378992,False,0.627044081687927,7700,5860,6190,0.090725506010242,0.00339284422807395,1.65282762050629,487.151062011719,0.00047640789765625,167117360,525,17891368960.0,114624896.0,189455200.0,388904.40625,0.1404154976
267,1,628380745,False,0.458357781171799,7660,6650,5390,0.0757646496944327,0.00370070058852434,1.30629885196686,352.986907958984,0.000397847078125,167117360,1004,11645114368.0,87759904.0,114640664.0,324773.125,0.1075058824
268,2,628378567,False,0.0,0,0,0,0.0,0.0,0.0,0.0,0.0,167117360,238,4678103552.0,43726500.0,0.0,0.0,0.0535649625
269,1,628383726,False,0.0301225464791059,5490,6990,5040,0.000289454841080684,8.86381803866243e-06,0.00262039620429277,295.628356933594,1.51995374145508e-06,167117360,117,952982400.0,139982400.0,366809.34375,1240.77856445312,0.17147844
270,1,628381340,False,0.156595274806023,10170,1740,2310,0.00773125372837785,5.46813695680335e-06,0.00140450397618705,256.852377195781,4.05975176877794e-05,167117360,669,1142265006336.0,6060717028.0,8512301.16437054,33140.8307655342,7.4243783593
271,2,628380100,False,0.255339682102203,7230,270,6940,0.0087631057524676,7.94729504360565e-06,0.00184081715752062,231.628138557877,4.60158666737134e-05,167117360,254,743316380737.656,4726636244.0,8700873.09531403,37563.9727948681,5.7901293989
272,3,628385027,False,0.0,0,0,0,0.0,0.0,0.0,0.0,0.0,167117360,350,5139295232.0,24060600.0,0.0,0.0,0.029474235
273,1,628381627,False,0.0,0,0,0,0.0,0.0,0.0,0.0,0.0,167117360,642,7252399104.0,69505200.0,0.0,0.0,0.08514387
274,3,628386062,False,0.0,0,0,0,0.0,0.0,0.0,0.0,0.0,167117360,729,75911280640.0,471124800.0,0.0,0.0,0.57712788
275,2,628378380,False,0.476957410573959,7730,6090,6330,0.0270345702174336,0.00121098489034921,0.393722802400589,325.126129150391,0.000141960991210937,167117360,606826647,13399164928.0,95696096.0,37677736.0,115886.5234375,0.1172277176
276,3,628387139,False,0.0,0,0,0,0.0,0.0,0.0,0.0,0.0,167117360,964,12660108288.0,84004200.0,0.0,0.0,0.102905145
277,2,628379674,False,0.248516708612442,8580,2620,7500,0.00566921005143851,0.00026897486532107,0.0642993003129959,239.053192138672,2.97695384765625e-05,167117360,916,3100576000.0,90349200.0,5809390.5,24301.6640625,0.11067777
278,2,628379415,False,0.0411861576139927,9030,3940,10650,0.000968577281673806,3.56895507138688e-05,0.00858912616968155,240.662216186523,5.08608754882812e-06,167117360,836,11536758784.0,116334000.0,999207.4375,4151.908203125,0.14250915
279,2,628379741,False,0.0151054952293634,4100,5130,7990,6.09797968877703e-05,3.19203451226713e-07,7.5467411079444e-05,236.424179077148,3.20210469055176e-07,167117360,952,133135253504.0,818901888.0,61800.40625,261.396301269531,1.0031548128
280,2,628378802,False,0.0,0,0,0,0.0,0.0,0.0,0.0,0.0,167117360,344,63666970624.0,338659200.0,0.0,0.0,0.41485752
281,2,628379050,False,0.0,0,0,0,0.0,0.0,0.0,0.0,0.0,167117360,574,46611857408.0,310348800.0,0.0,0.0,0.38017728
282,2,628379725,False,0.0,0,0,0,0.0,0.0,0.0,0.0,0.0,167117360,943,364316065792.0,1660181376.0,0.0,0.0,2.0337221856
283,1,628382705,False,0.0295409541577101,12750,7190,4180,0.000775933452021883,1.29733846737573e-05,0.00345880638458854,266.607864606454,4.07449724840522e-06,167117360,235,25690567232.0,256380296.0,886769.8046875,3326.12020277977,0.3140658626
284,2,628378148,False,0.00284986151382327,3820,3310,5720,1.04491401063403e-06,1.17889032149468e-08,2.20190492850442e-06,186.777759419781,5.48693866729736e-09,167117360,44,67046764160.0,379944896.0,836.6025390625,4.47913360595703,0.4654324976
285,1,628381043,False,0.0,0,0,0,0.0,0.0,0.0,0.0,0.0,167117360,854,105611935744.0,440530208.0,0.0,0.0,0.5396495048
286,1,628380206,False,0.0,0,0,0,0.0,0.0,0.0,0.0,0.0,167117360,549009203,3949174784.0,27975600.0,0.0,0.0,0.03427011
287,1,628380594,False,0.0944030657410622,4160,3650,5690,0.000497753152082863,5.71700729778968e-06,0.00160413573030382,280.590087890625,2.6137471496582e-06,167117360,1108,14624191488.0,373214688.0,598687.0,2133.67114257812,0.4571879928
288,2,628379122,False,0.0,0,0,0,0.0,0.0,0.0,0.0,0.0,167117360,621,31488761856.0,159641104.0,0.0,0.0,0.1955603524
289,2,628378835,False,0.0,0,0,0,0.0,0.0,0.0,0.0,0.0,167117360,374,17100807168.0,88556400.0,0.0,0.0,0.10848159
290,2,628380213,False,0.0,0,0,0,0.0,0.0,0.0,0.0,0.0,167117360,607344854,1657457152.0,8581500.0,0.0,0.0,0.0105123375
291,1,628382859,False,0.0,0,0,0,0.0,0.0,0.0,0.0,0.0,167117360,206,7050291712.0,52619400.0,0.0,0.0,0.064458765
292,1,628381360,False,0.084355853497982,4550,950,5000,0.00311728429742494,1.27970433823066e-05,0.00341524905525148,266.877990722656,1.63691438476562e-05,167117360,656,164745805824.0,1044191680.0,3566174.75,13362.56640625,1.279134808
293,2,628378850,False,0.109457768499851,9850,790,7100,0.00226404860424763,3.04869100789412e-06,0.000688163534371561,225.724264148012,1.18887254882812e-05,167117360,385,563449756672.0,3183360336.0,2190672.5,9705.08203125,3.8996164116
294,3,628387408,False,0.0,0,0,0,0.0,0.0,0.0,0.0,0.0,167117360,1054,30006770688.0,184568400.0,0.0,0.0,0.22609629
295,1,628380238,False,0.267070591449738,5410,4640,5040,0.00526643464551764,8.26152390800416e-05,0.0400414131581783,484.673461914062,2.7654528125e-05,167117360,266,40292818944.0,273256192.0,10941564.0,22575.125,0.3347388352
296,3,628385941,False,0.156595274806023,10170,1740,2310,0.0108177254705193,3.82556351868111e-06,0.000943746731045454,246.694827163873,5.68048620004472e-05,167117360,669,2142454834944.0,12121434056.0,11439563.765933,46371.3159187324,14.8487567186
297,2,628378859,False,0.0389640741050243,13050,6760,7130,0.00236877208700108,1.10811220042691e-05,0.00321725774116535,290.336821481241,1.24386380371094e-05,167117360,395,105182179328.0,916332320.0,2948077.25,10153.990234375,1.122507092
298,1,628378614,False,0.0,0,0,0,0.0,0.0,0.0,0.0,0.0,167117360,312782582,10236165120.0,52763400.0,0.0,0.0,0.064635165
299,1,628380664,False,0.0,0,0,0,0.0,0.0,0.0,0.0,0.0,167117360,1062,7865189376.0,65949300.0,0.0,0.0,0.0807878925
300,1,628382397,False,0.426997363567352,5270,3620,1090,0.120606459124101,9.31900721135187e-06,0.0021993604671999,236.008022884752,0.000633315504777575,167117360,315,11139179743898.9,55477180892.0,122014318.485562,516992.24879802,67.9595465927
301,1,628382517,False,0.0338585935533047,7970,240,4180,0.00014835189309764,1.03880447568372e-05,0.00260405847802758,250.678405761719,7.79009306335449e-07,167117360,281,11761026048.0,61217100.0,159412.90625,635.925964355469,0.0749909475
302,2,628379032,True,0.885656118392944,7730,6480,5950,0.0367525263194898,0.127307376341699,45.1308261994418,354.502837905548,0.0001929908640625,167117360,557,243116224.0,1237505.375,55849640.0,157543.5625,0.001515944084375
303,3,628385403,False,0.179901465773582,5460,4560,5360,0.00234801184267565,4.14784357432681e-05,0.0162237560993292,391.137124836303,1.23296241027832e-05,167117360,436,20659449856.0,242656192.0,3936794.875,10064.9992675781,0.2972538352
304,1,628381203,False,0.0480124950408936,4960,6670,5640,6.48552528464323e-05,7.1306261816062e-05,0.0215761717408895,302.584533691406,3.40560841369629e-07,167117360,763,199303648.0,3898800.0,84121.1796875,278.008850097656,0.00477603
305,1,628380614,False,0.0375783033668995,13160,6050,4580,0.000730101673072199,6.29299756838009e-06,0.00170076405629516,270.262939453125,3.83383040161133e-06,167117360,1098,57667350528.0,497323808.0,845830.4375,3129.65747070312,0.6092216648
306,2,628379264,False,0.0,0,0,0,0.0,0.0,0.0,0.0,0.0,167117360,721,100183834624.0,460638016.0,0.0,0.0,0.5642815696
307,3,628386476,False,0.154886230826378,12480,6080,3150,0.00248678714702781,4.98163475719333e-06,0.00125834081867246,252.595960965516,1.30583458691359e-05,167117360,901,3775144048.0,2139834552.0,2692641.1619873,10659.8741788864,2.6212973262
308,2,628379069,False,0.0,0,0,0,0.0,0.0,0.0,0.0,0.0,167117360,496345672,7452873216.0,43132500.0,0.0,0.0,0.0528373125
309,1,628380806,False,0.0,0,0,0,0.0,0.0,0.0,0.0,0.0,167117360,964,6100225536.0,42002100.0,0.0,0.0,0.0514525725
310,3,628384302,False,0.433098435401917,7690,6390,5720,0.128107486458737,0.000102386862140071,0.0315472656942792,308.118297942568,0.000672704082696915,167117360,73,171777407718.0,5363443888.0,169201989.371094,549146.189956665,6.5702187628
311,2,628379380,False,0.035001203417778,3980,3880,5750,0.000121619832844959,2.29538136409246e-06,0.000445260258857161,193.98095703125,6.38636822509766e-07,167117360,814,38878781440.0,227124000.0,101129.2890625,521.336181640625,0.2782269
312,2,628379836,False,0.663885891437531,7560,6640,6270,0.423523104351114,0.0211808681488037,8.08908653259277,381.905364990234,0.00222395840625,167117360,1004,13889043584.0,85713024.0,693340096.0,1815476.25,0.1049984544
313,1,628381872,False,0.143146261572838,5680,2600,1280,0.00490926096012485,0.000115660586743616,0.0265192855149508,229.285415649414,2.57789765625e-05,167117360,558,30893318144.0,181946704.0,4825096.5,21044.0625,0.2228847124
314,1,628379046,False,0.0962867140769958,4720,2180,5670,0.00101814712282137,2.02798892132705e-05,0.00587289035320282,289.591827392578,5.34638330078125e-06,167117360,588,42569588736.0,215208000.0,1263893.0,4364.39453125,0.2636298
315,3,628387232,False,0.339522838592529,7750,5600,6310,0.0271464904193266,1.835646196934e-05,0.00559262841279556,304.66810119165,0.000142548694387628,167117360,991,372965434592.0,6339254336.0,35453093.915451,116366.281132758,7.7655865616
316,2,628379003,False,0.0127118909731507,7920,2370,6120,3.41068743902554e-05,7.41972417017678e-06,0.00152758252806962,205.881301879883,1.79098304748535e-07,167117360,531,3954676736.0,19704600.0,30100.40234375,146.202697753906,0.024138135
317,1,628379152,False,0.0,0,0,0,0.0,0.0,0.0,0.0,0.0,167117360,496345664,16578740224.0,93286800.0,0.0,0.0,0.11427633
318,2,628382884,False,0.0,0,0,0,0.0,0.0,0.0,0.0,0.0,167117360,312782648,11878962176.0,81117904.0,0.0,0.0,0.0993694324
319,3,628385033,False,0.143146261572838,5680,2600,1280,0.0053442963972953,8.43115120350771e-06,0.00190642985068985,226.117383578258,2.80633872772217e-05,167117360,353,628672443648.0,2717171952.0,5180097.71875,22908.8875732422,3.3285356412
320,2,628378916,False,0.0,0,0,0,0.0,0.0,0.0,0.0,0.0,167117360,445,72141922304.0,448366496.0,0.0,0.0,0.5492489576
321,2,628378929,False,0.0,0,0,0,0.0,0.0,0.0,0.0,0.0,167117360,456,710765504.0,7937100.0,0.0,0.0,0.0097229475
322,3,628385064,False,0.0,0,0,0,0.0,0.0,0.0,0.0,0.0,167117360,366,57997832192.0,275702400.0,0.0,0.0,0.33773544
323,2,628379228,False,0.385562986135483,7180,7070,6260,0.107431165329294,0.00186251546256244,0.638050615787506,342.574676513672,0.00056413083671875,167117360,693,41121837056.0,247254304.0,157760768.0,460514.96875,0.3028865224
324,1,628380870,False,0.0,0,0,0,0.0,0.0,0.0,0.0,0.0,167117360,939,1279700480.0,9543600.0,0.0,0.0,0.01169091
325,1,628382498,False,0.0,0,0,0,0.0,0.0,0.0,0.0,0.0,167117360,287,479292288.0,3490200.0,0.0,0.0,0.004275495
326,3,628384642,False,0.0201577991247177,12430,4850,5670,0.000127583536342814,1.1512331657285e-05,0.0023128426446369,200.901321599202,6.69952772903442e-07,167117360,207,3908317184.0,47505600.0,109872.977539062,546.90022277832,0.05819436
327,2,628379356,False,0.179349601268768,6070,5250,6770,0.00630799317879596,3.3387346775271e-05,0.0153483236208558,459.704772949219,3.3123846875e-05,167117360,797,170776231936.0,809883904.0,12430360.0,27039.875,0.9921077824
328,1,628380297,False,0.593204915523529,7920,6140,5610,1.65669966330761,0.000444861933511101,0.153270602080979,344.535215389821,0.00869948086655031,167117360,1129,2583088873991.53,15963642872.0,2446757154.39717,7101617.03391862,19.5554625182
329,1,628381212,False,0.0,0,0,0,0.0,0.0,0.0,0.0,0.0,167117360,755,34192584704.0,174364192.0,0.0,0.0,0.2135961352
330,3,628384922,False,0.0,0,0,0,0.0,0.0,0.0,0.0,0.0,167117360,318,4305726976.0,15624000.0,0.0,0.0,0.0191394
331,2,628382510,False,0.0,0,0,0,0.0,0.0,0.0,0.0,0.0,167117360,312782566,17834407936.0,100518304.0,0.0,0.0,0.1231349224
332,3,628384138,False,0.798363447189331,7760,6880,5780,10.8052133095698,0.000115127365579447,0.0407698950348857,354.128619461471,0.0567391595033746,167117360,8,71165009341308.1,402316868749.0,16402416509.6606,46317681.2272446,492.838164217525
333,1,628381726,False,0.000549549760762602,7630,4350,5430,1.79961266751893e-07,1.29254233982579e-08,2.92483855446335e-06,226.285705566406,9.44993007183075e-10,167117360,609,8200439296.0,59682600.0,174.561965942383,0.771422863006592,0.073111185
334,3,628385538,False,0.0983312129974365,5870,4850,9330,0.00384975179554037,7.04720516265671e-07,0.000173565326263875,246.289588933215,2.02153974121094e-05,167117360,485,4540136947712.0,23416893440.0,4064360.75,16502.365234375,28.685694464
335,3,628386458,False,0.255339682102203,7230,270,6940,0.00612367266423733,1.23739356060651e-05,0.00271778566375423,219.637934952733,3.21559630604321e-05,167117360,894,320595809152.0,2121375656.0,5765444.34531403,26249.7657636181,2.5986851786
336,3,628384770,False,0.0,0,0,0,0.0,0.0,0.0,0.0,0.0,167117360,312782598,1740744448.0,14522400.0,0.0,0.0,0.01778994
337,3,628387190,False,0.156239345669746,8340,5780,5820,0.00246334374893961,0.000152653545670036,0.0409392149230471,268.18384560512,1.29352424499512e-05,167117360,606826659,13946939392.0,69172200.0,2831855.5625,10559.3815917969,0.084735945
338,2,628380045,False,0.0,0,0,0,0.0,0.0,0.0,0.0,0.0,167117360,1127,37177585664.0,315718208.0,0.0,0.0,0.3867548048
339,1,628382029,False,0.0,0,0,0,0.0,0.0,0.0,0.0,0.0,167117360,461,1928322432.0,15149700.0,0.0,0.0,0.0185583825
340,2,628379618,False,0.0,0,0,0,0.0,0.0,0.0,0.0,0.0,167117360,877,14482088669.1934,229729500.0,0.0,0.0,0.2814186375
341,1,628381937,False,0.398544877767563,7610,5870,5650,0.0135115404692898,0.000505288480781019,0.156014680862427,308.763580322266,7.09503299804687e-05,167117360,525,16540661760.0,114624896.0,17883166.0,57918.63671875,0.1404154976
342,2,628379900,False,0.0,0,0,0,0.0,0.0,0.0,0.0,0.0,167117360,1043,14320677888.0,226609200.0,0.0,0.0,0.27759627
343,2,628379955,False,0.0,0,0,0,0.0,0.0,0.0,0.0,0.0,167117360,1070,135603011584.0,543617088.0,0.0,0.0,0.6659309328
344,2,628380038,False,0.0997548401355743,12920,7180,7330,0.00248553616632017,2.72553770628292e-05,0.00614078901708126,225.305587768555,1.30517768554687e-05,167117360,1123,1353664128.0,390914112.0,2400521.0,10654.51171875,0.4788697872
345,2,628379999,False,0.798363447189331,7760,6880,5780,5.5906098389747,0.00352146057412028,1.42516767978668,404.709259033203,0.0293568016,167117360,1097,1117742050608.0,6805339648.0,9698750464.0,23964736.0,8.3365410688
346,3,628387421,False,0.0,0,0,0,0.0,0.0,0.0,0.0,0.0,167117360,1058,138879414272.0,635790592.0,0.0,0.0,0.7788434752
347,2,628378877,False,0.00054084463045001,10520,6550,8180,2.93685701049347e-07,1.11833733384969e-08,2.60797196460771e-06,233.200836181641,1.54217037260532e-09,167117360,413,1078874624.0,112570200.0,293.579925537109,1.2589145898819,0.137898495
348,2,628379053,False,0.0,0,0,0,0.0,0.0,0.0,0.0,0.0,167117360,575,23666728960.0,162421200.0,0.0,0.0,0.19896597
349,2,628381796,False,0.621113538742065,7820,6290,6060,0.0786974776658888,0.00587352085858583,2.17056369781494,369.550689697266,0.000413247625,167117360,606826651,11076339712.0,57434884.0,124666080.0,337345.0,0.0703577329
350,3,628386050,False,0.494231253862381,8030,6200,4120,0.115526052311956,8.34051408772324e-05,0.0215524565747364,258.40681219471,0.000606637825753784,167117360,726,889947873280.0,5937458368.0,127966813.640625,495214.551635742,7.2733865008
351,2,628379704,False,0.058334331959486,8390,5140,6540,0.000107200696186594,1.48429060656832e-06,0.000603361030956598,406.497911046926,5.62920622253418e-07,167117360,932,21348121280.0,309593712.0,186796.78125,459.527038574219,0.3792522972
352,2,628379315,False,0.0709585323929787,4950,6570,5760,0.000456373169712401,0.000501767615787685,0.117135554552078,233.445831298828,2.39645709228516e-06,167117360,763,200886176.0,3898800.0,456688.09375,1956.29150390625,0.00477603
353,1,628380719,False,0.153445348143578,11920,4960,2790,0.00598680869346864,1.1678574992402e-05,0.00287377811037004,246.072662353516,3.14372778808594e-05,167117360,1025,432197337088.0,2197449984.0,6314983.5,25663.083984375,2.6918762304
354,2,628379734,False,0.00307793379761279,2130,3700,5850,5.69140939588692e-06,4.03747117161402e-06,0.000486156524857506,120.411140441895,2.98861092567444e-08,167117360,949,90912000.0,6042600.0,2937.6494140625,24.3968238830566,0.007402185
355,1,628381372,False,0.0,0,0,0,0.0,0.0,0.0,0.0,0.0,167117360,649,1375804800.0,10012500.0,0.0,0.0,0.0122653125
356,3,628384817,False,0.0,0,0,0,0.0,0.0,0.0,0.0,0.0,167117360,312782578,9259357952.0,66736800.0,0.0,0.0,0.08175258
357,2,628378904,False,0.0,0,0,0,0.0,0.0,0.0,0.0,0.0,167117360,437,145038606336.0,831773696.0,0.0,0.0,1.0189227776
358,1,628383813,False,0.307765305042267,4610,5160,1670,0.0243587459627181,2.93936095452436e-05,0.00762391345387275,259.373162120078,0.000127909994267005,167117360,95,641873172640.0,3552347720.0,27082791.5753422,104416.321850616,4.351625957
359,3,628386216,False,0.20295162498951,9890,3520,5240,0.0115617794113619,1.17319933202776e-05,0.0041527691213213,353.969611808732,6.071195703125e-05,167117360,795,621161812224.0,4224412672.0,17543010.5,49560.78125,5.1749055232
360,1,628380946,False,0.0,0,0,0,0.0,0.0,0.0,0.0,0.0,167117360,906,26665316352.0,185507104.0,0.0,0.0,0.2272462024
361,1,628381973,False,0.137421384453773,3650,1960,3090,0.00680174466417133,2.64993965474682e-06,0.000656760513564274,247.839799818771,3.57165809082031e-05,167117360,500,2188678911488.0,11002662844.0,7226114.5,29156.392578125,13.4782619839
362,3,628386978,False,0.430575639009476,8580,5810,4660,0.0455126549239778,0.000244739858167082,0.0589639650181679,240.925060019908,0.000238991097460937,167117360,924,17424888832.0,797151616.0,47003220.0,195094.7734375,0.9765107296
363,1,628383935,False,0.00732320221140981,7840,5860,4890,1.75449862538128e-06,3.38703472380075e-07,7.26857615518384e-05,214.599990844727,9.21303212642669e-09,167117360,54,3314453760.0,22204800.0,1613.97277832031,7.52084255218506,0.02720088
364,1,628382730,False,0.0,0,0,0,0.0,0.0,0.0,0.0,0.0,167117360,231,2477873152.0,19378800.0,0.0,0.0,0.02373903
365,3,628387384,False,0.0,0,0,0,0.0,0.0,0.0,0.0,0.0,167117360,1047,332116131840.0,1153443584.0,0.0,0.0,1.4129683904
366,3,628387684,False,0.0,0,0,0,0.0,0.0,0.0,0.0,0.0,167117360,943,738362097664.0,3320362752.0,0.0,0.0,4.0674443712
367,2,628379626,False,0.0,0,0,0,0.0,0.0,0.0,0.0,0.0,167117360,882,8592101376.0,82704600.0,0.0,0.0,0.101313135
368,1,628380936,False,0.0,0,0,0,0.0,0.0,0.0,0.0,0.0,167117360,910,11803193344.0,84020400.0,0.0,0.0,0.10292499
369,3,628385050,False,0.123780213296413,6220,450,4400,0.00253482478844756,8.61319831932531e-06,0.00214109414949067,248.582938661325,1.33105959007263e-05,167117360,361,265982610816.0,1261528200.0,2701050.6484375,10865.7925720215,1.545372045
370,3,628386305,False,0.680986046791077,7270,6550,5960,0.332955437412236,0.00421694178018065,1.51158801801386,358.455984647032,0.0017483793359375,167117360,830,52369414144.0,338455808.0,511605744.0,1427248.4375,0.4146083648
371,2,628378114,False,0.0,0,0,0,0.0,0.0,0.0,0.0,0.0,167117360,28,62637060096.0,471904192.0,0.0,0.0,0.5780826352
372,1,628378396,False,0.0,0,0,0,0.0,0.0,0.0,0.0,0.0,167117360,589508451,2391127040.0,46185300.0,0.0,0.0,0.0565769925
373,3,628384934,False,0.0,0,0,0,0.0,0.0,0.0,0.0,0.0,167117360,321,5185265152.0,24174000.0,0.0,0.0,0.02961315
374,1,628380964,False,0.0186217948794365,5040,5220,5040,7.29914749029928e-05,9.1472094254641e-07,0.000264924630755559,289.623443603516,3.83284884643555e-07,167117360,900,8796449792.0,342055808.0,90619.0078125,312.885620117188,0.4190183648
375,3,628385568,False,0.0,0,0,0,0.0,0.0,0.0,0.0,0.0,167117360,501,18007257088.0,88936200.0,0.0,0.0,0.108946845
376,3,628384406,False,0.0,0,0,0,0.0,0.0,0.0,0.0,0.0,167117360,121,3841668864.0,34416000.0,0.0,0.0,0.0421596
377,3,628384979,False,0.0,0,0,0,0.0,0.0,0.0,0.0,0.0,167117360,334,117249544192.0,645989376.0,0.0,0.0,0.7913369856
378,1,628381273,False,0.010466898791492,13160,5640,5290,1.74000628997705e-05,4.97560449730372e-07,0.000158721799380146,319.0,9.13693155288696e-08,167117360,711,21923534848.0,149905792.0,23793.31640625,74.5871963500977,0.1836345952
379,2,628379249,False,0.0,0,0,0,0.0,0.0,0.0,0.0,0.0,167117360,706,4480522752.0,26156700.0,0.0,0.0,0.0320419575
380,2,628379308,False,0.0,0,0,0,0.0,0.0,0.0,0.0,0.0,167117360,755,27771078656.0,174364192.0,0.0,0.0,0.2135961352
381,3,628386347,False,0.224418714642525,9750,3940,8410,0.00894583109073862,4.56738604414297e-05,0.0110220875177011,241.321565796597,4.69753740722656e-05,167117360,843,137746972672.0,839588416.0,9254017.0,38347.244140625,1.0284958096
382,2,628380249,False,0.0,0,0,0,0.0,0.0,0.0,0.0,0.0,167117360,312782590,11393564672.0,66575700.0,0.0,0.0,0.0815552325
383,1,628380301,False,0.0,0,0,0,0.0,0.0,0.0,0.0,0.0,167117360,1127,50559778816.0,315718208.0,0.0,0.0,0.3867548048
384,1,628381358,False,0.00480947643518448,3790,3840,1990,3.27175318654321e-06,2.08155981340497e-08,4.23977144237142e-06,203.682418823242,1.71802740573883e-08,167117360,657,163197353984.0,673759808.0,2856.58764648438,14.0247135162354,0.8253557648
385,1,628382600,False,0.161311283707619,4670,4130,4860,0.00315554802477624,1.59726132551441e-05,0.0041584181599319,260.346771240234,1.65700701660156e-05,167117360,258,116210229248.0,846861312.0,3521603.5,13526.587890625,1.0374051072
386,2,628378587,False,0.0,0,0,0,0.0,0.0,0.0,0.0,0.0,167117360,249,5347741696.0,35722800.0,0.0,0.0,0.04376043
387,1,628382208,False,0.0118614416569471,6010,3650,5350,1.27799960937345e-05,8.80008812487176e-08,2.21410209633177e-05,251.599990844727,6.71089238166809e-08,167117360,362,104083431424.0,622525504.0,13783.3505859375,54.7827949523926,0.7625937424
388,2,628379034,False,0.0341225266456604,5090,2150,9590,0.000435035437170453,1.02492931546294e-05,0.00195112754590809,190.367034912109,2.28441071472168e-06,167117360,558,28426027008.0,181946704.0,355001.21875,1864.82507324219,0.2228847124
389,1,628380928,False,0.409155577421188,5560,5780,5170,0.00646694217573518,0.0052805352024734,3.40283894538879,644.411743164062,3.39585025390625e-05,167117360,914,985236224.0,5249700.0,17863884.0,27721.2265625,0.0064308825
390,2,628378627,False,0.395581960678101,5110,6380,5890,0.0354758676886438,0.00186515157110989,0.657599985599518,352.571868896484,0.00018628701328125,167117360,272,7968266240.0,81532800.0,53615968.0,152071.03125,0.09987768
391,3,628386954,False,0.127360254526138,9890,3960,1040,0.00618550565417206,4.61908185829458e-06,0.00107106502115606,231.878337300459,3.24806537239075e-05,167117360,918,807316787200.0,5740279168.0,6148212.22851562,26514.8193664551,7.0318419808
392,1,628381353,False,0.0,0,0,0,0.0,0.0,0.0,0.0,0.0,167117360,661,61860720640.0,412604096.0,0.0,0.0,0.5054400176
393,1,628381349,False,0.0846468210220337,7370,6490,3500,0.00170650145822979,1.25494261737913e-05,0.00331304059363902,263.999389648438,8.96099462890625e-06,167117360,663,91615158272.0,582902976.0,1931181.25,7315.09765625,0.7140561456
394,3,628384879,False,0.0,0,0,0,0.0,0.0,0.0,0.0,0.0,167117360,296,88224489472.0,452046592.0,0.0,0.0,0.5537570752
395,2,628379795,True,0.783102869987488,7740,6480,5950,0.041525450510268,0.087920717895031,36.6453437805176,416.799865722656,0.000218053923828125,167117360,980,404809632.0,2024587.625,74191712.0,178003.203125,0.002480119840625
396,1,628381992,False,0.0,0,0,0,0.0,0.0,0.0,0.0,0.0,167117360,483,9662593024.0,144012608.0,0.0,0.0,0.1764154448
397,1,628382110,False,0.0,0,0,0,0.0,0.0,0.0,0.0,0.0,167117360,412,66753429504.0,279534592.0,0.0,0.0,0.3424298752
398,3,628384330,False,0.447466254234314,5740,6560,6140,0.0898151811402204,0.000602003719487624,0.256708897460233,426.424105284138,0.000471627698828125,167117360,88,113187594240.0,639534592.0,164174220.0,385002.203125,0.7834298752
399,2,628378279,False,0.0,0,0,0,0.0,0.0,0.0,0.0,0.0,167117360,115,543250496.0,3266100.0,0.0,0.0,0.0040009725
400,2,628380094,False,0.0,0,0,0,0.0,0.0,0.0,0.0,0.0,167117360,929,1763313152.0,24082200.0,0.0,0.0,0.029500695
401,3,628384851,False,0.0,0,0,0,0.0,0.0,0.0,0.0,0.0,167117360,312782562,75116429312.0,319714208.0,0.0,0.0,0.3916499048
402,1,628383750,False,0.307765305042267,4610,5160,1670,0.00953866601020714,3.73212631815655e-05,0.00909921041268093,243.807675222938,5.00884042449419e-05,167117360,111,176181511040.0,1095581708.0,9968928.48537636,40888.4932611771,1.3420875923
403,3,628386035,False,0.010466898791492,13160,5640,5290,2.14334932034004e-05,2.46138546059405e-07,7.42799890691954e-05,301.781213297929,1.12549225521088e-07,167117360,720,59061403136.0,373273184.0,27726.7280273438,91.8769187927246,0.4572596504
404,1,628381365,False,0.0,0,0,0,0.0,0.0,0.0,0.0,0.0,167117360,654,75038507008.0,246657600.0,0.0,0.0,0.30215556
405,2,628378660,False,0.00660148123279214,6400,7050,7490,7.62876272265379e-06,2.91169089905452e-06,0.000841478642541915,288.999969482422,4.00593280792236e-08,167117360,292,1708540544.0,11231100.0,9450.73046875,32.7014923095703,0.0137580975
406,1,628380652,False,0.18589574098587,8970,3420,3350,0.000723550845400668,3.98197043978143e-05,0.0109563628211617,275.149261474609,3.79943140869141e-06,167117360,1072,13415003136.0,77890496.0,853396.5625,3101.57666015625,0.0954158576
407,3,628387024,False,0.0,0,0,0,0.0,0.0,0.0,0.0,0.0,167117360,182305701,46428166144.0,169136992.0,0.0,0.0,0.2071928152
408,2,628379020,False,0.00267777079716325,10280,3700,9680,4.51074656947697e-06,3.4225948297717e-08,6.63144192003529e-06,193.754791259766,2.36863411903381e-08,167117360,543,86712393728.0,564945280.0,3746.40185546875,19.3357887268066,0.692057968
409,3,628387770,False,0.0,0,0,0,0.0,0.0,0.0,0.0,0.0,167117360,549009227,5864879104.0,40053600.0,0.0,0.0,0.04906566
410,3,628385778,False,0.0,0,0,0,0.0,0.0,0.0,0.0,0.0,167117360,587,14096199680.0,83134800.0,0.0,0.0,0.10184013
411,2,628379347,False,0.155893385410309,7240,7450,9110,0.00650721570674392,5.20189132657833e-05,0.0121796345338225,234.138580322266,3.41699825195312e-05,167117360,788,81947148288.0,536225408.0,6531029.5,27893.86328125,0.6568761248
412,2,628382676,False,0.0,0,0,0,0.0,0.0,0.0,0.0,0.0,167117360,312782608,22917226496.0,124375504.0,0.0,0.0,0.1523599924
413,1,628381198,False,0.0,0,0,0,0.0,0.0,0.0,0.0,0.0,167117360,767,432716152832.0,2035374336.0,0.0,0.0,2.4933335616
414,1,628382372,False,0.324596226215363,6270,1760,1650,0.0358390575560357,1.40479762740804e-05,0.00311415361246735,221.679874147652,0.000188194156363535,167117360,322,2582343214208.0,10935944064.0,34056209.7126465,153627.882745743,13.3965314784
415,2,628384045,False,0.342620640993118,6600,6310,6830,0.00832271768851887,0.000370030174963176,0.245516657829285,663.50439453125,4.3703348828125e-05,167117360,576073704,18113705984.0,96414304.0,23671318.0,35676.203125,0.1181075224
416,1,628382144,False,0.203717604279518,5630,6920,4950,0.00381715046559387,0.000774536048993468,0.244000107049942,315.027435302734,2.00442048583984e-05,167117360,390,2290848768.0,21125700.0,5154673.0,16362.6162109375,0.0258789825
417,3,628387565,False,0.172474190592766,6320,4140,4980,0.00282189323775006,0.000120478850240176,0.0412534314817834,342.412227536568,1.48180184815407e-05,167117360,1113,17257456128.0,100402200.0,4141935.27832031,12096.3416175842,0.122992695
418,1,628383675,True,0.707801640033722,7660,6980,5660,0.0084149344606415,0.148815020918846,189.822662353516,1275.56115722656,4.41875875e-05,167117360,126,76140736.0,242391.53125,46011404.0,36071.5,0.00029692962578125
419,2,628382588,False,0.0,0,0,0,0.0,0.0,0.0,0.0,0.0,167117360,312782586,4329391616.0,25765200.0,0.0,0.0,0.03156237
420,3,628387725,False,0.0,0,0,0,0.0,0.0,0.0,0.0,0.0,167117360,298,57052035072.0,327848384.0,0.0,0.0,0.4016142704
421,2,628379030,False,0.0,0,0,0,0.0,0.0,0.0,0.0,0.0,167117360,556,10697001984.0,63430200.0,0.0,0.0,0.077701995
422,1,628380961,False,0.154886230826378,12480,6080,3150,0.00225126441222315,9.01965176791855e-06,0.00234075409957209,259.517125472379,1.182159453125e-05,167117360,901,1738769568.0,1069917276.0,2504413.25,9650.28125,1.3106486631
423,3,628384653,False,0.235727667808533,8150,6040,4910,0.00722212009067191,0.000444168631908397,0.121362920303703,273.23613507388,3.79240105712891e-05,167117360,210,8624887296.0,69699600.0,8458947.0,30958.3759765625,0.08538201
424,2,628379607,False,0.0847863107919693,10430,7090,7190,0.00261232762128894,8.75677578733303e-05,0.0162602216005325,185.687316894531,1.37175703369141e-05,167117360,866,1896396544.0,127878304.0,2079329.625,11198.0166015625,0.1566509224
425,1,628380830,False,0.0295409541577101,12750,7190,4180,0.000775441973321793,1.4403005479835e-05,0.0038403607904911,266.636077880859,4.07191644897461e-06,167117360,955,25160615936.0,230786096.0,886301.875,3324.01342773438,0.2827129676
426,3,628386179,False,0.0845692753791809,7560,5930,3470,0.000516220871560796,2.54351128813062e-06,0.000960090656767641,377.466638834251,2.71072282714844e-06,167117360,780,144986202112.0,869992192.0,835271.375,2212.8349609375,1.0657404352
427,1,628381331,False,0.0449702106416225,8470,5510,5120,0.000170519136673609,5.11728721903637e-05,0.00640992308035493,125.260185241699,8.95411521911621e-07,167117360,673,585852992.0,14283900.0,91558.703125,730.948181152344,0.0174977775
428,3,628384938,False,0.324596226215363,6270,1760,1650,0.0553857799855052,1.08548909516007e-05,0.00252808192244261,232.897956664394,0.000290835776655436,167117360,322,4959268595968.0,21871888128.0,55293924.986084,237416.960535049,26.7930629568
429,1,628380713,False,0.0921381637454033,8620,2040,1200,0.000685597291216393,1.06677756759145e-05,0.00249912198839861,234.268329623867,3.60013383789062e-06,167117360,1027,60022663680.0,275491804.0,688487.625,2938.884765625,0.3374774599
430,2,628379656,False,0.168884247541428,4610,6750,6080,0.0038505168058194,3.17541420698869e-05,0.00839398596148118,264.343024699174,2.02194145507812e-05,167117360,904,84858327040.0,519795008.0,4363152.0,16505.64453125,0.6367488848
431,2,628378174,False,0.0,0,0,0,0.0,0.0,0.0,0.0,0.0,167117360,58,3311207936.0,19511100.0,0.0,0.0,0.0239010975
432,1,628380832,False,0.0,0,0,0,0.0,0.0,0.0,0.0,0.0,167117360,954,27647016960.0,133981200.0,0.0,0.0,0.16412697
433,1,628383028,False,0.0,0,0,0,0.0,0.0,0.0,0.0,0.0,167117360,158,1123839616.0,23607000.0,0.0,0.0,0.028918575
434,1,628382075,False,0.0,0,0,0,0.0,0.0,0.0,0.0,0.0,167117360,434,67061399552.0,437602496.0,0.0,0.0,0.5360630576
435,2,628378154,False,0.244069084525108,4050,3390,5750,0.00455546261490304,1.80169693522977e-05,0.00410623465768759,227.909288038164,2.392114921875e-05,167117360,48,216871421952.0,1083837596.0,4450491.5,19527.46875,1.3277010551
436,1,628382549,False,0.381517082452774,5130,6500,5530,0.0553444759032057,0.00290974811650813,1.08493590354919,372.862487792969,0.00029061888515625,167117360,272,8448688640.0,81532800.0,88457864.0,237239.90625,0.09987768
437,3,628384809,False,0.0423431918025017,6160,6680,3590,0.000233259063766545,7.42728556105047e-06,0.00152411214849902,205.204463457234,1.22486459503174e-06,167117360,268,26577049600.0,134623808.0,205181.78125,999.889465332031,0.1649141648
438,2,628378599,False,0.0,0,0,0,0.0,0.0,0.0,0.0,0.0,167117360,255,43873595392.0,187021792.0,0.0,0.0,0.2291016952
439,2,628378224,False,0.447466254234314,5740,6560,6140,0.0646530152712724,0.000866698799654841,0.39087587594986,450.993896484375,0.0003394988734375,167117360,88,58785169408.0,319767296.0,124989320.0,277141.9375,0.3917149376
440,1,628384065,False,0.237950548529625,4690,2820,5680,0.00323188434081772,0.000244937924435362,0.0602895133197308,246.142013549805,1.69709191162109e-05,167117360,19,6519708160.0,56560500.0,3410005.0,13853.8115234375,0.0692866125
441,1,628380187,False,0.0,0,0,0,0.0,0.0,0.0,0.0,0.0,167117360,549009227,2734171392.0,20026800.0,0.0,0.0,0.02453283
442,2,628378218,False,0.0561373345553875,12640,7070,5760,0.000630717941562839,1.17400913950405e-05,0.00283677759580314,241.631637573242,3.31195737304687e-06,167117360,83,35690487808.0,230291104.0,653284.625,2703.638671875,0.2821066024
443,3,628387752,False,0.122850924730301,8580,5870,5820,0.000910802261040014,6.33570178621416e-05,0.0136662919080538,215.702890842973,4.78270565185547e-06,167117360,607344838,14518931456.0,61623000.0,842157.90625,3904.24951171875,0.075488175
444,1,628382412,False,0.0,0,0,0,0.0,0.0,0.0,0.0,0.0,167117360,311,56114872320.0,320056192.0,0.0,0.0,0.3920688352
445,1,628378118,False,0.284386277198792,5520,6930,5180,0.00980949215627718,0.00186409091111273,0.816931486129761,438.24658203125,5.15105370117187e-05,167117360,576073699,2258075136.0,22557600.0,18428014.0,42049.41796875,0.02763306
446,3,628386176,False,0.0,0,0,0,0.0,0.0,0.0,0.0,0.0,167117360,778,292886118400.0,1397419264.0,0.0,0.0,1.7118385984
447,2,628378283,False,0.100134707987309,5720,7010,5720,0.00426701774458457,0.000130666565382853,0.0222771037369967,170.488174438477,2.24064989257812e-05,167117360,117,657677568.0,139982400.0,3118402.5,18291.01953125,0.17147844
448,1,628381058,False,0.0,0,0,0,0.0,0.0,0.0,0.0,0.0,167117360,847,82027610112.0,321251392.0,0.0,0.0,0.3935329552
449,2,628378998,False,0.254113554954529,10090,4340,7900,0.0698453936241252,1.29868894085826e-05,0.00325680987216158,250.776746432387,0.000366764525222778,167117360,528,5017398241280.0,23053989528.0,75082460.6875,299399.612426758,28.2411371718
450,2,628379284,False,0.616461992263794,7800,6290,5760,0.0853588901020256,0.0121288793161511,4.74423885345459,391.152282714844,0.00044822730859375,167117360,732,5534908416.0,30167654.0,143122560.0,365899.84375,0.03695537615
451,2,628378502,False,0.171287089586258,7680,6340,6730,0.00484804191242338,0.000596320198383182,0.159163177013397,266.908905029297,2.5457509765625e-05,167117360,210,4581068800.0,34849800.0,5546805.0,20781.640625,0.042691005
452,3,628387338,False,0.0,0,0,0,0.0,0.0,0.0,0.0,0.0,167117360,1031,35157130240.0,381220192.0,0.0,0.0,0.4669947352
453,2,628378702,False,0.20033472776413,4930,2460,9730,0.0195467224294695,7.66180562912091e-06,0.00194201023241787,253.466392443669,0.000102641620291901,167117360,322,2376925381760.0,10935944064.0,21237715.2734375,83789.0777893066,13.3965314784
454,2,628379288,False,0.24939201772213,5510,4590,6020,0.0034039664318786,0.000116660190149852,0.0454973826598223,389.999215682574,1.78745378540039e-05,167117360,737,10467699104.0,125076596.0,5690657.75,14591.4594726562,0.1532188301
455,3,628384650,False,0.0261844154447317,10820,4950,3830,0.000206794332801923,3.42509039577024e-06,0.000682249276077321,199.191611678294,1.08589588165283e-06,167117360,209,32110007296.0,258809408.0,176572.53125,886.445617675781,0.3170415248
456,3,628385297,False,0.125537440180779,13090,6680,3760,0.00763602689436942,4.58454703663332e-06,0.00127067468328602,277.164717284511,4.00974729067087e-05,167117360,386,1129685368576.0,7139774264.0,9072330.40164185,32732.630944252,8.7462234734
457,3,628387690,False,0.0,0,0,0,0.0,0.0,0.0,0.0,0.0,167117360,182305713,2084665344.0,22109400.0,0.0,0.0,0.027084015
458,2,628379100,False,0.114811256527901,11670,5220,8080,0.00322587845197509,1.8860477908991e-05,0.00529071158838044,280.518426622598,1.69393816467285e-05,167117360,607,109759356928.0,733176896.0,3879027.5,13828.0666503906,0.8981416976
459,3,628385880,False,0.00912576075643301,7840,2770,5860,3.79414122375162e-06,6.23769246589124e-08,1.37399351033579e-05,220.272723903754,1.99233812332153e-08,167117360,634,35178970112.0,260737200.0,3582.51220703125,16.2639846801758,0.31940307
460,2,628378643,False,0.0,0,0,0,0.0,0.0,0.0,0.0,0.0,167117360,281,9644477440.0,61217100.0,0.0,0.0,0.0749909475
461,2,628378874,False,0.0,0,0,0,0.0,0.0,0.0,0.0,0.0,167117360,412,63326973952.0,279534592.0,0.0,0.0,0.3424298752
462,3,628384448,False,0.0,0,0,0,0.0,0.0,0.0,0.0,0.0,167117360,135,5704877952.0,38779200.0,0.0,0.0,0.04750452
463,2,628378275,False,0.0,0,0,0,0.0,0.0,0.0,0.0,0.0,167117360,114,22651209728.0,151872304.0,0.0,0.0,0.1860435724
464,1,628380965,False,0.0385484620928764,10650,3950,5380,8.7938186445289e-05,1.54718611611315e-06,0.000511089107021689,330.334594726562,4.6177142868042e-07,167117360,898,45146939392.0,243639904.0,124521.6953125,376.956268310547,0.2984588824
465,3,628387599,True,0.920122146606445,7670,6970,5720,0.982257619391045,0.114924205287564,154.341389358367,1342.9841778951,0.00515792424853594,167117360,1129,11886207464.4658,36637629.0915604,5654702576.78796,4210550.40696812,0.0448810956371614
466,2,628378805,False,0.365291476249695,6030,6060,5920,0.0291707778127055,0.00253998790867627,0.928681969642639,365.624572753906,0.000153178411914062,167117360,347,6511751680.0,49230000.0,45719012.0,125043.6015625,0.06030675
467,3,628384663,False,0.0,0,0,0,0.0,0.0,0.0,0.0,0.0,167117360,214,95064571904.0,708989376.0,0.0,0.0,0.8685119856
468,3,628386027,False,0.227159053087234,2540,4150,5800,0.0111319285534205,8.97996048716437e-06,0.00210341714452034,234.234565678422,5.84547710144043e-05,167117360,714,1022480402456.0,5313851936.0,11177247.265625,47718.1804199219,6.5094686216
469,1,628381734,False,0.0839552879333496,10920,6450,3170,0.00151200961214505,8.84014209232955e-06,0.00235221377320754,266.083253938703,7.93970022583008e-06,167117360,607,113807900672.0,733176896.0,1724588.79296875,6481.38793945312,0.8981416976
470,2,628378990,False,0.362017929553986,5160,5820,5790,0.0488964680736024,0.000838437932543457,0.396136462688446,472.469635009766,0.00025675980859375,167117360,523,44400164864.0,249988496.0,99029560.0,209599.84375,0.3062359076
471,3,628385743,False,0.0,0,0,0,0.0,0.0,0.0,0.0,0.0,167117360,573,33717739520.0,161175600.0,0.0,0.0,0.19744011
472,3,628385491,True,0.885656118392944,7730,6480,5950,0.180507682811825,0.0545508333234706,25.4009284546501,465.637771361439,0.000947862287695312,167117360,467,2783154304.0,14184295.375,360294272.0,773765.1328125,0.017375761834375
473,2,628378221,False,0.0,0,0,0,0.0,0.0,0.0,0.0,0.0,167117360,84,32421107712.0,209311200.0,0.0,0.0,0.25640622
474,3,628387773,False,0.168212473392487,8340,6260,5580,0.00464813593276694,0.000584470688240315,0.149694494312148,256.119763273054,2.44077852539062e-05,167117360,606826655,4034584064.0,34090200.0,5103115.25,19924.72265625,0.041760495
475,3,628387445,False,0.732387006282806,9170,6880,5700,1.21442715506354,0.000121327549267217,0.0296839455760913,244.659566235151,0.00637706763228376,167117360,1065,5867064710720.0,42906739048.0,1273641306.74838,5205769.49574184,52.5607553338
476,3,628384681,False,0.0430828183889389,10050,2480,1510,0.00112839970141932,4.19091697026923e-06,0.000904162959205527,215.743467508363,5.92532963562012e-06,167117360,312782628,170838800768.0,1154163592.0,1043551.96875,4837.00378417969,1.4138504002
477,2,628378559,False,0.0231918673962355,12730,7250,7080,0.000502844183859377,8.40741046950669e-06,0.00208456883519629,247.944220489404,2.64048062133789e-06,167117360,235,28808176896.0,256380296.0,534442.375,2155.49438476562,0.3140658626
478,1,628384060,False,0.0108001073822379,9600,5010,1160,1.07814578206587e-05,6.40120063621907e-08,1.46099937410327e-05,228.238327026367,5.66144172668457e-08,167117360,20,92088868864.0,721987200.0,10548.228515625,46.2158508300781,0.88443432
479,3,628387681,False,0.194894030690193,4850,4320,6130,0.00702105566036958,1.77694338854743e-05,0.00584190076922536,328.761220356089,3.68682029296875e-05,167117360,258,228712955904.0,1693722624.0,9894559.5,30096.4921875,2.0748102144
480,2,628379934,False,0.0,0,0,0,0.0,0.0,0.0,0.0,0.0,167117360,1058,68581601280.0,317895296.0,0.0,0.0,0.3894217376
481,3,628385390,False,0.0,0,0,0,0.0,0.0,0.0,0.0,0.0,167117360,430,154042081280.0,911673024.0,0.0,0.0,1.1167994544
482,1,628382336,False,0.0,0,0,0,0.0,0.0,0.0,0.0,0.0,167117360,330,906312640.0,13954500.0,0.0,0.0,0.0170942625
483,1,628378658,False,0.0,0,0,0,0.0,0.0,0.0,0.0,0.0,167117360,312782558,17729183744.0,69660000.0,0.0,0.0,0.0853335
484,1,628380727,False,0.0889949426054955,7850,3390,550,0.000786964684355326,4.12296152235848e-06,0.00124834620489838,302.779009245829,4.13242325439453e-06,167117360,1018,167267747840.0,818199908.0,1021396.75,3373.40673828125,1.0022948873
485,2,628379852,False,0.0378316827118397,7020,3130,8090,4.6564817893965e-05,8.47274070110834e-07,0.000212996772572278,251.390642161887,2.44516101074219e-07,167117360,1014,30797529344.0,235584904.0,50178.82421875,199.60498046875,0.2885915074
486,3,628384567,False,0.0,0,0,0,0.0,0.0,0.0,0.0,0.0,167117360,177,5593372160.0,26992800.0,0.0,0.0,0.03306618
487,1,628380762,False,0.0,0,0,0,0.0,0.0,0.0,0.0,0.0,167117360,989,36316651520.0,225916192.0,0.0,0.0,0.2767473352
488,2,628379048,False,0.303926229476929,6120,5320,5880,0.0213919466652725,0.000171809064396849,0.09659986105059,562.251249022932,0.000112331060864258,167117360,571,92401193984.0,533725188.0,51557779.0,91698.8251953125,0.6538133553
489,1,628381329,False,0.129171460866928,4350,5010,3060,0.000258627466997868,1.46707552630687e-05,0.00476091960445046,324.517700195312,1.35807639160156e-06,167117360,675,12886324224.0,75567600.0,359771.28125,1108.6337890625,0.09257031
490,2,628380192,False,0.0,0,0,0,0.0,0.0,0.0,0.0,0.0,167117360,607344830,1608626944.0,9781200.0,0.0,0.0,0.01198197
491,3,628385270,False,0.0,0,0,0,0.0,0.0,0.0,0.0,0.0,167117360,372,5089132032.0,48121200.0,0.0,0.0,0.05894847
492,2,628379615,False,0.277444154024124,4650,3890,10030,0.0246601386946518,0.000189737576874904,0.0421815402805805,222.315155029297,0.000129492634960937,167117360,873,85609955328.0,557128832.0,23500552.0,105708.2734375,0.6824828192
493,3,628387180,False,0.151389688253403,10600,3040,6600,0.00546370631751803,1.94832947070862e-05,0.00530427810105146,272.247491032524,2.86904196472168e-05,167117360,976,258908733440.0,1202093952.0,6376240.625,23420.7507324219,1.4725650912
494,2,628378988,False,0.00238992786034942,12090,3760,6670,1.30180564288909e-06,6.95872475822231e-09,1.78641594710212e-06,256.715994549335,6.83590003252029e-09,167117360,519,168203873280.0,801917988.0,1432.55908203125,5.58032655715942,0.9823495353
495,3,628386422,False,0.0,0,0,0,0.0,0.0,0.0,0.0,0.0,167117360,877,29961006578.3359,459459000.0,0.0,0.0,0.562837275
496,3,628384745,False,0.0,0,0,0,0.0,0.0,0.0,0.0,0.0,167117360,312782608,52544497664.0,248751008.0,0.0,0.0,0.3047199848
497,3,628385413,False,0.0,0,0,0,0.0,0.0,0.0,0.0,0.0,167117360,440,61684914176.0,432792000.0,0.0,0.0,0.5301702
498,1,628382695,False,0.0,0,0,0,0.0,0.0,0.0,0.0,0.0,167117360,237,372719040.0,4190400.0,0.0,0.0,0.00513324
499,3,628386924,False,0.0,0,0,0,0.0,0.0,0.0,0.0,0.0,167117360,910,23760966656.0,168040800.0,0.0,0.0,0.20584998
500,1,628380670,False,0.346294224262238,7710,5960,5400,0.0052219187019371,0.0003663384122774,0.107739336788654,294.097839355469,2.74207708496094e-05,167117360,606826651,11054174208.0,61102800.0,6583175.0,22384.302734375,0.07485093
501,2,628379684,False,0.0215967353433371,5250,1570,9060,0.00015029113036616,1.13412446541725e-06,0.000282491557318604,249.083381879673,7.89192417907715e-07,167117360,182305689,124364286976.0,568049388.0,160469.15625,644.238708496094,0.6958605003
502,2,628379224,False,0.236718788743019,5460,6700,6570,0.00472048840879965,0.000687286024913192,0.211042359471321,307.066284179688,2.47877146972656e-05,167117360,689,3040624640.0,29441700.0,6213446.0,20234.869140625,0.0360660825
503,1,628381835,False,0.0,0,0,0,0.0,0.0,0.0,0.0,0.0,167117360,576,443239232.0,2532600.0,0.0,0.0,0.003102435
504,3,628385441,False,0.0951017215847969,2760,4250,4120,0.00135247227719344,1.7158694638943e-05,0.00471280731915257,274.660014547755,7.10195514526367e-06,167117360,448,68287332352.0,337876192.0,1592345.390625,5797.51440429688,0.4138983352
505,2,628378256,False,0.108742147684097,4220,5020,9540,0.00229282482206253,5.86389725873545e-06,0.00126330127173412,215.43714290904,1.20398320297003e-05,167117360,104,318346277888.0,1676092516.0,2117409.80700684,9828.43430995941,2.0532133321
506,2,628378996,False,0.0188964810222387,7290,2520,10520,9.51814503675578e-05,4.60481305708527e-06,0.001040582312271,225.977127075195,4.99806467437744e-07,167117360,527,10554146816.0,88604096.0,92199.859375,408.005279541016,0.1085400176
507,2,628378693,False,0.00852969940751791,5810,4890,9330,1.18732906130981e-05,2.59565297255904e-07,6.43185776425526e-05,247.793441772461,6.23477307319641e-08,167117360,314,31202273280.0,196082096.0,12611.7216796875,50.8961067199707,0.2402005676
508,2,628378940,True,0.885656118392944,7730,6480,5950,0.169276628416007,0.0539883938755576,24.8770370669084,460.784907294142,0.000888886997851562,167117360,467,2637768672.0,13440333.875,334355684.0,725622.0390625,0.016464408996875
509,2,628379759,False,0.0,0,0,0,0.0,0.0,0.0,0.0,0.0,167117360,962,317921558528.0,1711904384.0,0.0,0.0,2.0970828704
510,2,628379865,False,0.0,0,0,0,0.0,0.0,0.0,0.0,0.0,167117360,1021,158785847296.0,1069978496.0,0.0,0.0,1.3107236576
511,2,628380004,False,0.26407378911972,8740,5170,7900,0.0122119491841009,2.74335223825085e-05,0.0075854561648574,276.503179544084,6.41260577419728e-05,167117360,1099,86698161632.0,1908169192.0,14474333.7610474,52347.8022383451,2.3375072602
512,3,628384286,False,0.0,0,0,0,0.0,0.0,0.0,0.0,0.0,167117360,66,1885489088.0,16095600.0,0.0,0.0,0.01971711
513,2,628379373,False,0.0,0,0,0,0.0,0.0,0.0,0.0,0.0,167117360,810,29471356928.0,163526400.0,0.0,0.0,0.20031984
514,1,628380243,False,0.0,0,0,0,0.0,0.0,0.0,0.0,0.0,167117360,182305713,1188614144.0,11054700.0,0.0,0.0,0.0135420075
515,1,628380219,False,0.0,0,0,0,0.0,0.0,0.0,0.0,0.0,167117360,298,28708483072.0,163924192.0,0.0,0.0,0.2008071352
516,3,628385647,False,0.0,0,0,0,0.0,0.0,0.0,0.0,0.0,167117360,534,43864553472.0,233640000.0,0.0,0.0,0.286209
517,1,628384103,False,0.0270584207028151,7000,5890,4070,2.61688123932463e-05,1.18857926167948e-07,2.6738296583062e-05,224.960144042969,1.37414818000793e-07,167117360,6,21811308544.0,943776896.0,25234.986328125,112.175361633301,1.1561266976
518,2,628379368,False,0.0,0,0,0,0.0,0.0,0.0,0.0,0.0,167117360,805,14743537664.0,85792496.0,0.0,0.0,0.1050958076
519,3,628384939,False,0.367373734712601,9620,4650,6040,0.0302452255000374,6.76378338650041e-06,0.00248173310644708,366.914929801017,0.000158820434608382,167117360,323,2967157256144.0,19168167720.0,47570276.4206543,129649.334374189,23.481005457
520,1,628382829,False,0.0,0,0,0,0.0,0.0,0.0,0.0,0.0,167117360,211,52489916416.0,271941312.0,0.0,0.0,0.3331281072
521,1,628384068,False,0.0,0,0,0,0.0,0.0,0.0,0.0,0.0,167117360,17,196860346368.0,940414528.0,0.0,0.0,1.1520077968
522,3,628385282,False,0.220406651496887,10630,7130,5700,0.00183601329082937,3.91200409348602e-05,0.00941247700285366,240.604988592078,9.64107306113243e-06,167117360,379,18625576640.0,201182400.0,1893624.71337891,7870.26372337341,0.24644844
523,2,628379700,False,0.0725731253623962,7440,3400,6110,0.000116185437777817,2.27730788537883e-06,0.000740655290428549,325.232849121094,6.10100318908691e-07,167117360,930,32479430656.0,218697296.0,161979.3125,498.041076660156,0.2679041876
524,3,628387267,False,0.123780213296413,6220,450,4400,0.00253482478844756,5.87098952431514e-05,0.0145942782880411,248.582938661325,1.33105959007263e-05,167117360,1006,34391926784.0,185076000.0,2701050.6484375,10865.7925720215,0.2267181
525,1,628381997,False,0.209218218922615,9070,3410,3360,0.00205271667892871,7.93261860962957e-05,0.017105320468545,215.632705688477,1.07790022949219e-05,167117360,482,5318622720.0,110924096.0,1897392.125,8799.185546875,0.1358820176
526,2,628380084,False,0.0,0,0,0,0.0,0.0,0.0,0.0,0.0,167117360,526157192,29052532736.0,167212800.0,0.0,0.0,0.20483568
527,3,628387331,False,0.0,0,0,0,0.0,0.0,0.0,0.0,0.0,167117360,614454277,6095137536.0,37900800.0,0.0,0.0,0.04642848
528,2,628379339,False,0.0,0,0,0,0.0,0.0,0.0,0.0,0.0,167117360,781,2553504256.0,10564200.0,0.0,0.0,0.012941145
529,3,628384210,False,0.0,0,0,0,0.0,0.0,0.0,0.0,0.0,167117360,35,4879723520.0,29278800.0,0.0,0.0,0.03586653
530,2,628378909,False,0.0,0,0,0,0.0,0.0,0.0,0.0,0.0,167117360,441,980024832.0,10631700.0,0.0,0.0,0.0130238325
531,1,628381107,False,0.219986692070961,4680,6780,5230,0.00292919546834119,1.84671215977799e-05,0.0052994670075885,286.967678180318,1.53814722702026e-05,167117360,826,104776724480.0,679927504.0,3603253.375,12556.303894043,0.8329111924
532,3,628384948,False,0.403654038906097,11310,7210,4310,0.0235557515848985,0.000131010303482174,0.0280234842797085,213.902903320284,0.000123693397631836,167117360,326,22177475040.0,770734816.0,21598675.0,100974.202148438,0.9441501496
533,2,628378894,False,0.0419893823564053,13160,6610,7490,0.0010277603267357,5.8243895182386e-06,0.00156863569281995,269.321899414062,5.39686311035156e-06,167117360,429,120183701504.0,756405888.0,1186525.25,4405.6025390625,0.9265972128
534,1,628380819,False,0.0889949426054955,7850,3390,550,0.000786964684355326,2.62747853412293e-05,0.0079554533585906,302.779022216797,4.13242325439453e-06,167117360,959,21900597248.0,128389504.0,1021396.75,3373.40673828125,0.1572771424
535,2,628378797,False,0.119714938104153,10700,4050,6540,0.00183316752367079,2.5466994285983e-06,0.000647374174222609,254.20124846807,9.62612967851758e-06,167117360,339,610611644288.0,3085587940.0,1997529.94464874,7858.06504368782,3.7798452265
536,3,628386246,False,0.0138272801414132,4370,3690,9750,4.40182412317022e-05,9.76847041072494e-08,2.71748305554205e-05,278.189208881514,2.31143795013428e-07,167117360,806,423195721728.0,1931610624.0,52491.19140625,188.688812255859,2.3662230144
537,3,628386958,False,0.199697360396385,11860,5150,3460,0.0219364578812199,0.000226306170910828,0.0622602379714665,275.115069646064,0.000115190338867187,167117360,153,21369635840.0,415512000.0,25869876.0,94032.9296875,0.5090022
538,2,628379193,False,0.0,0,0,0,0.0,0.0,0.0,0.0,0.0,167117360,667,13964504064.0,104673600.0,0.0,0.0,0.12822516
539,2,628379987,False,0.0,0,0,0,0.0,0.0,0.0,0.0,0.0,167117360,1090,240056188928.0,983482176.0,0.0,0.0,1.2047656656
540,3,628385758,False,0.107902258634567,4360,5010,3060,0.00263648911999596,1.44422658486943e-05,0.00344344566548138,238.428353386993,1.38444445678711e-05,167117360,579,76454121472.0,782535616.0,2694618.875,11301.5874023438,0.9586061296
541,1,628381027,False,0.18589574098587,8970,3420,3350,0.00182492421661182,2.60208884819907e-06,0.000754762702536256,290.060311760159,9.58284332213998e-06,167117360,864,524192111872.0,3006326724.0,2269063.28291321,7822.72924256325,3.6827502369
542,1,628381191,False,0.0,0,0,0,0.0,0.0,0.0,0.0,0.0,167117360,772,97870839808.0,451152000.0,0.0,0.0,0.5526612
543,1,628380792,False,0.0,0,0,0,0.0,0.0,0.0,0.0,0.0,167117360,970,17415491584.0,107688600.0,0.0,0.0,0.131918535
544,3,628387374,False,0.0,0,0,0,0.0,0.0,0.0,0.0,0.0,167117360,1045,6562326016.0,53416800.0,0.0,0.0,0.06543558
545,3,628384585,False,0.199870944023132,7270,3400,6280,0.000729903472076738,1.00849189471097e-05,0.00282308265150496,279.931119556896,3.83278963012695e-06,167117360,186,39794214912.0,310246208.0,875850.6875,3128.80786132812,0.3800516048
546,2,628379761,False,0.0,0,0,0,0.0,0.0,0.0,0.0,0.0,167117360,964,6559882752.0,42002100.0,0.0,0.0,0.0514525725
547,1,628381314,False,0.0,0,0,0,0.0,0.0,0.0,0.0,0.0,167117360,687,162788245504.0,755437504.0,0.0,0.0,0.9254109424
548,2,628379862,False,0.0,0,0,0,0.0,0.0,0.0,0.0,0.0,167117360,1020,93544914944.0,563678080.0,0.0,0.0,0.690505648
549,1,628382528,False,0.0,0,0,0,0.0,0.0,0.0,0.0,0.0,167117360,279,1340442496.0,15462900.0,0.0,0.0,0.0189420525
550,3,628384806,False,0.0,0,0,0,0.0,0.0,0.0,0.0,0.0,167117360,312782582,16699737600.0,105526800.0,0.0,0.0,0.12927033
551,2,628379372,False,0.378472089767456,5450,4510,6500,0.173013463509712,0.00122220322127808,0.429774186978185,351.638892367477,0.000908509459375,167117360,809,103792013504.0,606806104.0,260789600.0,741640.375,0.7433374774
552,1,628380257,False,0.0,0,0,0,0.0,0.0,0.0,0.0,0.0,167117360,182305697,36298117120.0,149164192.0,0.0,0.0,0.1827261352
553,2,628379275,False,0.159536808729172,10290,4000,7570,0.00155451911237241,2.13977659768716e-06,0.000597958685830235,279.449127197266,8.162921484375e-06,167117360,728,198306103296.0,3114161152.0,1862139.75,6663.609375,3.8148474112
554,2,628378424,False,0.0,0,0,0,0.0,0.0,0.0,0.0,0.0,167117360,606826663,696535168.0,7274700.0,0.0,0.0,0.0089115075
555,3,628387345,False,0.0,0,0,0,0.0,0.0,0.0,0.0,0.0,167117360,1035,287190548480.0,1050447616.0,0.0,0.0,1.2867983296
556,2,628379440,False,0.0,0,0,0,0.0,0.0,0.0,0.0,0.0,167117360,849,2810025472.0,23471100.0,0.0,0.0,0.0287520975
557,2,628378433,False,0.0612316727638245,2720,2460,5700,0.000530160438698463,9.64083392318571e-06,0.00265467609278858,275.357513427734,2.78392076416016e-06,167117360,171,39080169472.0,235725296.0,625774.3125,2272.58837890625,0.2887634876
558,2,628378311,False,0.798363447189331,7760,6880,5780,0.845097405387961,0.0988614857196808,62.2080726623535,629.244750976562,0.00443768346875,167117360,126,6562814464.0,36643176.0,2279501312.0,3622598.75,0.0448878906
559,3,628385643,False,0.0142811443656683,8010,310,3890,3.20742320549084e-05,1.45663066050425e-07,3.28675627196602e-05,225.641019448831,1.68424714660645e-07,167117360,533,173378944256.0,943887608.0,31023.28515625,137.489562988281,1.1562623198
560,2,628382661,False,0.0508709289133549,7780,1020,9160,0.000232299170080553,1.29602485685609e-05,0.00271525490097702,209.506393432617,1.21982410583496e-06,167117360,312782604,10776095744.0,76833000.0,208621.1875,995.774780273438,0.094120425
561,1,628380777,False,0.501034498214722,7720,6330,5300,0.0257927220602732,0.00185837701428682,0.710617423057556,382.386047363281,0.000135439933398437,167117360,980,9824540672.0,59494500.0,42277828.0,110563.2109375,0.0728807625
562,1,628381758,False,0.0,0,0,0,0.0,0.0,0.0,0.0,0.0,167117360,599,19980402688.0,112306496.0,0.0,0.0,0.1375754576
563,3,628384597,False,0.0,0,0,0,0.0,0.0,0.0,0.0,0.0,167117360,189,15080998912.0,81624600.0,0.0,0.0,0.099990135
564,2,628378632,False,0.414029359817505,5430,4490,6290,0.0427875276405686,0.000114359670198732,0.0472891640239842,413.512595321463,0.000224681205821556,167117360,275,198144306688.0,1603827896.0,75843680.4401855,183413.229242086,1.9646891726
565,2,628378695,False,0.277444154024124,4650,3890,10030,0.0959875252418826,7.41675401487825e-06,0.00173729792601201,234.239658282711,0.000504039240040713,167117360,315,10421255358809.7,55477180892.0,96380391.3046646,411460.604114868,67.9595465927
566,2,628379392,False,0.224418714642525,9750,3940,8410,0.0371232625709808,1.91103009867442e-05,0.0049089066066765,256.872281084508,0.000194937633895206,167117360,822,1365922758656.0,8327067296.0,40876795.6635742,159132.762363434,10.2006574376
567,1,628382288,False,0.0800495594739914,8560,2060,4270,0.00148830194317069,2.06760029256072e-06,0.00047999155845239,232.149105501394,7.81520909614563e-06,167117360,339,619174021632.0,3085587940.0,1481056.1640625,6379.76252746582,3.7798452265
568,3,628384915,False,0.00852969940751791,5810,4890,9330,1.18732906130981e-05,1.29782646550174e-07,3.2159289238951e-05,247.793446148581,6.23477307319641e-08,167117360,314,61209960448.0,392164192.0,12611.7216796875,50.8961067199707,0.4804011352
569,2,628379914,False,0.0,0,0,0,0.0,0.0,0.0,0.0,0.0,167117360,1046,9959103488.0,62379000.0,0.0,0.0,0.076414275
570,2,628378942,False,0.73309463262558,7800,6290,6060,1.86334644566718,0.00464972268135189,1.77602450011093,381.963532413197,0.00978460194738769,167117360,467,292221508000.0,1717829365.0,3050907039.25,7987430.16113281,2.104340972125
571,1,628380581,False,0.0,0,0,0,0.0,0.0,0.0,0.0,0.0,167117360,1117,240015542272.0,1557906264.0,0.0,0.0,1.9084351734
572,3,628385937,False,0.0,0,0,0,0.0,0.0,0.0,0.0,0.0,167117360,667,27926606848.0,209347200.0,0.0,0.0,0.25645032
573,3,628385595,False,0.0,0,0,0,0.0,0.0,0.0,0.0,0.0,167117360,514,855173120.0,20080800.0,0.0,0.0,0.02459898
574,3,628386235,False,0.546946108341217,5610,4800,4830,0.475506754775093,0.000241840295124039,0.0844944839895537,349.381330130353,0.002496929290625,167117360,803,1326030818368.0,8428329216.0,712147328.0,2038309.625,10.3247032896
575,2,628379843,False,0.123669669032097,8640,3990,8250,0.00215029482713465,1.44028173511652e-05,0.00294757706701827,204.652811679224,1.12913940410614e-05,167117360,1008,96300592640.0,639976492.0,1886380.03125,9217.46452331543,0.7839712027
576,3,628384184,False,0.0,0,0,0,0.0,0.0,0.0,0.0,0.0,167117360,26,188391481344.0,1075345152.0,0.0,0.0,1.3172978112
577,2,628379078,False,0.109457768499851,9850,790,7100,0.00226404860424763,1.70700786839006e-05,0.00385313085280359,225.724258422852,1.18887254882812e-05,167117360,593,72026071040.0,568543488.0,2190672.5,9705.08203125,0.6964657728
578,2,628379324,False,0.732387006282806,9170,6880,5700,0.218797948137341,0.000124736150610261,0.0349039100110531,279.821929931641,0.001148927959375,167117360,771,1040129944832.0,7519073792.0,262445088.0,937900.375,9.2108653952
579,3,628384578,False,0.303926229476929,6120,5320,5880,0.0179311276447493,0.00020144654777637,0.125098190686268,620.99942673201,9.41579848876953e-05,167117360,181,77428977664.0,381558592.0,47732289.5,76863.6611328125,0.4674092752
580,3,628387196,False,0.73309463262558,7800,6290,6060,0.249503255466849,0.00914399414445396,3.50914426860026,383.764929544344,0.00131016432558594,167117360,980,21138629728.0,116964412.0,410444996.0,1069521.8984375,0.1432814047
581,1,628382896,False,0.06993168592453,8780,4430,5660,0.000249347047111261,4.26707993028685e-05,0.0146868508309126,344.189758300781,1.3093440612793e-06,167117360,197,2318429184.0,25048800.0,367888.0,1068.85229492188,0.03068478
582,2,628379671,False,0.0453391000628471,11020,4210,6010,0.000399448818638438,3.12844495056197e-05,0.0085687693208456,273.898651123047,2.09754213867187e-06,167117360,912,11471292416.0,54732600.0,468991.0,1712.279296875,0.067047435
583,1,628380160,False,0.0741544365882874,8260,5510,5530,0.000383179279195079,4.5432971091941e-05,0.011870076879859,261.265686035156,2.01210930480957e-06,167117360,607344834,8773380096.0,36153000.0,429138.875,1642.53820800781,0.044287425
584,2,628379218,False,0.0,0,0,0,0.0,0.0,0.0,0.0,0.0,167117360,687,159307841536.0,755437504.0,0.0,0.0,0.9254109424
585,2,628379057,False,0.0,0,0,0,0.0,0.0,0.0,0.0,0.0,167117360,577,62683623424.0,235408496.0,0.0,0.0,0.2883754076
586,1,628380775,False,0.0,0,0,0,0.0,0.0,0.0,0.0,0.0,167117360,982,4057669120.0,27756000.0,0.0,0.0,0.0340011
587,3,628387348,False,0.377013474702835,9320,2090,3870,0.0214672801298404,9.42955738544468e-05,0.0258815247033392,274.472317685764,0.00011272664375,167117360,1037,173776568320.0,975886208.0,25257423.0,92021.75,1.1954606048
588,1,628382833,False,0.235727667808533,8150,6040,4910,0.00237407817824853,0.000292017037281767,0.0835626572370529,286.156799316406,1.24665008056641e-05,167117360,210,4043818496.0,34849800.0,2912142.0,10176.7353515625,0.042691005
589,2,628379222,False,0.549885332584381,6060,7040,7380,0.570837754306841,2.48450048737649e-05,0.00596124195730758,239.937242419395,0.00299752105434866,167117360,688,17421453706585.7,98488850180.0,587115866.019997,2446955.9627336,120.6488414705
590,2,628380131,False,0.567063987255096,7530,5980,6360,0.618516076365163,0.00103627867535867,0.342777708490178,330.777537588081,0.00324788426723633,167117360,290,442988213376.0,2558514576.0,877001763.5,2651334.09570312,3.1341803556
591,2,628378152,False,0.156141951680183,7650,5700,6060,0.000850645835286491,3.11180293862733e-05,0.00902804394672656,290.122611385828,4.4668187796399e-06,167117360,46,10694875904.0,117179100.0,1057898.06443787,3646.38267725706,0.1435443975
592,2,628378955,False,0.0239803586155176,7120,2710,5900,0.000191780194477012,5.70843030800461e-06,0.0012326065916568,215.92741394043,1.0070552734375e-06,167117360,483,11963334656.0,144012608.0,177510.890625,822.0859375,0.1764154448
593,2,628379430,False,0.0,0,0,0,0.0,0.0,0.0,0.0,0.0,167117360,844,227957522432.0,1294392576.0,0.0,0.0,1.5856309056
594,3,628384340,False,0.307765305042267,4610,5160,1670,0.0283532091966633,1.71068568504488e-05,0.00432125500938837,252.603680919619,0.000148885284626192,167117360,95,1314864666784.0,7104695440.0,30701200.7602787,121539.007858116,8.703251914
595,1,628382198,False,0.0,0,0,0,0.0,0.0,0.0,0.0,0.0,167117360,366,28706351104.0,137851200.0,0.0,0.0,0.16886772
596,3,628387082,False,0.621337115764618,7420,5940,6110,0.246808263222332,0.00166242169870437,0.642327458410982,386.380578953937,0.00129601267578125,167117360,946,109971623936.0,636402624.0,408778880.0,1057969.53125,0.7795932144
597,2,628378948,False,0.123669669032097,8640,3990,8250,0.00187048901422868,2.54597930431732e-05,0.00504247980422939,198.056590471048,9.82210822563171e-06,167117360,475,45122129920.0,314929800.0,1588027.15625,8018.04753112793,0.385789005
598,2,628382482,False,0.0,0,0,0,0.0,0.0,0.0,0.0,0.0,167117360,312782558,14929076224.0,69660000.0,0.0,0.0,0.0853335
599,1,628380646,False,0.18195641040802,6930,5390,5470,0.000444178283923573,2.79608557320898e-05,0.0108257532119751,387.175323486328,2.33242063598633e-06,167117360,1077,14027921408.0,68095800.0,737188.3125,1904.01684570312,0.083417355
600,2,628378453,False,0.0749059319496155,1900,2890,6590,0.00076560391379537,7.48861377454482e-06,0.0015711691107378,209.807737191427,4.02025590209961e-06,167117360,184,60105046016.0,438244200.0,688555.75,3281.84155273438,0.536849145
601,3,628384161,False,0.296645641326904,4690,2810,5700,0.0122600308109609,0.000464581370211433,0.113411426702381,244.115313213628,6.43785387451172e-05,167117360,19,12475712512.0,113121000.0,12829214.0,52553.9091796875,0.138573225
602,2,628378165,False,0.0,0,0,0,0.0,0.0,0.0,0.0,0.0,167117360,52,84655489024.0,592686016.0,0.0,0.0,0.7260403696
603,2,628379262,False,0.0081239677965641,13150,5680,6230,4.03343030362996e-06,9.26384384613439e-08,2.10752434929467e-05,227.499986431021,2.1179909992218e-08,167117360,720,32200365568.0,186636592.0,3933.41162109375,17.289722442627,0.2286298252
604,1,628381324,False,0.0,0,0,0,0.0,0.0,0.0,0.0,0.0,167117360,678,16486139904.0,59628600.0,0.0,0.0,0.073045035
605,3,628387238,False,0.138278350234032,3870,4820,2050,0.00457525378166015,4.74195209170661e-05,0.0102289780005866,215.712386012429,2.40250744384766e-05,167117360,996,62392674304.0,413591392.0,4230617.25,19612.3056640625,0.5066494552
606,1,628382059,False,0.0,0,0,0,0.0,0.0,0.0,0.0,0.0,167117360,443,19758809088.0,429207296.0,0.0,0.0,0.5257789376
607,2,628378821,False,0.0,0,0,0,0.0,0.0,0.0,0.0,0.0,167117360,362,104691433472.0,622525504.0,0.0,0.0,0.7625937424
608,1,628383684,False,0.127254217863083,6170,6880,4760,0.006183497438116,8.44691312522627e-05,0.0201715566217899,238.80387878418,3.24701083984375e-05,167117360,125,6074299904.0,313797600.0,6329786.0,26506.2109375,0.38440206
609,3,628386173,False,0.178685590624809,4910,2850,4810,0.0108520381135306,6.62621652177782e-06,0.00195681619499521,295.314254909103,5.69850408149719e-05,167117360,776,381840988160.0,7020356264.0,13737546.8320312,46518.4006652832,8.5999364234
610,3,628387219,False,0.0385484620928764,10650,3950,5380,0.000101063105843773,8.30668687498797e-08,2.53874620797113e-05,305.626809602693,5.30691576194763e-07,167117360,987,796046627712.0,5215287632.0,132402.916992188,433.217613220215,6.3887273492
611,3,628384453,False,0.0823070704936981,13140,5950,5270,0.00275970213572771,4.73241193920263e-06,0.0012594545324239,266.133749260236,1.44914473388672e-05,167117360,136,389343985664.0,2499730176.0,3148296.5,11829.7529296875,3.0621694656
612,3,628384975,False,0.0,0,0,0,0.0,0.0,0.0,0.0,0.0,167117360,333,4806299392.0,33296400.0,0.0,0.0,0.04078809
613,1,628380651,False,0.428897798061371,10940,4160,2140,0.0628934402282343,1.93526689196211e-05,0.00481094413891501,248.5933159347,0.000330259184579468,167117360,1073,2756035739648.0,13930860672.0,67020592.5,269599.334350586,17.0653043232
614,2,628378129,False,0.0,0,0,0,0.0,0.0,0.0,0.0,0.0,167117360,35,2477090304.0,14639400.0,0.0,0.0,0.017933265
615,3,628387277,False,0.617005407810211,9490,6940,5760,0.897119897739436,9.18082878466618e-05,0.0226051658029776,246.221406946753,0.004710858315625,167117360,1009,1948173398402.34,41887270912.0,946868704.0,3845598.625,51.3119068672
616,3,628387597,False,0.0,0,0,0,0.0,0.0,0.0,0.0,0.0,167117360,1128,120251092992.0,499734016.0,0.0,0.0,0.6121741696
617,2,628379727,False,0.101841293275356,13110,2410,6540,0.000722393021252183,6.53253891869099e-06,0.00193421810399741,296.089782714844,3.79335156860351e-06,167117360,944,114321137664.0,474029088.0,916875.625,3096.61352539062,0.5806856328
618,1,628380152,False,0.0,0,0,0,0.0,0.0,0.0,0.0,0.0,167117360,607344842,2243322368.0,11298600.0,0.0,0.0,0.013840785
619,1,628382077,False,0.0,0,0,0,0.0,0.0,0.0,0.0,0.0,167117360,433,23153975296.0,102358800.0,0.0,0.0,0.12538953
620,2,628379309,False,0.0,0,0,0,0.0,0.0,0.0,0.0,0.0,167117360,757,2876422144.0,16888500.0,0.0,0.0,0.0206884125
621,2,628378574,False,0.414029359817505,5430,4490,6290,0.0424126084163366,0.000132344046455171,0.0547946952201275,414.032188736863,0.000222712470817894,167117360,242,180709404672.0,1373738400.0,75273576.9401855,181806.098626852,1.68282954
622,2,628379364,False,0.378472089767456,5450,4510,6500,0.251311528352086,0.000255631486652419,0.084138423204422,329.139495849609,0.00131965973125,167117360,803,664399267008.0,4214164736.0,354573184.0,1077273.25,5.1623518016
623,3,628387310,False,0.0,0,0,0,0.0,0.0,0.0,0.0,0.0,167117360,1021,326841417728.0,2139956992.0,0.0,0.0,2.6214473152
624,1,628382272,True,0.707801640033722,7660,6980,5660,0.0196466141544819,0.0853786183217132,72.9430853093026,854.34839240953,0.000103166160840631,167117360,343,221532792.46582,986397.716560364,71950892.7879639,84217.2741556168,0.00120833720278645
625,2,628378865,False,0.0,0,0,0,0.0,0.0,0.0,0.0,0.0,167117360,401,5154616832.0,26936100.0,0.0,0.0,0.0329967225
626,2,628378703,False,0.367373734712601,9620,4650,6040,0.0155434146935739,6.95199247720942e-06,0.00248807885554702,357.894353842246,8.16198866471886e-05,167117360,323,1460458299344.0,9584083860.0,23845956.4018555,66628.4788956642,11.7405027285
627,3,628387623,False,0.0,0,0,0,0.0,0.0,0.0,0.0,0.0,167117360,563807435,25845166080.0,251641792.0,0.0,0.0,0.3082611952
628,2,628378302,False,0.0,0,0,0,0.0,0.0,0.0,0.0,0.0,167117360,123,13262052352.0,78842704.0,0.0,0.0,0.0965823124
629,1,628381060,False,0.0,0,0,0,0.0,0.0,0.0,0.0,0.0,167117360,846,35481354240.0,150742800.0,0.0,0.0,0.18465993
630,3,628387049,False,0.0,0,0,0,0.0,0.0,0.0,0.0,0.0,167117360,939,2611397504.0,19087200.0,0.0,0.0,0.02338182
631,1,628383068,False,0.0,0,0,0,0.0,0.0,0.0,0.0,0.0,167117360,147,972643840.0,6518700.0,0.0,0.0,0.0079854075
632,3,628385781,False,0.369614958763123,3460,5980,5760,0.0828951551339372,0.000273991261763336,0.0658605807422485,240.374748882089,0.000435290011816406,167117360,589,181011791872.0,1296898240.0,85414471.25,355338.78515625,1.588700344
633,2,628378238,False,0.114811256527901,11670,5220,8080,0.000940452845189435,1.46334759847377e-05,0.00343225686810911,234.548294067383,4.93840357055664e-06,167117360,96,51851911168.0,275488192.0,945546.25,4031.34985351562,0.3374730352
634,2,628380273,False,0.0691340491175652,4700,3210,6290,0.00178597834878038,5.59440832148539e-06,0.001514638424851,270.741485595703,9.37833502197266e-06,167117360,484682516,62467645440.0,1368470656.0,2072738.25,7655.78369140625,1.6763765536
635,1,628380733,False,0.0945182293653488,7210,3300,3070,0.00183308332134129,3.33540221302232e-05,0.0081480311021966,244.289311507454,9.62568752441406e-06,167117360,1014,35432846848.0,235584904.0,1919553.125,7857.7041015625,0.2885915074
636,1,628381652,False,0.0235478617250919,8240,5850,3950,7.9934205175032e-05,4.74551171691928e-07,0.00013327099441085,280.835876464844,4.19741793823242e-07,167117360,632,69400125440.0,722043008.0,96227.390625,342.646362304688,0.8845026848
637,2,628379403,False,0.680986046791077,7270,6550,5960,0.275229174223328,0.0069716558791697,2.4957594871521,357.986572265625,0.00144525346875,167117360,830,28119425024.0,169227904.0,422352128.0,1179798.75,0.2073041824
638,2,628379342,False,0.256938725709915,10330,7180,6090,0.0356692790545317,9.19486483326182e-05,0.0191623158752918,208.402359008789,0.000187302633984375,167117360,784,43889265240.0,1662885888.0,31864744.0,152900.109375,2.0370352128
639,3,628386344,False,0.0502944514155388,8600,2070,4270,0.00023664491200754,9.77698848885655e-07,0.000228469800513508,233.681159360993,1.24264399261475e-06,167117360,842,197189500928.0,1037541632.0,237046.9296875,1014.40325927734,1.2709884992
640,1,628382126,False,0.0,0,0,0,0.0,0.0,0.0,0.0,0.0,167117360,401,5724170240.0,26936100.0,0.0,0.0,0.0329967225
641,2,628378878,False,0.55791974067688,7530,4620,6060,0.00486240168845314,0.000660989957395941,0.335235476493835,507.171813964844,2.55329142578125e-05,167117360,414,5407853568.0,31533300.0,10571081.0,20843.1953125,0.0386282925
642,2,628379145,False,0.00912576075643301,7840,2770,5860,3.79414122375162e-06,1.24753853469883e-07,2.74798694590572e-05,220.272720336914,1.99233812332153e-08,167117360,634,18528878592.0,130368600.0,3582.51220703125,16.2639846801758,0.159701535
643,2,628379722,False,0.0,0,0,0,0.0,0.0,0.0,0.0,0.0,167117360,182305709,24410779648.0,132363904.0,0.0,0.0,0.1621457824
644,2,628382901,False,0.0,0,0,0,0.0,0.0,0.0,0.0,0.0,167117360,312782652,1610592384.0,14726700.0,0.0,0.0,0.0180402075
645,2,628378543,False,0.0175165068358183,12960,6790,7700,0.000233506815010871,9.59574890657677e-07,0.000178653019247577,186.179336547852,1.22616555938721e-06,167117360,229,1979770768.0,1043119744.0,186356.484375,1000.95147705078,1.2778216864
646,2,628379302,False,0.122425585985184,8770,6030,7290,0.00797184104239653,2.6936495111083e-05,0.00584428677252017,216.965375354849,4.18608635925293e-05,167117360,752,14613781024.0,1268618408.0,7414169.78125,34172.1335449219,1.5540575498
647,1,628383880,False,0.130794495344162,4990,5780,5250,0.00084880447707103,8.12371363281272e-05,0.0325537733733654,400.725250244141,4.45714963989258e-06,167117360,72,9279647744.0,44788500.0,1458034.625,3638.48950195312,0.0548659125
648,2,628378994,False,0.161529183387756,9960,4000,8800,0.00738908210325866,5.64857000426855e-05,0.0128766465932131,227.962936401367,3.88007433105469e-05,167117360,526,79768862720.0,560745024.0,7220515.5,31674.076171875,0.6869126544
649,3,628384812,False,4.58057584182825e-05,10200,2160,2890,9.61721080153497e-09,2.23279345567875e-10,3.73769604425171e-08,167.399991017776,5.05008501000702e-11,167117360,269,26630903808.0,184635008.0,6.90109539031982,0.0412251837551594,0.2261778848
650,2,628378790,False,0.0,0,0,0,0.0,0.0,0.0,0.0,0.0,167117360,334,57979375616.0,322994688.0,0.0,0.0,0.3956684928
651,1,628381007,False,0.0,0,0,0,0.0,0.0,0.0,0.0,0.0,167117360,877,15478917909.1426,229729500.0,0.0,0.0,0.2814186375
652,2,628379712,False,0.0,0,0,0,0.0,0.0,0.0,0.0,0.0,167117360,182305705,29232527360.0,116090096.0,0.0,0.0,0.1422103676
653,1,628380617,False,0.0913078710436821,6270,4130,4980,0.000255585964509332,9.96707694866927e-06,0.00381949148140848,383.210815429688,1.34210518493652e-06,167117360,1096,22636128256.0,109921504.0,419844.25,1095.59606933594,0.1346538424
654,3,628387755,False,0.0,0,0,0,0.0,0.0,0.0,0.0,0.0,167117360,549009211,2857690368.0,14720400.0,0.0,0.0,0.01803249
655,1,628383094,False,0.0302786361426115,10580,2560,5340,1.7098512971089e-05,4.01910938307992e-07,0.000102721744042356,255.583343505859,8.97858493804931e-08,167117360,140,4424083968.0,182365200.0,18732.87109375,73.2945709228516,0.22339737
656,3,628384847,False,0.0,0,0,0,0.0,0.0,0.0,0.0,0.0,167117360,312782566,39247611904.0,201036608.0,0.0,0.0,0.2462698448
657,3,628385494,False,0.73309463262558,7800,6290,6060,2.38579245709392,0.00296574729870997,1.11839610027996,377.104313899717,0.0125280135511169,167117360,467,559652594304.0,3448355105.0,3856626901.8125,10226949.8376465,4.224235003625
658,2,628379633,False,0.0,0,0,0,0.0,0.0,0.0,0.0,0.0,167117360,888,18982225920.0,149899504.0,0.0,0.0,0.1836268924
659,2,628379764,False,0.000136872768052854,9550,640,6970,2.87373092478671e-08,4.08608341606609e-10,9.81681509415466e-08,240.25,1.50902228988707e-10,167117360,965,43575353344.0,301475712.0,29.5953140258789,0.123185493052006,0.3693077472
660,3,628385272,False,0.0,0,0,0,0.0,0.0,0.0,0.0,0.0,167117360,374,34461643776.0,177112800.0,0.0,0.0,0.21696318
661,1,628382166,False,0.134543746709824,10590,7120,5690,0.000549589527334956,2.34202714262509e-05,0.00543688329828429,232.144333399582,2.88594467868805e-06,167117360,379,9439318720.0,100591200.0,546902.615234375,2355.87320709229,0.12322422
662,3,628387202,False,0.0,0,0,0,0.0,0.0,0.0,0.0,0.0,167117360,982,8271268864.0,55512000.0,0.0,0.0,0.0680022
663,2,628379235,False,0.0,0,0,0,0.0,0.0,0.0,0.0,0.0,167117360,696,5340342272.0,50709600.0,0.0,0.0,0.06211926
664,2,628378684,False,0.0,0,0,0,0.0,0.0,0.0,0.0,0.0,167117360,305,7878196224.0,74012400.0,0.0,0.0,0.09066519
665,2,628379037,False,0.183874517679214,6440,5760,7730,0.00329195860690748,4.19227981183212e-05,0.0188865680247545,450.50830078125,1.72863745605469e-05,167117360,559,68702564352.0,336602688.0,6357269.5,14111.326171875,0.4123382928
666,3,628384290,False,0.0,0,0,0,0.0,0.0,0.0,0.0,0.0,167117360,67,8619506688.0,71755200.0,0.0,0.0,0.08790012
667,2,628378404,False,0.26851299405098,3190,5700,5710,0.0105487062340243,2.06305212486768e-05,0.00491314055398107,238.149124145508,5.53922174804687e-05,167117360,159,333601570816.0,2191807744.0,10768660.0,45218.13671875,2.6849644864
668,1,628380838,False,0.0984489470720291,4270,5320,3080,0.00178279676716876,9.33218689169735e-06,0.00243125203996897,260.523284912109,9.36162824707031e-06,167117360,952,123402452992.0,818901888.0,1990956.875,7642.1455078125,1.0031548128
669,3,628387186,False,0.0,0,0,0,0.0,0.0,0.0,0.0,0.0,167117360,978,70581577728.0,636924608.0,0.0,0.0,0.7802326448
670,2,628380019,False,0.0804448202252388,4520,3190,6550,0.00109442397856421,1.25701462820871e-05,0.00354757346212864,282.222106933594,5.74692001953125e-06,167117360,1108,17581553664.0,373214688.0,1324006.5,4691.36328125,0.4571879928
671,1,628381116,False,0.0217296108603477,11020,1950,4910,4.80365101202833e-05,3.45660197353936e-07,8.72812306624837e-05,252.505889892578,2.52244091033936e-07,167117360,820,133290639360.0,595710912.0,51994.3828125,205.913543701172,0.7297458672
672,3,628384742,False,0.245771840214729,6190,4630,6210,0.0153917081323834,3.395897915651e-05,0.0136429859495382,401.74900095378,8.0823261673069e-05,167117360,239,408040926720.0,1942878568.0,26506665.0048828,65978.172794342,2.3800262458
673,3,628385678,False,0.0853241682052612,6670,5560,8730,0.00106223533954101,1.63562484761601e-05,0.00665189950716267,406.688582461809,5.57789454345703e-06,167117360,544,60310810624.0,278388000.0,1851809.0,4553.38330078125,0.3410253
674,3,628384752,False,0.0,0,0,0,0.0,0.0,0.0,0.0,0.0,167117360,243,3216809984.0,27414000.0,0.0,0.0,0.03358215
675,3,628385966,False,0.0,0,0,0,0.0,0.0,0.0,0.0,0.0,167117360,681,4500180224.0,59221800.0,0.0,0.0,0.072546705
676,2,628379953,False,0.0,0,0,0,0.0,0.0,0.0,0.0,0.0,167117360,1069,2966091776.0,42514200.0,0.0,0.0,0.052079895
677,1,628382194,False,0.0,0,0,0,0.0,0.0,0.0,0.0,0.0,167117360,368,860366720.0,5916600.0,0.0,0.0,0.007247835
678,2,628378922,False,0.0558837801218033,5680,980,8320,0.000661112235079711,1.36958269649767e-05,0.00331647344864905,242.152099609375,3.47156057739258e-06,167117360,450,37260582912.0,206919008.0,686241.375,2833.92700195312,0.2534757848
679,2,628379088,False,0.0,0,0,0,0.0,0.0,0.0,0.0,0.0,167117360,600,25029431296.0,147310208.0,0.0,0.0,0.1804550048
680,2,628379875,False,0.0,0,0,0,0.0,0.0,0.0,0.0,0.0,167117360,1027,41638013888.0,275491804.0,0.0,0.0,0.3374774599
681,1,628383088,False,0.447017997503281,7730,6800,5650,0.316380469337841,0.00147355831037999,0.513389076929452,348.400924017091,0.00166134266850738,167117360,141,129923438176.0,920355908.0,472500670.054688,1356198.09674072,1.1274359873
682,2,628378912,False,0.0,0,0,0,0.0,0.0,0.0,0.0,0.0,167117360,443,10050419712.0,429207296.0,0.0,0.0,0.5257789376
683,3,628387235,False,0.176198288798332,4290,1030,6680,0.00950196713679566,3.45497897631453e-06,0.000841387896765326,243.529093095335,4.98956951171875e-05,167117360,993,2157548004608.0,11789125192.0,9919227.25,40731.1796875,14.4416783602
684,2,628378484,False,0.00641526374965906,11600,4450,6450,5.64146981092471e-06,2.95736430899751e-08,8.02997419668827e-06,271.524719238281,2.96238719463348e-08,167117360,202,210296553472.0,817713024.0,6566.21484375,24.1827526092529,1.0016984544
685,3,628384321,False,0.0561373345553875,12640,7070,5760,0.000817587492798645,7.60922710584172e-06,0.00181639265714971,238.709218674159,4.29322641143799e-06,167117360,83,70069092352.0,460582208.0,836598.140625,3504.67462158203,0.5642132048
686,2,628378820,False,0.0218547638505697,6420,560,7840,4.7300233290162e-05,3.21447298239523e-07,6.60546445771089e-05,205.491366512868,2.48377834320068e-07,167117360,361,124000256000.0,630764100.0,41664.8984375,202.757415771484,0.7726860225
687,1,628380706,False,0.377013474702835,9320,2090,3870,0.007922707983845,6.96013958076946e-05,0.0192399956285954,276.431182861328,4.16028614257812e-05,167117360,1037,72050925568.0,487943104.0,9388023.0,33961.51953125,0.5977303024
688,1,628382316,False,0.0,0,0,0,0.0,0.0,0.0,0.0,0.0,167117360,333,2367806720.0,16648200.0,0.0,0.0,0.020394045
689,1,628383930,False,0.127472072839737,4650,5200,4850,0.00159274638896593,3.44714931088674e-06,0.00148669444024563,431.282257080078,8.36365639648437e-06,167117360,56,450737340416.0,1980614656.0,2944568.75,6827.474609375,2.4262529536
690,3,628387660,False,0.244069084525108,4050,3390,5750,0.00557360973772441,5.55087712381742e-05,0.0132764221125609,239.177013225443,2.92675325195312e-05,167117360,588,83874217984.0,430416000.0,5714384.5,23891.86328125,0.5272596
691,3,628386298,False,0.0,0,0,0,0.0,0.0,0.0,0.0,0.0,167117360,827,57803167744.0,302588992.0,0.0,0.0,0.3706715152
692,2,628378681,False,0.0,0,0,0,0.0,0.0,0.0,0.0,0.0,167117360,304,33549250560.0,189279904.0,0.0,0.0,0.2318678824
693,2,628379424,False,0.617005407810211,9490,6940,5760,0.203592120858755,0.00647658901289105,1.57309520244598,242.889465332031,0.001069080775,167117360,841,3173238016.0,134749792.0,211974256.0,872719.0,0.1650684952
694,1,628380709,False,0.0487004555761814,13000,4710,3980,0.000329078836671963,1.25081214719103e-06,0.000265162292635068,211.992095947266,1.72802295227051e-06,167117360,1033,247810736128.0,1127772032.0,299042.625,1410.63098144531,1.3815207392
695,1,628380973,False,0.0515494532883167,9170,3720,710,0.000269010664693272,1.49660197818849e-06,0.000341452400158532,228.151776581126,1.41259950866699e-06,167117360,895,120904744448.0,770507104.0,263091.5,1153.14245605469,0.9438712024
696,1,628382876,False,0.0119686722755432,10780,4950,3830,1.05080878161972e-05,5.50853656022809e-08,1.0500648386369e-05,190.625,5.51789264678955e-08,167117360,202,219721662464.0,817713024.0,8586.5166015625,45.0440216064453,1.0016984544
697,3,628385997,False,0.560170233249664,6160,7020,4000,0.615387820845279,6.63620109821659e-05,0.0155280613959428,233.990217688186,0.0032314575125,167117360,698,5873592001536.0,39750520832.0,617248528.0,2637924.5,48.6943880192
698,3,628387712,False,0.0,0,0,0,0.0,0.0,0.0,0.0,0.0,167117360,312782574,77060825600.0,442877400.0,0.0,0.0,0.542524815
699,1,628380721,False,0.0971002951264381,5520,4640,4270,0.00106723364970241,6.49676576358615e-06,0.00147454242687672,226.965621948242,5.60414112548828e-06,167117360,1022,103892164608.0,704167168.0,1038324.375,4574.80908203125,0.8626047808
700,1,628382557,False,0.0,0,0,0,0.0,0.0,0.0,0.0,0.0,167117360,271,7703005696.0,44185500.0,0.0,0.0,0.0541272375
701,3,628385702,False,0.0,0,0,0,0.0,0.0,0.0,0.0,0.0,167117360,556,21542813696.0,126860400.0,0.0,0.0,0.15540399
702,1,628381231,False,0.0,0,0,0,0.0,0.0,0.0,0.0,0.0,167117360,743,41093689344.0,280165504.0,0.0,0.0,0.3432027424
703,1,628380999,False,0.0,0,0,0,0.0,0.0,0.0,0.0,0.0,167117360,880,9204961280.0,46680300.0,0.0,0.0,0.0571833675
704,3,628386409,False,0.0,0,0,0,0.0,0.0,0.0,0.0,0.0,167117360,869,5974991616.0,32974200.0,0.0,0.0,0.040393395
705,3,628386022,False,0.010466898791492,13160,5640,5290,2.14334932034004e-05,3.06448862205153e-07,9.2480509450041e-05,301.781213297929,1.12549225521088e-07,167117360,711,48496541696.0,299811584.0,27726.7280273438,91.8769187927246,0.3672691904
706,2,628378071,False,0.059361856430769,8620,2620,7490,0.000473709434886936,2.21469804273511e-06,0.0005689961835742,256.918182373047,2.48749140014648e-06,167117360,10,184415518720.0,916876800.0,521699.375,2030.60522460938,1.12317408
707,1,628384035,False,0.0,0,0,0,0.0,0.0,0.0,0.0,0.0,167117360,28,72883126272.0,471904192.0,0.0,0.0,0.5780826352
708,2,628378813,False,0.0341225266456604,5090,2150,9590,0.000435035437170453,1.37262205424251e-06,0.000261301989731418,190.367034336789,2.28441071472168e-06,167117360,353,300044658176.0,1358585976.0,355001.21875,1864.82507324219,1.6642678206
709,3,628386144,False,0.0,0,0,0,0.0,0.0,0.0,0.0,0.0,167117360,765,9365257728.0,51346800.0,0.0,0.0,0.06289983
710,1,628381160,False,0.154886230826378,12480,6080,3150,0.00225126441222315,1.3223282621766e-05,0.00343166827224195,259.517120361328,1.182159453125e-05,167117360,794,1359595008.0,729794688.0,2504413.25,9650.28125,0.8939984928
711,3,628386286,False,0.377013474702835,9320,2090,3870,0.0819088482757591,2.10825050874019e-05,0.00528877440379693,250.860814778473,0.000430110824646091,167117360,822,2659572189184.0,16654134592.0,88079960.7475586,351110.877262115,20.4013148752
712,1,628382034,False,0.0,0,0,0,0.0,0.0,0.0,0.0,0.0,167117360,456,1155830272.0,7937100.0,0.0,0.0,0.0097229475
713,3,628384729,False,0.0295409541577101,12750,7190,4180,0.00127877763588126,1.0690397571632e-05,0.00277168760989242,259.268899151829,6.71497786974311e-06,167117360,235,54498744128.0,512760592.0,1421212.1796875,5481.61458754539,0.6281317252
714,2,628380167,False,0.0,0,0,0,0.0,0.0,0.0,0.0,0.0,167117360,549009219,1352870912.0,6260400.0,0.0,0.0,0.00766899
715,3,628384919,False,0.426997363567352,5270,3620,1090,0.216593984365983,8.36788061311506e-06,0.00196832919660595,235.224340261377,0.00113735474481829,167117360,315,21560435102708.5,110954361784.0,218394709.790227,928452.852912888,135.9190931854
716,2,628378795,False,0.0780635178089142,5190,960,7790,0.00114151175092378,4.62296657241211e-06,0.00107578774426658,232.705066631116,5.99418220214844e-06,167117360,337,220083185536.0,1058456704.0,1138674.75,4893.2099609375,1.2966094624
717,1,628380229,False,0.383442997932434,7100,6080,3470,0.227344411230386,0.000535038556256217,0.241104224969631,450.629626875287,0.00119380621570674,167117360,278,315144324480.0,1821430764.0,439154652.690063,974535.686291218,2.2312526859
718,1,628381640,False,0.0,0,0,0,0.0,0.0,0.0,0.0,0.0,167117360,637,388892239360.0,2186906432.0,0.0,0.0,2.6789603792
719,3,628384336,False,0.00536344386637211,8910,6330,7480,2.01591979378834e-06,1.61236157022713e-07,3.49178786464164e-05,216.56357538649,1.05857784986496e-08,167117360,93,216363840.0,53595000.0,1871.42370605469,8.64145183563232,0.065653875
720,3,628387275,False,0.18589574098587,8970,3420,3350,0.0029799053710121,9.97980189526725e-06,0.00222544378709431,222.994785913505,1.56477545890808e-05,167117360,1008,206181413376.0,1279952984.0,2848463.41601562,12773.6772155762,1.5679424054
721,1,628380604,False,0.0,0,0,0,0.0,0.0,0.0,0.0,0.0,167117360,1102,148943732736.0,743256000.0,0.0,0.0,0.9104886
722,3,628386461,False,0.0515494532883167,9170,3720,710,0.00123758794636708,3.44257089366154e-06,0.000819135171464947,237.942862113062,6.49868705749512e-06,167117360,895,224873870848.0,1541014208.0,1262298.9375,5305.05065917969,1.8877424048
723,1,628383886,False,0.0899378657341003,1960,2350,4770,0.000319408934742982,1.186114968732e-05,0.00256372545845807,216.144775390625,1.67724541625977e-06,167117360,68,11524789248.0,115434000.0,295941.09375,1369.17993164062,0.14140665
724,3,628386227,False,0.0,0,0,0,0.0,0.0,0.0,0.0,0.0,167117360,800,142069981184.0,648388800.0,0.0,0.0,0.79427628
725,1,628380196,False,0.0,0,0,0,0.0,0.0,0.0,0.0,0.0,167117360,549009215,25955653632.0,144636304.0,0.0,0.0,0.1771794724
726,3,628387487,False,0.170574054121971,9110,3260,8260,0.00432652377753303,2.24795472703219e-05,0.0059832754837346,266.165301808986,2.2718970526123e-05,167117360,1084,142637473792.0,825020992.0,4936327.875,18546.0983886719,1.0106507152
727,1,628383836,False,0.0,0,0,0,0.0,0.0,0.0,0.0,0.0,167117360,84,33424336896.0,209311200.0,0.0,0.0,0.25640622
728,1,628381259,False,0.0,0,0,0,0.0,0.0,0.0,0.0,0.0,167117360,725,7314930176.0,44470800.0,0.0,0.0,0.05447673
729,1,628378541,False,0.0,0,0,0,0.0,0.0,0.0,0.0,0.0,167117360,312782620,14223556608.0,68142600.0,0.0,0.0,0.083474685
730,2,628379278,False,0.227159053087234,2540,4150,5800,0.00404987055649538,2.7568271822827e-05,0.00649164596751038,235.47525971995,2.12662392578125e-05,167117360,731,105407057560.0,629716488.0,4087896.5,17360.1953125,0.7714026978
731,3,628384965,True,0.885656118392944,7730,6480,5950,0.104236407680002,0.0441835216018666,21.3600476572976,483.439229895953,0.000547354873242187,167117360,331,1956326752.0,10112826.875,216010464.0,446820.3046875,0.012388212921875
732,3,628386135,False,0.128450304269791,6240,5360,4200,0.000462554022192406,1.96067777436934e-05,0.0131141733315138,668.859182418799,2.42891331176758e-06,167117360,760,15349688320.0,101127600.0,1326204.875,1982.78637695312,0.12388131
733,3,628386454,False,0.0,0,0,0,0.0,0.0,0.0,0.0,0.0,167117360,893,22262687744.0,187232400.0,0.0,0.0,0.22935969
734,2,628379590,False,0.0,0,0,0,0.0,0.0,0.0,0.0,0.0,167117360,852,148181401600.0,1003776320.0,0.0,0.0,1.229625992
735,2,628378231,False,0.00536344386637211,8910,6330,7480,2.01591979378834e-06,3.22472317293432e-07,6.98357544024475e-05,216.563568115234,1.05857784986496e-08,167117360,93,56603712.0,26797500.0,1871.42370605469,8.64145183563232,0.0328269375
736,2,628379950,False,0.0,0,0,0,0.0,0.0,0.0,0.0,0.0,167117360,1066,15339961344.0,93128400.0,0.0,0.0,0.11408229
737,2,628379848,False,0.0,0,0,0,0.0,0.0,0.0,0.0,0.0,167117360,1010,19493978112.0,81598496.0,0.0,0.0,0.0999581576
738,2,628378905,False,0.0,0,0,0,0.0,0.0,0.0,0.0,0.0,167117360,440,29834485760.0,216396000.0,0.0,0.0,0.2650851
739,2,628379413,False,0.334455013275146,6450,5820,7530,0.0214203443115773,6.01658293699393e-05,0.0258175531455937,429.106577869147,0.000112480179492187,167117360,835,281305303040.0,1526124640.0,39400804.0,91820.5546875,1.869502684
740,1,628381216,False,0.00518462900072336,7590,5610,5320,5.42727844824504e-06,1.55261898271419e-06,0.000438916817074642,282.694458007812,2.84991335868835e-08,167117360,753,1510579456.0,14984100.0,6576.7734375,23.2645988464355,0.0183555225
741,2,628380271,False,0.0,0,0,0,0.0,0.0,0.0,0.0,0.0,167117360,484682512,32309547008.0,482925600.0,0.0,0.0,0.59158386
742,1,628382755,False,0.160922959446907,5760,6110,4750,0.00171547335662433,2.91820306301815e-05,0.0116784898564219,400.194549560547,9.00810688476562e-06,167117360,226,40371695616.0,251989200.0,2942853.25,7353.556640625,0.30868677
743,2,628378826,False,0.0,0,0,0,0.0,0.0,0.0,0.0,0.0,167117360,366,29291481088.0,137851200.0,0.0,0.0,0.16886772
744,1,628380923,False,0.199697360396385,11860,5150,3460,0.0118932544012466,0.00024539211881347,0.0717081129550934,292.218505859375,6.24525624023437e-05,167117360,153,11744520192.0,207756000.0,14897791.0,50981.68359375,0.2545011
745,2,628379648,False,0.00163033546414226,5160,5410,6150,9.7951667023379e-07,1.22751933062659e-08,4.80561175209004e-06,391.489685058594,5.14353127479553e-09,167117360,900,10303752192.0,342055808.0,1643.78735351562,4.19880104064941,0.4190183648
746,3,628385436,False,0.0,0,0,0,0.0,0.0,0.0,0.0,0.0,167117360,445,142838030336.0,896732992.0,0.0,0.0,1.0984979152
747,2,628378345,False,0.0,0,0,0,0.0,0.0,0.0,0.0,0.0,167117360,139,97309917184.0,642948288.0,0.0,0.0,0.7876116528
748,3,628387365,False,0.0,0,0,0,0.0,0.0,0.0,0.0,0.0,167117360,1043,29637225472.0,453218400.0,0.0,0.0,0.55519254
749,2,628378807,False,0.122850924730301,8580,5870,5820,0.00271399968617504,1.41832896476918e-05,0.00433978066438536,305.978427585142,1.42514596125197e-05,167117360,348,117205974144.0,820250088.0,3559705.47186279,11633.8445816487,1.0048063578
750,2,628378816,False,0.0,0,0,0,0.0,0.0,0.0,0.0,0.0,167117360,355,1289719424.0,9283500.0,0.0,0.0,0.0113722875
751,2,628378780,False,0.0,0,0,0,0.0,0.0,0.0,0.0,0.0,167117360,327,61830733824.0,345339904.0,0.0,0.0,0.4230413824
752,2,628379926,False,0.0,0,0,0,0.0,0.0,0.0,0.0,0.0,167117360,1052,42164727808.0,401618688.0,0.0,0.0,0.4919828928
753,3,628384931,False,0.137421384453773,3650,1960,3090,0.00934169224354198,3.34793792810126e-05,0.00821115077518312,245.259946615556,4.90540770507812e-05,167117360,320,211017359360.0,1196083840.0,9821224.75,40044.14453125,1.465202704
754,2,628379438,False,0.248516708612442,8580,2620,7500,0.0106489932039207,7.75927110225894e-05,0.0163425970822573,210.620254516602,5.59188334960937e-05,167117360,848,7396217254.0,588303040.0,9614399.0,45648.02734375,0.720671224
755,2,628379811,False,0.0,0,0,0,0.0,0.0,0.0,0.0,0.0,167117360,987,402610816768.0,2607643816.0,0.0,0.0,3.1943636746
756,2,628380269,False,0.147395223379135,9950,2780,8210,0.00102007798780646,2.97490387310972e-05,0.00704274466261268,236.738555908203,5.35652244873047e-06,167117360,484682508,27273265152.0,146985296.0,1035179.9375,4372.67138671875,0.1800569876
757,2,628378796,False,0.0264885164797306,6000,3200,5830,0.000135167639767891,6.21538129053079e-05,0.0170261785387993,273.936187744141,7.09777590942383e-07,167117360,338,684081984.0,9322200.0,158721.4375,579.410278320312,0.011419695
758,3,628385280,False,0.426997363567352,5270,3620,1090,0.0384811792093556,2.03236305099525e-05,0.00451282002628365,222.047927119799,0.000202068177877045,167117360,378,1763858688000.0,8116345872.0,36627608.1914062,164953.614593506,9.9425236932
759,1,628383012,False,4.8286012315657e-05,4710,5120,1680,1.1185699935137e-08,1.32586830403625e-10,2.62287951358076e-08,197.823532104492,5.87371294386685e-11,167117360,163,56160165888.0,361639808.0,9.48537635803223,0.0479486770927906,0.4430087648
760,2,628380209,False,0.11617448925972,8510,5690,6000,0.000698770139445757,0.000107339496025816,0.0333308130502701,310.517669677734,3.6693056640625e-06,167117360,607344846,5141443072.0,27905400.0,930109.625,2995.3515625,0.034184115
761,1,628380142,False,0.00607960857450962,8290,5480,5460,3.53078761343704e-06,8.86960378920776e-07,0.000228344913921319,257.446563720703,1.85404874324799e-08,167117360,607344858,3587017216.0,17064000.0,3896.4775390625,15.1350917816162,0.0209034
762,3,628384258,False,0.339522838592529,7750,5600,6310,0.00139828759751582,0.000134968713628127,0.0519947032348483,385.235228499745,7.34253556630611e-06,167117360,54,6956562432.0,44409600.0,2309063.97277832,5993.90658473969,0.05440176
763,2,628379760,False,0.0,0,0,0,0.0,0.0,0.0,0.0,0.0,167117360,963,750195968.0,25594200.0,0.0,0.0,0.031352895
764,1,628380660,False,0.702824711799622,9290,6950,5590,0.681009723095902,0.000136073317984721,0.03291142124345,241.865354140519,0.00357604409973704,167117360,1065,2907309176384.0,21453285012.0,706058100.085724,2919219.67325473,26.2802741397
765,2,628378136,False,0.623459756374359,6230,5910,5860,0.0702661913953045,0.00354617671109736,1.31015658378601,369.456085205078,0.00036897417265625,167117360,38,10558860288.0,84937504.0,111281432.0,301203.40625,0.1040484424
766,2,628378616,False,0.0,0,0,0,0.0,0.0,0.0,0.0,0.0,167117360,268,14219488256.0,67311904.0,0.0,0.0,0.0824570824
767,3,628387065,True,0.694227993488312,7410,6980,5800,0.05097907482955,0.110323511259425,73.3854264849542,665.183927226436,0.00026769576640625,167117360,157,354561888.0,1980785.0,145360752.0,218527.15625,0.002426461625
768,2,628379878,False,0.0780635178089142,5190,960,7790,0.00114151175092378,3.62977880286053e-05,0.00844667851924896,232.705062866211,5.99418220214844e-06,167117360,1030,23726331904.0,134807392.0,1138674.75,4893.2099609375,0.1651390552
769,2,628378959,False,0.227159053087234,2540,4150,5800,0.00404987055649538,9.16691133170389e-05,0.0215858072042465,235.47526550293,2.12662392578125e-05,167117360,484,26903595008.0,189378896.0,4087896.5,17360.1953125,0.2319891476
770,1,628380121,False,0.252137541770935,7280,7310,5680,0.00878243464571504,0.00102586904540658,0.273086905479431,266.200561523438,4.6117364453125e-05,167117360,10671,1118587136.0,36697500.0,10021607.0,37646.828125,0.0449544375
771,2,628379326,False,0.0,0,0,0,0.0,0.0,0.0,0.0,0.0,167117360,772,98934308864.0,451152000.0,0.0,0.0,0.5526612
772,2,628378569,False,0.245771840214729,6190,4630,6210,0.0122420515467658,5.40196799125718e-05,0.0225052395331382,416.611863853356,6.4284127990818e-05,167117360,239,199676307456.0,971439284.0,21862473.7783203,52476.839176178,1.1900131229
773,3,628387426,False,0.0,0,0,0,0.0,0.0,0.0,0.0,0.0,167117360,1060,323761360.0,6237000.0,0.0,0.0,0.007640325
774,1,628383756,False,0.190044477581978,6040,3230,5510,0.00376541590506829,2.48047799686901e-05,0.00674854917451739,272.066497802734,1.97725419677734e-05,167117360,108,24444469248.0,650715328.0,4391384.5,16140.8505859375,0.7971262768
775,2,628379653,False,0.0,0,0,0,0.0,0.0,0.0,0.0,0.0,167117360,903,18185588736.0,92125800.0,0.0,0.0,0.112854105
776,3,628385933,False,0.0,0,0,0,0.0,0.0,0.0,0.0,0.0,167117360,664,137047171072.0,884833216.0,0.0,0.0,1.0839206896
777,1,628380959,False,0.0,0,0,0,0.0,0.0,0.0,0.0,0.0,167117360,902,18884673536.0,109265400.0,0.0,0.0,0.133850115
778,1,628380858,False,0.0,0,0,0,0.0,0.0,0.0,0.0,0.0,167117360,943,374046031872.0,1660181376.0,0.0,0.0,2.0337221856
779,2,628378783,False,0.0,0,0,0,0.0,0.0,0.0,0.0,0.0,167117360,330,844121152.0,13954500.0,0.0,0.0,0.0170942625
780,1,628383046,False,0.0,0,0,0,0.0,0.0,0.0,0.0,0.0,167117360,154,31785486848.0,123313504.0,0.0,0.0,0.1510590424
781,3,628387398,False,0.0,0,0,0,0.0,0.0,0.0,0.0,0.0,167117360,1051,19746.3359375,3600.0,0.0,0.0,4.41e-06
782,1,628381367,False,0.0,0,0,0,0.0,0.0,0.0,0.0,0.0,167117360,653,2481757952.0,13649400.0,0.0,0.0,0.016720515
783,3,628387460,False,0.428897798061371,10940,4160,2140,0.104584563903553,1.60906322820276e-05,0.00392154925158292,243.71629298639,0.000549183073291016,167117360,1073,5529646931968.0,27861721344.0,109261112.484375,448312.712890625,34.1306086464
784,3,628387559,False,0.180441945791245,5190,5640,6280,0.00338218089608182,0.000166638776666645,0.0712436180361597,427.533251631341,1.7760140020752e-05,167117360,1109,20017975296.0,87003000.0,6198408.5,14498.0734863281,0.106578675
785,3,628387659,False,0.0,0,0,0,0.0,0.0,0.0,0.0,0.0,167117360,526322264,43664840.0,847800.0,0.0,0.0,0.001038555
786,1,628381672,False,0.0,0,0,0,0.0,0.0,0.0,0.0,0.0,167117360,625,93056819200.0,356534112.0,0.0,0.0,0.4367542872
787,1,628380755,False,0.138278350234032,3870,4820,2050,0.00228460956544572,4.73569743917324e-05,0.0102276718243957,215.969696044922,1.199669296875e-05,167117360,996,31002093568.0,206795696.0,2115038.5,9793.21875,0.2533247276
788,2,628379335,False,0.0,0,0,0,0.0,0.0,0.0,0.0,0.0,167117360,778,144462528512.0,698709632.0,0.0,0.0,0.8559192992
789,3,628385969,False,0.000114829046651721,7200,5140,6080,4.68140955860788e-08,2.40081173818304e-10,6.25303882514223e-08,260.455192120754,2.45825080946088e-10,167117360,685,153870991360.0,835857024.0,52.2664642333984,0.200673535466194,1.0239248544
790,3,628386432,False,0.0,0,0,0,0.0,0.0,0.0,0.0,0.0,167117360,880,18243064832.0,93360600.0,0.0,0.0,0.114366735
791,1,628381193,False,0.702824711799622,9290,6950,5590,0.215330008461284,0.000122759098303504,0.0326498001813889,265.966430664062,0.0011307174921875,167117360,771,1044406287488.0,7519073280.0,245496240.0,923034.6875,9.210864768
792,1,628383734,False,0.0,0,0,0,0.0,0.0,0.0,0.0,0.0,167117360,115,543565888.0,3266100.0,0.0,0.0,0.0040009725
793,2,628379017,False,0.0841994285583496,6120,1850,5700,0.00231026793730295,2.32285747188143e-05,0.00512116448953748,220.468292236328,1.21314274169922e-05,167117360,542,57734762496.0,426337216.0,2183343.0,9903.2060546875,0.5222630896
794,2,628378554,False,0.0,0,0,0,0.0,0.0,0.0,0.0,0.0,167117360,233,16512319488.0,91323904.0,0.0,0.0,0.1118717824
795,3,628385834,False,0.0644776374101639,7570,2560,5970,0.00032372088852613,3.22629925883786e-05,0.00764936295366302,237.094030651651,1.69988787841797e-06,167117360,611,1701436544.0,43011000.0,329006.75,1387.66357421875,0.052688475
796,1,628382132,False,0.0,0,0,0,0.0,0.0,0.0,0.0,0.0,167117360,397,1182936576.0,16812000.0,0.0,0.0,0.0205947
797,1,628382630,False,0.0,0,0,0,0.0,0.0,0.0,0.0,0.0,167117360,251,48550809600.0,212493600.0,0.0,0.0,0.26030466
798,1,628381309,False,0.17355988919735,5410,6960,4860,0.00192677931077832,0.00028053208370693,0.0819330736994743,292.063110351562,1.01176937011719e-05,167117360,689,3043144704.0,29441700.0,2412249.0,8259.341796875,0.0360660825
799,1,628379971,False,0.0824572443962097,8330,5760,5650,0.000681829137175963,8.4505976701621e-05,0.0227575693279505,269.301300048828,3.58034691772461e-06,167117360,606826659,6969681408.0,34586100.0,787095.5625,2922.73217773438,0.0423679725
800,1,628381858,False,0.0829744413495064,8760,6410,1770,0.00219389046383363,1.48773469845764e-05,0.00407020514830947,273.584045410156,1.15203187011719e-05,167117360,566,89099403264.0,632124928.0,2572878.0,9404.341796875,0.7743530368
801,1,628380711,False,0.11217300593853,5850,570,4170,0.000328463587748552,1.04444843600504e-05,0.00225222506560385,215.637756347656,1.72479222412109e-06,167117360,1030,23629918208.0,134807392.0,303616.59375,1407.99365234375,0.1651390552
802,3,628385669,False,0.0945035666227341,8800,880,5460,0.00456164808068208,2.2932531649357e-05,0.0049369550874489,215.281730030331,2.39536296630859e-05,167117360,542,115902779392.0,852674432.0,4209615.375,19553.9833984375,1.0445261792
803,2,628379180,False,0.170980140566826,8990,5480,7360,0.00438956883733665,5.00690948683769e-05,0.0116587895900011,232.85400390625,2.30500258789062e-05,167117360,658,22853435392.0,375807616.0,4381462.0,18816.34765625,0.4603643296
804,1,628382671,False,0.267070591449738,5410,4640,5040,0.00842198267029388,2.6279903721571e-05,0.0105283273001614,400.622750056711,4.42245982910156e-05,167117360,242,186246176768.0,1373738400.0,14463167.5,36101.712890625,1.68282954
805,2,628379398,False,0.0,0,0,0,0.0,0.0,0.0,0.0,0.0,167117360,827,28819585024.0,151294496.0,0.0,0.0,0.1853357576
806,1,628382953,False,0.0360034741461277,4900,4780,1430,0.000106925934361205,2.5340436877741e-06,0.000347026943927631,136.945922851562,5.61477822875976e-07,167117360,180,30993438720.0,180876608.0,62769.05859375,458.349243164062,0.2215738448
807,3,628385306,False,0.0338585935533047,7970,240,4180,0.00014835189309764,8.91523907195952e-07,0.000223485790805075,250.678404696953,7.79009306335449e-07,167117360,394,132441278848.0,713302200.0,159412.90625,635.925964355469,0.873795195
808,1,628380189,False,0.0,0,0,0,0.0,0.0,0.0,0.0,0.0,167117360,549009223,4766854144.0,31818600.0,0.0,0.0,0.038977785
809,1,628383892,False,0.0,0,0,0,0.0,0.0,0.0,0.0,0.0,167117360,67,4027353088.0,35877600.0,0.0,0.0,0.04395006
810,2,628378254,False,0.0,0,0,0,0.0,0.0,0.0,0.0,0.0,167117360,102,8264822784.0,50563800.0,0.0,0.0,0.061940655
811,1,628381999,False,0.0,0,0,0,0.0,0.0,0.0,0.0,0.0,167117360,478,46426587136.0,237633296.0,0.0,0.0,0.2911007876
812,3,628384701,False,0.166117504239082,5560,6700,6600,0.0045931697847464,3.90673578315807e-05,0.0161106800410494,412.382125008364,2.41191530029297e-05,167117360,226,79978389504.0,503978400.0,8119434.75,19689.1044921875,0.61737354
813,2,628379840,False,0.0218547638505697,6420,560,7840,4.7300233290162e-05,2.19107187149348e-06,0.000450246356194839,205.491363525391,2.48377834320068e-07,167117360,1006,15928819712.0,92538000.0,41664.8984375,202.757415771484,0.11335905
814,1,628381849,False,0.296685576438904,5790,4830,5640,0.0206027164524121,0.00016547037504861,0.0702932536135057,424.808692147193,0.000108186741113281,167117360,571,90550232064.0,533725188.0,37517280.0,88315.70703125,0.6538133553
815,2,628378952,False,0.0,0,0,0,0.0,0.0,0.0,0.0,0.0,167117360,478,42380648448.0,237633296.0,0.0,0.0,0.2911007876
816,3,628386129,False,0.0,0,0,0,0.0,0.0,0.0,0.0,0.0,167117360,757,5869365504.0,33777000.0,0.0,0.0,0.041376825
817,2,628378319,False,0.111307814717293,9710,4650,6030,0.000497664189452141,9.21720356927835e-07,0.000277700077276677,301.284515380859,2.6132799987793e-06,167117360,128,252580413440.0,2314465280.0,642727.1875,2133.28979492188,2.835219968
818,2,628384030,False,0.362720608711243,5390,6720,6030,0.013972705432839,0.00265522347763181,1.12208199501038,422.594177246094,7.337194921875e-05,167117360,576073699,2309162240.0,22557600.0,25311476.0,59895.46875,0.02763306
819,3,628385977,False,0.236718788743019,5460,6700,6570,0.00664726771957797,0.000483909063292881,0.146487719798789,302.717454395205,3.49054083984375e-05,167117360,689,6083769344.0,58883400.0,8625695.0,28494.2109375,0.072132165
820,2,628380027,False,0.0,0,0,0,0.0,0.0,0.0,0.0,0.0,167117360,1114,8542616576.0,46868400.0,0.0,0.0,0.05741379
821,2,628378778,False,0.101932935416698,10860,4060,6760,0.00300254710805598,3.33986063196789e-05,0.00670952210202813,200.892288208008,1.57666484130859e-05,167117360,326,9922908576.0,385367392.0,2585631.0,12870.7333984375,0.4720750552
822,1,628381030,False,0.00132943037897348,12290,7140,4160,8.18321625832978e-07,1.28664829901481e-08,3.53796986019006e-06,274.975677490234,4.29708141088486e-09,167117360,863,11264272896.0,272632512.0,964.565612792969,3.50782155990601,0.3339748272
823,1,628382222,False,0.155584886670113,7070,5750,4440,0.000394840275290961,0.000301956082694232,0.111963413655758,370.793670654297,2.07334225769043e-06,167117360,356,792742784.0,5605200.0,627577.3125,1692.52429199219,0.00686637
824,3,628386938,False,0.418009042739868,5460,5740,6180,0.0173263765395815,0.00707386441427605,4.55133569537307,643.401601844083,9.09823817382812e-05,167117360,914,2073636608.0,10499400.0,47786294.0,74271.33203125,0.012861765
825,3,628387301,False,0.149333879351616,6920,3350,10690,0.00188890959333695,4.94806293558258e-06,0.00125397674360286,253.427807998408,9.91883636474609e-06,167117360,1018,307552337152.0,1636399816.0,2052007.3125,8097.00927734375,2.0045897746
826,3,628387583,False,0.226013273000717,11210,6250,3190,0.004654111123237,2.55175437840167e-05,0.00630416867631527,247.052331120677,2.44391615234375e-05,167117360,1123,2609409792.0,781828224.0,4928777.0,19950.3359375,0.9577395744
827,2,628380047,False,0.0,0,0,0,0.0,0.0,0.0,0.0,0.0,167117360,1128,59094540288.0,249867008.0,0.0,0.0,0.3060870848
828,1,628383678,False,0.447017997503281,7730,6800,5650,0.109268159589128,0.00839276611804962,2.33320164680481,278.001525878906,0.0005737770609375,167117360,126,4339730752.0,55808708.0,130212976.0,468389.4375,0.0683656673
829,3,628385656,False,0.0,0,0,0,0.0,0.0,0.0,0.0,0.0,167117360,538,6011695616.0,141955200.0,0.0,0.0,0.17389512
830,3,628387104,False,0.0,0,0,0,0.0,0.0,0.0,0.0,0.0,167117360,954,50088798208.0,267962400.0,0.0,0.0,0.32825394
831,3,628384615,False,0.0360061675310135,12870,6490,5660,0.000180131130308873,1.27386125707591e-05,0.00296993898478099,233.144619815062,9.45884976196289e-07,167117360,198,48263774.0,60615000.0,180022.8515625,772.151000976562,0.074253375
832,2,628379165,False,0.0,0,0,0,0.0,0.0,0.0,0.0,0.0,167117360,649,859950976.0,10012500.0,0.0,0.0,0.0122653125
833,3,628387732,False,0.043430108577013,8230,5340,5880,0.000265442277891802,6.62825598200139e-05,0.0165578725548449,249.80737919306,1.39386158447266e-06,167117360,607344862,3211503232.0,17166600.0,284242.375,1137.84619140625,0.021029085
834,2,628378685,False,0.0732749700546265,11800,6760,6180,0.000628120825070592,1.12188026832882e-05,0.00305461976677179,272.276794433594,3.29831967773437e-06,167117360,307,30641043456.0,239999392.0,733106.875,2692.505859375,0.2939992552
835,1,628380290,False,0.0,0,0,0,0.0,0.0,0.0,0.0,0.0,167117360,196,5848159232.0,99129600.0,0.0,0.0,0.12143376
836,3,628384909,False,0.0,0,0,0,0.0,0.0,0.0,0.0,0.0,167117360,311,112857653248.0,640112384.0,0.0,0.0,0.7841376704
837,3,628385862,False,0.546946108341217,5610,4800,4830,0.905093695964658,7.93509084604148e-05,0.0288664906620579,363.782736986034,0.00475272945656286,167117360,623,8892098349888.0,48893947448.0,1411396677.43884,3879779.14821458,59.8950856238
838,3,628386132,False,0.0,0,0,0,0.0,0.0,0.0,0.0,0.0,167117360,759,14811275264.0,66778200.0,0.0,0.0,0.081803295
839,2,628379226,False,0.0,0,0,0,0.0,0.0,0.0,0.0,0.0,167117360,692,11715137536.0,75768304.0,0.0,0.0,0.0928161724
840,3,628384214,False,0.260053366422653,4810,4780,1430,0.0132095445741299,0.000320595901994933,0.0737723665412066,230.110135788238,6.93645220214844e-05,167117360,36,23839203328.0,176621408.0,13029779.25,56624.099609375,0.2163612248
841,2,628378974,False,0.158341079950333,8200,2200,6920,0.0032942203764281,1.49585939652752e-05,0.00434764847159386,290.645538330078,1.72982513183594e-05,167117360,502,195856957440.0,944007296.0,4104211.75,14121.021484375,1.1564089376
842,2,628379841,False,0.175524458289146,12250,1690,7400,0.00400115320744554,6.69133078190498e-06,0.00151944800745696,227.077102661133,2.10104200195312e-05,167117360,1007,530210324480.0,2563221504.0,3894681.75,17151.36328125,3.1399463424
843,3,628385762,False,0.0,0,0,0,0.0,0.0,0.0,0.0,0.0,167117360,580,8311257088.0,79133400.0,0.0,0.0,0.096938415
844,1,628382119,False,0.169328525662422,7900,4430,4540,0.000994418787886974,4.62097223572459e-05,0.0141601901954727,306.433137295238,5.22178365225792e-06,167117360,406,13635165696.0,92246400.0,1306226.56884766,4262.68053245544,0.11300184
845,1,628384091,True,0.707801640033722,7660,6980,5660,0.0196466141544819,0.0853786183217132,72.9430853093026,854.34839240953,0.000103166160840631,167117360,8,221532792.46582,986397.716560364,71950892.7879639,84217.2741556168,0.00120833720278645
846,2,628382453,False,0.0124949458986521,7080,400,7560,4.5434741172916e-05,1.80579354491783e-06,0.000372512673493475,206.287521362305,2.38581965255737e-07,167117360,312782550,18115373056.0,107853296.0,40176.71875,194.760787963867,0.1321202876
847,3,628387611,False,0.0,0,0,0,0.0,0.0,0.0,0.0,0.0,167117360,196,11845429248.0,198259200.0,0.0,0.0,0.24286752
848,2,628379320,False,0.0,0,0,0,0.0,0.0,0.0,0.0,0.0,167117360,767,420791386112.0,2035374336.0,0.0,0.0,2.4933335616
849,3,628385386,False,0.125537440180779,13090,6680,3760,0.00261141088473062,7.39966228006747e-06,0.00210313283443242,284.220110976908,1.37127564697266e-05,167117360,429,230938599424.0,1512783488.0,3181584.625,11194.0869140625,1.8531597728
850,3,628384262,False,0.209235936403275,4440,5650,6520,0.00342288995669178,3.70404639387802e-06,0.0015716203884336,424.298246110293,1.79739070068359e-05,167117360,56,909374980096.0,3961229312.0,6225548.75,14672.5771484375,4.8525059072
851,3,628386068,True,0.493034571409225,7910,6360,5690,0.039282710107753,0.0323365277454787,16.4902969942622,509.958803371147,0.000206277089648437,167117360,732,952044704.0,5207407.0,85871688.0,168389.4609375,0.006379073575
852,2,628379603,False,0.0484637282788754,8640,4990,6270,0.000540661560290736,8.50082960823784e-06,0.00235736044123769,277.309478759766,2.83906311035156e-06,167117360,863,9713557120.0,272632512.0,642693.125,2317.6025390625,0.3339748272
853,3,628386219,False,0.217874735593796,6140,5340,4900,0.010891706953521,2.88241592911692e-05,0.0132814752174652,460.775805576895,5.71933455078125e-05,167117360,797,345321189376.0,1619767808.0,21512906.0,46688.4453125,1.9842155648
854,1,628381643,False,0.0,0,0,0,0.0,0.0,0.0,0.0,0.0,167117360,634,16650091520.0,130368600.0,0.0,0.0,0.159701535
855,3,628384379,False,0.307765305042267,4610,5160,1670,0.0109038452182351,2.13313516085658e-05,0.00511794818687136,239.926108799229,5.72570846416895e-05,167117360,111,369911546368.0,2191163416.0,11214260.832056,46740.4772585221,2.6841751846
856,3,628386147,False,0.0,0,0,0,0.0,0.0,0.0,0.0,0.0,167117360,767,853507538944.0,4070748672.0,0.0,0.0,4.9866671232
857,2,628379828,False,0.0,0,0,0,0.0,0.0,0.0,0.0,0.0,167117360,998,37872594944.0,192810592.0,0.0,0.0,0.2361929752
858,1,628380744,False,0.0,0,0,0,0.0,0.0,0.0,0.0,0.0,167117360,1005,3624524288.0,24860700.0,0.0,0.0,0.0304543575
859,3,628387523,False,0.245771840214729,6190,4630,6210,0.0108761894957285,0.000212069187574917,0.0891070970517288,420.179367265461,5.71118619232178e-05,167117360,1096,46162231296.0,219843008.0,19589572.25,46621.9281005859,0.2693076848
860,1,628383982,False,0.0,0,0,0,0.0,0.0,0.0,0.0,0.0,167117360,41,23661096960.0,131492704.0,0.0,0.0,0.1610785624
861,1,628380302,False,0.365840137004852,7700,6390,5520,0.0197063494888157,0.00525733828544617,1.98144030570984,376.890380859375,0.000103479836523437,167117360,1126,1243451904.0,16067700.0,31837188.0,84473.3359375,0.0196829325
862,2,628378818,False,0.0,0,0,0,0.0,0.0,0.0,0.0,0.0,167117360,356,911032448.0,5605200.0,0.0,0.0,0.00686637
863,1,628382042,False,0.0,0,0,0,0.0,0.0,0.0,0.0,0.0,167117360,451,33177798656.0,188746208.0,0.0,0.0,0.2312141048
864,2,628378688,False,0.115461491048336,5240,4790,6020,0.000374919224232087,7.52961432226584e-06,0.00267100846394897,354.733764648438,1.96873500366211e-06,167117360,310,14996409344.0,213441296.0,570103.5,1607.13061523438,0.2614655876
865,3,628386930,False,0.0,0,0,0,0.0,0.0,0.0,0.0,0.0,167117360,911,357520816.0,6123600.0,0.0,0.0,0.00750141
866,2,628379375,False,0.0,0,0,0,0.0,0.0,0.0,0.0,0.0,167117360,811,128868564992.0,506958304.0,0.0,0.0,0.6210239224
867,3,628387502,False,0.494231253862381,8030,6200,4120,0.222369342354145,2.483805843849e-05,0.00633017824367966,254.858013936797,0.00116768167578125,167117360,1089,6687609526272.0,38376974336.0,242933088.0,953209.53125,47.0117935616
868,3,628387723,False,0.085826463997364,8680,2710,3800,0.00141268357535075,1.1903655555192e-06,0.000292653265211102,245.851590592653,7.4181301574707e-06,167117360,294,992327892992.0,5087190592.0,1488782.9375,6055.61645507812,6.2318084752
869,2,628379185,False,0.0,0,0,0,0.0,0.0,0.0,0.0,0.0,167117360,662,2508964096.0,17704800.0,0.0,0.0,0.02168838
870,2,628379748,False,0.0846626460552216,5800,5560,9000,0.00178029590345879,9.82374058366986e-06,0.00232371804304421,236.541076660156,9.34849598388672e-06,167117360,956,59185025024.0,776835008.0,1805145.5,7631.42529296875,0.9516228848
871,1,628381804,False,0.0,0,0,0,0.0,0.0,0.0,0.0,0.0,167117360,496345672,7787378688.0,43132500.0,0.0,0.0,0.0528373125
872,1,628381940,False,0.23826077580452,5330,5990,5250,0.0181707228042037,0.000311577168758959,0.126082345843315,404.658477783203,9.54161208984375e-05,167117360,523,43732869120.0,249988496.0,31519136.0,77890.7109375,0.3062359076
873,2,628378457,False,0.199870944023132,7270,3400,6280,0.000729903472076738,2.01698385353666e-05,0.00564616546034813,279.931121826172,3.83278963012695e-06,167117360,186,20982579200.0,155123104.0,875850.6875,3128.80786132812,0.1900258024
874,1,628382247,False,0.219673931598663,6400,7110,4830,0.00094929471689643,0.000361306563718244,0.136132627725601,376.778717041016,4.98483304443359e-06,167117360,349,805290240.0,11262600.0,1533207.375,4069.25146484375,0.013796685
875,3,628384995,False,0.119714938104153,10700,4050,6540,0.00332146946684148,2.30714986057951e-06,0.0005636828663375,244.320005374906,1.74413387746632e-05,167117360,339,1229785665920.0,6171175880.0,3478586.10871124,14237.8275711536,7.559690453
876,3,628387742,False,0.173980623483658,8400,5580,5410,0.00112365965057227,0.000167623161091405,0.0431464131970545,257.401261950469,5.90043919677734e-06,167117360,607344850,6546395136.0,28735200.0,1239820.8125,4816.68505859375,0.03520062
877,1,628380798,False,0.534481704235077,9760,7040,5610,0.299505670087663,0.000236774280775878,0.0562425543114418,237.536586014083,0.00157273156025696,167117360,967,184283376300.0,5422305556.0,304964314.726562,1283862.49816895,6.6423243061
878,3,628385361,False,0.130227252840996,9920,1900,1930,0.0010856294180898,2.79275947079412e-05,0.00908302998179534,325.234954058274,5.70073898124695e-06,167117360,421,22453650432.0,166633200.0,1513534.3515625,4653.6644744873,0.20412567
879,3,628386124,False,0.0,0,0,0,0.0,0.0,0.0,0.0,0.0,167117360,755,61963663360.0,348728384.0,0.0,0.0,0.4271922704
880,2,628378042,False,0.0,0,0,0,0.0,0.0,0.0,0.0,0.0,167117360,2,6128418304.0,51414300.0,0.0,0.0,0.0629825175
881,3,628386084,False,0.24939201772213,5510,4590,6020,0.00482173016073284,8.26247803348538e-05,0.0315668003748679,382.050036888897,2.53193443603516e-05,167117360,737,21607126944.0,250153192.0,7896535.875,20668.8525390625,0.3064376602
882,3,628387778,False,0.621113538742065,7820,6290,6060,0.0839193963678258,0.00303472525019449,1.10723653922579,364.855612268303,0.000440668395849609,167117360,606826651,22130513920.0,118537684.0,131249255.0,359729.302734375,0.1452086629
883,2,628380231,False,0.0,0,0,0,0.0,0.0,0.0,0.0,0.0,167117360,312782574,31599274752.0,221438700.0,0.0,0.0,0.2712624075
884,1,628380308,False,0.127360254526138,9890,3960,1040,0.00389500632260055,3.78933873435017e-05,0.00891626253724098,235.298629760742,2.04530330566406e-05,167117360,1121,54423076864.0,440613888.0,3928629.0,16696.353515625,0.5397520128
885,1,628381151,False,0.0,0,0,0,0.0,0.0,0.0,0.0,0.0,167117360,800,69452685312.0,324194400.0,0.0,0.0,0.39713814
886,2,628378832,False,0.0962987244129181,12070,4620,6880,0.00616811551511568,3.35957927517377e-06,0.000919646571185409,273.73861304042,3.23893365193844e-05,167117360,370,1219804897920.0,7870114840.0,7237724.12744141,26440.2747097015,9.640890679
887,2,628378925,False,0.0,0,0,0,0.0,0.0,0.0,0.0,0.0,167117360,452,2253152000.0,18117000.0,0.0,0.0,0.022193325
888,1,628384057,False,0.527074873447418,5110,6920,2890,0.0520358369739009,0.000466764473774147,0.102800662031611,220.240973355124,0.000273244920703125,167117360,21,14092115200.0,477879296.0,49126308.0,223057.078125,0.5854021376
889,2,628378208,False,0.0,0,0,0,0.0,0.0,0.0,0.0,0.0,167117360,75,230514832.0,5153400.0,0.0,0.0,0.006312915
890,3,628385639,False,0.0127118909731507,7920,2370,6120,3.41068743902554e-05,3.70986210717057e-06,0.000763791255436548,205.881305927857,1.79098304748535e-07,167117360,531,6601919488.0,39409200.0,30100.40234375,146.202697753906,0.04827627
891,3,628385481,False,0.10989423841238,8190,5490,7770,0.0012417550226266,9.44267213585078e-07,0.000242414948771397,256.722827271558,6.52056875457764e-06,167117360,463,1091053912064.0,5637083648.0,1366513.34375,5322.91326904297,6.9054274688
892,3,628385813,False,0.0290043614804745,6830,3220,3350,0.000146517449977931,4.61004320143715e-07,0.000103235992044648,223.937146646402,7.69376478385925e-07,167117360,603,47236858880.0,1362378624.0,140646.508789062,628.062431335449,1.6689138144
893,1,628378407,False,0.0422874167561531,9220,5560,2970,0.000107163355517729,2.42281771534181e-06,0.000541709829121828,223.586715698242,5.62724542999267e-07,167117360,589508447,30988201984.0,189600304.0,102708.3515625,459.366973876953,0.2322603724
894,2,628379101,False,0.0,0,0,0,0.0,0.0,0.0,0.0,0.0,167117360,608,13519025152.0,107451904.0,0.0,0.0,0.1316285824
895,3,628384554,False,0.0,0,0,0,0.0,0.0,0.0,0.0,0.0,167117360,169,56562245632.0,219634208.0,0.0,0.0,0.2690519048
896,1,628383669,False,0.0913078710436821,6270,4130,4980,0.000255585964509332,5.92919492660813e-06,0.00227213155170813,383.210803461969,1.34210518493652e-06,167117360,127,37828455424.0,184779904.0,419844.25,1095.59606933594,0.2263553824
897,2,628379301,False,0.0479233451187611,10130,1840,9230,0.000463526972653745,2.27847667702008e-05,0.00480311969295144,210.803985595703,2.43402236328125e-06,167117360,750,10210476032.0,87205504.0,418858.46875,1986.95703125,0.1068267424
898,1,628381111,False,0.377013474702835,9320,2090,3870,0.0447855857047783,2.30547091880596e-05,0.00566864220091736,245.877844507934,0.000235173190750885,167117360,822,1293649430528.0,8327067296.0,47203165.0839844,191978.114898682,10.2006574376
899,3,628386325,False,0.0515494532883167,9170,3720,710,0.00123758794636708,2.2800946667267e-05,0.0054253225088968,237.942862113062,6.49868705749512e-06,167117360,836,25614170112.0,232668000.0,1262298.9375,5305.05065917969,0.2850183
900,1,628380909,False,0.00673735095188022,7380,5080,750,1.03282216586918e-05,1.2457008636009e-07,2.7617695542073e-05,221.704073177244,5.4234432888031e-08,167117360,922,52469347456.0,355406404.0,9815.505859375,44.273006439209,0.4353728449
901,2,628379729,False,0.0,0,0,0,0.0,0.0,0.0,0.0,0.0,167117360,945,75457093632.0,423906304.0,0.0,0.0,0.5192852224
902,1,628380930,False,0.0399355031549931,11130,4170,5250,0.00042562564557086,3.33345924445894e-05,0.00913887098431587,274.15576171875,2.23499904174805e-06,167117360,912,11702394880.0,54732600.0,500194.1875,1824.48901367188,0.067047435
903,1,628378479,False,0.0,0,0,0,0.0,0.0,0.0,0.0,0.0,167117360,312782648,14895905792.0,81117904.0,0.0,0.0,0.0993694324
904,1,628381064,False,0.0,0,0,0,0.0,0.0,0.0,0.0,0.0,167117360,844,240228352000.0,1294392576.0,0.0,0.0,1.5856309056
905,1,628381970,False,0.0,0,0,0,0.0,0.0,0.0,0.0,0.0,167117360,501,9338256384.0,44468100.0,0.0,0.0,0.0544734225
906,3,628386268,False,0.0,0,0,0,0.0,0.0,0.0,0.0,0.0,167117360,816,55250184192.0,211433408.0,0.0,0.0,0.2590059248
907,2,628378977,False,0.204306498169899,550,5640,6580,0.0186344511672942,1.13462610897841e-05,0.00262781628407538,231.601959228516,9.785120078125e-05,167117360,507,944910893056.0,7040075264.0,18500024.0,79878.53125,8.6240921984
908,3,628384755,False,0.0508709289133549,7780,1020,9160,0.000755333029997394,2.10704666683241e-05,0.0044249396824932,210.006724205371,3.96632255554199e-06,167117360,312782604,27015514112.0,153666000.0,679962.78125,3237.81433105469,0.18824085
909,2,628378965,False,0.621113538742065,7820,6290,6060,0.194020162115945,0.00354015401017698,1.31522823214526,371.517235793793,0.00101881754758301,167117360,491,39037215360.0,234929834.0,308986350.25,831687.793945312,0.28778904665
910,1,628383720,False,0.308400541543961,7160,6040,5640,0.0328651842243483,0.00152688706293702,0.426132261753082,279.085662841797,0.0001725780765625,167117360,118,5528239616.0,92266200.0,39317604.0,140880.0625,0.113026095
911,1,628380914,False,0.0890017971396446,10560,3340,4310,0.00350184201328457,8.17709591921932e-06,0.00226928978034472,277.517813507729,1.83884914489746e-05,167117360,920,454498377728.0,1835738944.0,4165823.625,15011.0134277344,2.2487802064
912,2,628379745,False,0.0231918673962355,12730,7250,7080,0.000502844183859377,9.33979299588827e-06,0.00231574778445065,247.944213867188,2.64048062133789e-06,167117360,955,28057980928.0,230786096.0,534442.375,2155.49438476562,0.2827129676
913,1,628381183,False,0.178685590624809,4910,2850,4810,0.00619133985425009,7.56082092690443e-06,0.00243168758423319,321.616873054125,3.25112896400452e-05,167117360,776,201039608320.0,3510178132.0,8535656.58203125,26539.8282775879,4.2999682117
914,1,628380224,False,0.432747572660446,6780,6690,4650,0.250229052248472,0.000419240567398301,0.138606762572925,330.613908460918,0.00131397555061035,167117360,290,425204265344.0,2558514576.0,354627422.375,1072633.10253906,3.1341803556
915,2,628380622,False,0.0,0,0,0,0.0,0.0,0.0,0.0,0.0,167117360,560581563,11137603584.0,79039800.0,0.0,0.0,0.096823755
916,1,628380635,False,0.0,0,0,0,0.0,0.0,0.0,0.0,0.0,167117360,1085,2755979776.0,33113700.0,0.0,0.0,0.0405642825
917,3,628384794,False,0.283493250608444,5940,7240,3760,0.0173061276879969,0.000739244669284706,0.166545791904081,225.291840203909,9.08760531738281e-05,167117360,260,14971359232.0,100351800.0,16713170.0,74184.533203125,0.122930955
918,1,628382340,False,0.324596226215363,6270,1760,1650,0.0265507064557422,4.02234855957362e-05,0.00879734075282593,218.711546812305,0.000139420178515625,167117360,329,709789860864.0,2829500948.0,24892084.0,113812.390625,3.4661386613
919,2,628380089,False,0.0,0,0,0,0.0,0.0,0.0,0.0,0.0,167117360,526157196,6131350528.0,50499900.0,0.0,0.0,0.0618623775
920,1,628380587,False,0.172474190592766,6320,4140,4980,0.00281799350412726,0.000240624707657844,0.0823750495910645,342.338287353516,1.4797540625e-05,167117360,1113,8359328256.0,50201100.0,4135318.25,12079.625,0.0614963475
921,2,628379682,False,0.202302291989326,10520,3370,6890,0.0140406601249448,3.27861234673872e-05,0.0095027569453797,289.840821066639,7.37287854980469e-05,167117360,920,437318311936.0,1835738944.0,17444581.0,60186.763671875,2.2487802064
922,2,628379597,False,0.0,0,0,0,0.0,0.0,0.0,0.0,0.0,167117360,857,40674082816.0,240640192.0,0.0,0.0,0.2947842352
923,1,628382090,False,0.151238217949867,9930,1900,1930,0.00199347034956205,2.39020640416323e-05,0.00661329566215693,276.683036688295,1.04678944217485e-05,167117360,425,54106793728.0,357509708.0,2364317.40109539,8545.21993612126,0.4379493923
924,1,628378105,False,0.215022221207619,6770,6170,4660,0.00550866906765299,0.000244916853262112,0.105557098984718,430.991546630859,2.89265231445312e-05,167117360,576073704,16450443264.0,96414304.0,10177214.0,23613.48828125,0.1181075224
925,3,628386005,False,0.0,0,0,0,0.0,0.0,0.0,0.0,0.0,167117360,702,138787770368.0,510629408.0,0.0,0.0,0.6255210248
926,3,628384955,False,0.0180149730294943,3970,4810,2040,5.60353723995376e-05,2.88370732263209e-07,5.81566564931374e-05,201.673228197289,2.94246845602989e-07,167117360,328,156639977472.0,832960768.0,48442.2132568359,240.201506614685,1.0203769408
927,3,628384858,False,0.0,0,0,0,0.0,0.0,0.0,0.0,0.0,167117360,288,89152724992.0,470984384.0,0.0,0.0,0.5769558704
928,1,628383064,False,0.0,0,0,0,0.0,0.0,0.0,0.0,0.0,167117360,148,14349894656.0,65983500.0,0.0,0.0,0.0808297875
929,3,628384872,False,0.0,0,0,0,0.0,0.0,0.0,0.0,0.0,167117360,312782554,76105713664.0,384046208.0,0.0,0.0,0.4704566048
930,1,628381148,False,0.0999232679605484,5640,4670,5000,0.000721318008669043,2.53827965934761e-05,0.00959776435047388,378.120819091797,3.78770657958984e-06,167117360,802,10128748544.0,121815000.0,1169151.625,3092.00537109375,0.149223375
931,1,628382432,False,0.0,0,0,0,0.0,0.0,0.0,0.0,0.0,167117360,304,31914946560.0,189279904.0,0.0,0.0,0.2318678824
932,2,628379103,False,0.141766011714935,7620,4560,5720,0.001138534521373,8.17733744042926e-05,0.0212931092828512,260.391693115234,5.97854849853516e-06,167117360,609,8320741888.0,59682600.0,1270828.125,4880.44775390625,0.073111185
933,1,628381052,False,0.0,0,0,0,0.0,0.0,0.0,0.0,0.0,167117360,850,622259520.0,38280600.0,0.0,0.0,0.046893735
934,3,628386392,False,0.0,0,0,0,0.0,0.0,0.0,0.0,0.0,167117360,862,360535506944.0,1865833216.0,0.0,0.0,2.2856456896
935,3,628387228,False,0.0,0,0,0,0.0,0.0,0.0,0.0,0.0,167117360,990,43565776896.0,192254400.0,0.0,0.0,0.23551164
936,1,628382142,False,0.0,0,0,0,0.0,0.0,0.0,0.0,0.0,167117360,393,533441792.0,3960900.0,0.0,0.0,0.0048521025
937,1,628383057,False,0.296685576438904,5790,4830,5640,0.0129125551905519,0.000276730512268841,0.113903269171715,411.603576660156,6.78050037109375e-05,167117360,149,25107677184.0,200017792.0,22782680.0,55351.0234375,0.2450217952
938,3,628385737,False,0.560170233249664,6160,7020,4000,1.96519791137654,3.42449984223073e-05,0.0101490514698448,296.365949406313,0.0103194332730606,167117360,567,44387550061364.5,245992920128.0,2496594807.59649,8424027.16168211,301.3413271568
939,3,628387541,False,0.0,0,0,0,0.0,0.0,0.0,0.0,0.0,167117360,1101,286463131648.0,1358627456.0,0.0,0.0,1.6643186336
940,2,628379918,False,0.0960081070661545,12200,6820,6280,0.000526903278718745,1.91297249330091e-06,0.000519165478181094,271.392028808594,2.76681712036133e-06,167117360,1048,143975104512.0,1180689280.0,612973.125,2258.62622070312,1.446344368
941,2,628379794,False,0.156239345669746,8340,5780,5820,0.00178151461176364,0.000220801113755442,0.0591208599507809,267.756164550781,9.35489553222656e-06,167117360,606826659,6977257984.0,34586100.0,2044760.0,7636.6494140625,0.0423679725
942,1,628380639,False,0.0999232679605484,5640,4670,5000,0.000721318008669043,1.41348555913696e-05,0.00534468327199067,378.120826027683,3.78770657958984e-06,167117360,1083,14411469440.0,218750404.0,1169151.625,3092.00537109375,0.2679692449
943,3,628387672,False,0.00128973717801273,4690,3380,6200,9.12862274815366e-07,7.71442739685677e-09,1.61843956569508e-06,209.793868350425,4.79352297186851e-09,167117360,250,56722300928.0,507241792.0,820.940185546875,3.91307997703552,0.6213711952
944,1,628383692,False,0.0,0,0,0,0.0,0.0,0.0,0.0,0.0,167117360,123,12304040960.0,78842704.0,0.0,0.0,0.0965823124
945,3,628387606,False,0.142439246177673,10700,4030,6550,0.0019725010856504,2.44010630171388e-06,0.000721297946895419,295.601034425752,1.03577829065323e-05,167117360,1132,514305544192.0,3465149440.0,2499405.17675781,8455.33298492432,4.244808064
946,3,628384992,False,0.122846126556396,5990,3230,5510,0.000537504383600538,0.000123579679138324,0.0351520530293278,284.448489221127,2.82248448791504e-06,167117360,338,1341350784.0,18644400.0,655388.9375,2304.06896972656,0.02283939
947,3,628385706,True,0.885656118392944,7730,6480,5950,0.0367525263194898,0.127307376341699,45.1308261994418,354.502837905548,0.0001929908640625,167117360,557,243116224.0,1237505.375,55849640.0,157543.5625,0.001515944084375
948,1,628382539,False,0.267070591449738,5410,4640,5040,0.00842198267029388,2.25097175206042e-05,0.00901790493610419,400.622750056711,4.42245982910156e-05,167117360,275,205946610944.0,1603827896.0,14463167.5,36101.712890625,1.9646891726
949,2,628378474,False,0.108458831906319,8760,4070,5700,0.000536284621640972,9.17744691832922e-05,0.0421824157238007,459.631256103516,2.81607940673828e-06,167117360,197,2277594368.0,25048800.0,1056618.875,2298.84033203125,0.03068478
950,1,628381949,False,0.400607585906982,5850,5890,5370,0.110916492016814,0.00259969267062843,1.01862418651581,391.824829101562,0.0005824326046875,167117360,515,26768044032.0,182888992.0,186295152.0,475455.1875,0.2240390152
951,1,628382073,False,0.179901465773582,5460,4560,5360,0.000608140171327306,2.14860101550585e-05,0.00935029610991478,435.1806640625,3.19339944458008e-06,167117360,436,10692179968.0,121328096.0,1134453.625,2606.85668945312,0.1486269176
952,3,628384952,False,0.000346401357091963,6200,6360,3390,2.1656047282965e-07,1.34405145690058e-09,2.80234737911414e-07,208.500006806021,1.13717877268791e-09,167117360,327,118973046784.0,690679808.0,193.552474975586,0.928309202194214,0.8460827648
953,1,628381831,False,0.0,0,0,0,0.0,0.0,0.0,0.0,0.0,167117360,577,65858838528.0,235408496.0,0.0,0.0,0.2883754076
954,2,628378845,False,0.0,0,0,0,0.0,0.0,0.0,0.0,0.0,167117360,380,450511552.0,10040400.0,0.0,0.0,0.01229949
955,3,628384989,False,0.11217300593853,5850,570,4170,0.00146997533867233,2.97659960462646e-06,0.000681318063506734,228.891404288228,7.71897442626953e-06,167117360,337,449203619968.0,2116913408.0,1442291.34375,6301.20361328125,2.5932189248
956,3,628385992,False,0.0921381637454033,8620,2040,1200,0.000685597291216393,2.89775975912352e-05,0.00678853338421127,234.268329623867,3.60013383789062e-06,167117360,696,14165223424.0,101419200.0,688487.625,2938.884765625,0.12423852
957,1,628383102,False,0.0324673503637314,8450,3100,3470,0.00010753133730844,3.33069363000377e-07,8.51321811676432e-05,255.598955126794,5.64656848907471e-07,167117360,138,217179052032.0,1383929048.0,117816.8984375,460.944366455078,1.6953130838
958,3,628387621,False,0.0133976573124528,2290,3800,6610,6.95042221844842e-06,1.19384501097493e-07,3.01426893395463e-05,252.484108594053,3.64973002910614e-08,167117360,204,30201633792.0,249560992.0,7522.439453125,29.7937145233154,0.3057122152
959,1,628381722,False,0.0,0,0,0,0.0,0.0,0.0,0.0,0.0,167117360,610,96119865344.0,542695488.0,0.0,0.0,0.6648019728
960,3,628385336,False,0.130227252840996,9920,1900,1930,0.0010856294180898,4.21886194704891e-06,0.00137212137152665,325.234954058274,5.70073898124695e-06,167117360,409,192838163200.0,1103061568.0,1513534.3515625,4653.6644744873,1.3512504208
961,3,628385542,False,0.0796767175197601,5690,5880,2640,0.000668433028055161,1.74243686794318e-05,0.00440025750749538,252.534687967753,3.51000272827148e-06,167117360,1105,30388811776.0,164442592.0,723589.75,2865.30834960938,0.2014421752
962,1,628380222,False,0.085826463997364,8680,2710,3800,0.000938974140463816,1.58241023514959e-06,0.000380203393213069,240.268537682409,4.93063875732422e-06,167117360,294,503132260352.0,2543595296.0,967083.5625,4025.01123046875,3.1159042376
963,1,628381344,False,0.527074873447418,5110,6920,2890,0.0520358369739009,0.000548184209037572,0.120732620358467,220.240966796875,0.000273244920703125,167117360,665,11127219200.0,406901696.0,49126308.0,223057.078125,0.4984545776
964,1,628382980,False,0.0107831498607993,7070,3160,3290,1.00787092803407e-05,1.32914582728842e-07,2.99026090092466e-05,224.976134260984,5.29242206573486e-08,167117360,170,55973056512.0,325046692.0,9719.744140625,43.2034454345703,0.3981821977
965,2,628379105,False,0.0,0,0,0,0.0,0.0,0.0,0.0,0.0,167117360,610,93177683968.0,542695488.0,0.0,0.0,0.6648019728
966,2,628378902,False,0.134364694356918,5480,4600,6020,0.00173987167134834,6.14708624198101e-05,0.0230972152203321,375.742523193359,9.13622465820312e-06,167117360,436,9967269888.0,121328096.0,2802341.25,7458.142578125,0.1486269176
967,3,628385545,False,0.0,0,0,0,0.0,0.0,0.0,0.0,0.0,167117360,488,4046447872.0,39360600.0,0.0,0.0,0.048216735
968,3,628387255,False,0.0535431578755379,7760,2190,1000,0.000978829399026953,2.16941356341568e-06,0.000462851297146921,213.353186756228,5.13992235107422e-06,167117360,1002,397977415680.0,1934096408.0,895199.03125,4195.85498046875,2.3692680998
969,1,628381327,False,0.137149438261986,5200,4420,1080,0.00172065130067644,6.97601307944798e-06,0.00156555663028267,224.419967745611,9.03529674072266e-06,167117360,677,201790941184.0,1057301980.0,1655266.125,7375.75244140625,1.2951949255
970,3,628385024,False,0.219673931598663,6400,7110,4830,0.00258776698678416,0.000492458884417508,0.155926445714133,316.628353448363,1.35886002075195e-05,167117360,349,1386260544.0,22525200.0,3512274.375,11092.7348632812,0.02759337
971,2,628379198,False,0.255339682102203,7230,270,6940,0.00374453007649143,7.03131954651326e-05,0.0151669578626752,215.705718994141,1.96628685791016e-05,167117360,671,28484165632.0,228283200.0,3462361.75,16051.3212890625,0.27964692
972,2,628379801,False,0.0,0,0,0,0.0,0.0,0.0,0.0,0.0,167117360,982,4213599744.0,27756000.0,0.0,0.0,0.0340011
973,2,628379781,False,0.0,0,0,0,0.0,0.0,0.0,0.0,0.0,167117360,973,18465114112.0,135714592.0,0.0,0.0,0.1662503752
974,3,628384634,False,0.0,0,0,0,0.0,0.0,0.0,0.0,0.0,167117360,312782644,60907538432.0,346651200.0,0.0,0.0,0.42464772
975,3,628386243,False,0.0142811443656683,8010,310,3890,3.20742320549084e-05,8.01291309838341e-07,0.000180804188027412,225.641019448831,1.68424714660645e-07,167117360,805,30653280256.0,171584992.0,31023.28515625,137.489562988281,0.2101916152
976,3,628387320,False,0.222750708460808,11970,4640,9280,0.0257566116614381,2.51219415062407e-05,0.00573449309051486,228.266318074593,0.000135250314404297,167117360,1025,903113572352.0,4394899968.0,25202523.5,110408.419921875,5.3837524608
977,2,628379097,False,0.369614958763123,3460,5980,5760,0.0534219645205296,0.000709122745320201,0.173440262675285,244.584259033203,0.000280523602734375,167117360,605,40343494656.0,322932608.0,56009516.0,228998.859375,0.3955924448
978,3,628384718,False,0.0,0,0,0,0.0,0.0,0.0,0.0,0.0,167117360,312782616,51933003776.0,219864608.0,0.0,0.0,0.2693341448
979,2,628379988,False,0.254113554954529,10090,4340,7900,0.010496703760429,1.48665949382121e-05,0.00374110485427082,251.645050048828,5.51191477539062e-05,167117360,1091,736576405504.0,3026599168.0,11322825.0,44995.22265625,3.7075839808
980,2,628379786,False,0.0142610175535083,8680,4070,5700,1.02001590049032e-05,3.81666131943348e-06,0.00156265893019736,409.430877685547,5.3561964225769e-08,167117360,975,1633087488.0,11456100.0,17901.9765625,43.7240524291992,0.0140337225
981,3,628386998,False,0.254113554954529,10090,4340,7900,0.0190382800001151,1.34820604592032e-05,0.00356047329092506,264.089699174624,9.99717427734375e-05,167117360,928,1494262677504.0,6053198336.0,21552251.0,81609.5859375,7.4151679616
982,3,628385324,False,0.0192840769886971,8260,1240,1900,0.000303116157941533,1.90406826918114e-06,0.000414499412809114,217.691465961656,1.59169056091309e-06,167117360,402,125828203776.0,682401600.0,282855.0625,1299.33923339844,0.83594196
983,2,628379286,False,0.044828187674284,7470,2470,10530,0.00063216446710385,1.60588206199463e-05,0.00327762961387634,204.101516723633,3.31955321044922e-06,167117360,735,20384143360.0,168744608.0,553082.3125,2709.83935546875,0.2067121448
984,1,628381071,False,0.534481704235077,9760,7040,5610,0.180605602305003,0.00574535131454468,1.38205885887146,240.552551269531,0.000948376471875,167117360,841,2927432192.0,134749792.0,186232144.0,774184.875,0.1650684952
985,3,628385286,False,0.0,0,0,0,0.0,0.0,0.0,0.0,0.0,167117360,380,855173120.0,20080800.0,0.0,0.0,0.02459898
986,3,628384541,False,0.0,0,0,0,0.0,0.0,0.0,0.0,0.0,167117360,164,18229990.0,388800.0,0.0,0.0,0.00047628
987,2,628379363,False,0.2099998742342,5990,5380,6840,0.00339342270846316,0.000119412739877589,0.0337286107242107,282.454040527344,1.78191718017578e-05,167117360,802,10491761664.0,121815000.0,4108650.75,14546.2626953125,0.149223375
988,2,628379855,False,0.0,0,0,0,0.0,0.0,0.0,0.0,0.0,167117360,1015,112998719488.0,538884928.0,0.0,0.0,0.6601340368
989,1,628383708,False,0.307765305042267,4610,5160,1670,0.0095386548245072,0.000215296269743703,0.0524908974766731,243.807723999023,5.00883455078125e-05,167117360,120,29604448256.0,189917104.0,9968919.0,40888.4453125,0.2326484524
990,3,628386156,False,0.732387006282806,9170,6880,5700,0.434127956598625,0.000123747630182773,0.033776855989509,272.949517818008,0.0022796454515625,167117360,771,2084536232320.0,15038147072.0,507941328.0,1860935.0625,18.4217301632
991,2,628378696,False,0.0,0,0,0,0.0,0.0,0.0,0.0,0.0,167117360,318,2178471680.0,7812000.0,0.0,0.0,0.0095697
992,3,628384173,False,0.0508709289133549,7780,1020,9160,0.00080076777117031,1.55239695219556e-06,0.000325686205310281,209.795700029983,4.20490452079773e-06,167117360,22,460447792896.0,2211145232.0,720139.5,3432.57511901855,2.7086529092
993,3,628385485,False,0.26407378911972,8740,5170,7900,0.00926168214675015,3.16752535275923e-05,0.00735990411748387,232.355018439636,4.86339367431641e-05,167117360,466,109086330880.0,1253381376.0,9224766.75,39701.1728515625,1.5353921856
994,2,628379304,False,0.156141951680183,7650,5700,6060,0.000850519656087786,0.000243314032559283,0.0705938115715981,290.134582519531,4.46615620117187e-06,167117360,753,2087374720.0,14984100.0,1057784.75,3645.841796875,0.0183555225
995,1,628380729,False,0.252496331930161,750,5600,4260,0.0369184538140072,9.14313204702921e-05,0.0224652513861656,245.706298828125,0.000193862164453125,167117360,1016,90748313600.0,1730860160.0,38884208.0,158254.828125,2.120303696
996,1,628381056,False,0.196580976247787,8640,3030,3670,0.0164324645345219,0.0001197333476739,0.0293118413537741,244.809341430664,8.6288368359375e-05,167117360,848,11374580964.0,588302976.0,17244244.0,70439.484375,0.7206711456
997,1,628380730,False,0.0,0,0,0,0.0,0.0,0.0,0.0,0.0,167117360,1015,114288943104.0,538884928.0,0.0,0.0,0.6601340368
998,1,628380634,False,0.0,0,0,0,0.0,0.0,0.0,0.0,0.0,167117360,1086,18112671744.0,68735696.0,0.0,0.0,0.0842012276
999,2,628378234,False,0.108742147684097,4220,5020,9540,0.00399446323394517,4.82010415565391e-06,0.00101859656490399,211.322521673975,2.09752903591871e-05,167117360,95,672991494144.0,3552347720.0,3618409.18493652,17122.6860074997,4.351625957
1000,1,628382047,False,0.0,0,0,0,0.0,0.0,0.0,0.0,0.0,167117360,449,1171533568.0,29116800.0,0.0,0.0,0.03566808
1001,1,628381769,False,0.219986692070961,4680,6780,5230,0.00277355911911727,3.57064418494701e-05,0.0102541763335466,287.180023193359,1.45642116210937e-05,167117360,596,56442757120.0,332969408.0,3414327.0,11889.15234375,0.4078875248
1002,2,628382767,False,0.0,0,0,0,0.0,0.0,0.0,0.0,0.0,167117360,312782624,1193414272.0,12833100.0,0.0,0.0,0.0157205475
1003,2,628379617,False,0.0,0,0,0,0.0,0.0,0.0,0.0,0.0,167117360,874,2287359488.0,20143800.0,0.0,0.0,0.024676155
1004,1,628382295,False,0.11217300593853,5850,570,4170,0.000328463587748552,1.33023263684081e-06,0.000286848382746887,215.637757488891,1.72479222412109e-06,167117360,337,229120434432.0,1058456704.0,303616.59375,1407.99365234375,1.2966094624
1005,1,628382115,False,0.130227252840996,9920,1900,1930,0.00102850825072202,7.99376702380043e-06,0.00263734780033602,329.925527286903,5.40079052734375e-06,167117360,409,111694076416.0,551530784.0,1454578.5,4408.80859375,0.6756252104
1006,3,628384503,False,0.0,0,0,0,0.0,0.0,0.0,0.0,0.0,167117360,589508455,9738736896.0,76631400.0,0.0,0.0,0.093873465
1007,3,628387002,False,0.0,0,0,0,0.0,0.0,0.0,0.0,0.0,167117360,182305697,70175553536.0,298328384.0,0.0,0.0,0.3654522704
1008,2,628379134,False,0.0,0,0,0,0.0,0.0,0.0,0.0,0.0,167117360,629,74194378752.0,367669792.0,0.0,0.0,0.4503954952
1009,1,628381002,False,0.101873643696308,8890,340,5130,0.00275080610047282,6.89679813374908e-06,0.00151033001304477,218.990027510601,1.44447334472656e-05,167117360,879,251979575602.891,1709723688.0,2582247.0,11791.619140625,2.0944115178
1010,1,628381979,True,0.493034571409225,7910,6360,5690,0.0112310543958186,0.0647118080035056,34.8654977441709,538.781079061833,5.897528984375e-05,167117360,491,145385632.0,743961.5,25938588.0,48143.09375,0.0009113528375
1011,2,628380216,False,0.043430108577013,8230,5340,5880,0.00015967085009058,7.97415777924471e-05,0.017616081982851,220.914642333984,8.38446180725097e-07,167117360,607344862,1673030784.0,8583300.0,151204.109375,684.445861816406,0.0105145425
1012,3,628384150,False,0.0182208679616451,8250,5250,5620,4.00422253211404e-05,2.19730047258602e-06,0.000436491661502098,198.649054577587,2.1026537322998e-07,167117360,12,12403442176.0,78116400.0,34097.1572265625,171.645202636719,0.09569259
1013,3,628384721,False,0.0,0,0,0,0.0,0.0,0.0,0.0,0.0,167117360,233,38537515008.0,182647808.0,0.0,0.0,0.2237435648
1014,3,628385935,False,0.527074873447418,5110,6920,2890,0.104452150602647,0.000550188305647908,0.125656512377869,228.388191984369,0.000548487758984375,167117360,665,26868110336.0,813803392.0,102259696.0,447745.109375,0.9969091552
1015,3,628384901,False,0.0732749700546265,11800,6760,6180,0.000764741782180847,6.82948799940834e-06,0.00184508152967529,270.163961022428,4.01572877044678e-06,167117360,307,61035036672.0,479998784.0,885636.890625,3278.14593505859,0.5879985104
1016,1,628381179,False,0.0845692753791809,7560,5930,3470,0.000516220871560796,5.08702260049176e-06,0.00192018132656813,377.466644287109,2.71072282714844e-06,167117360,780,73687711744.0,434996096.0,835271.375,2212.8349609375,0.5328702176
1017,1,628378507,False,0.0,0,0,0,0.0,0.0,0.0,0.0,0.0,167117360,312782636,25863761920.0,168287392.0,0.0,0.0,0.2061520552
1018,1,628382189,False,0.131650388240814,4430,1650,2880,0.000339242560937479,8.57298190643482e-07,0.000183190171801514,213.683142926048,1.78139359436035e-06,167117360,369,389155222272.0,1696257928.0,310737.78125,1454.19885253906,2.0779159618
1019,2,628379778,False,0.0,0,0,0,0.0,0.0,0.0,0.0,0.0,167117360,971,21052295168.0,614424576.0,0.0,0.0,0.7526701056
1020,1,628383106,False,0.0823070704936981,13140,5950,5270,0.0017304014227497,5.9346784837544e-06,0.00153509574010968,258.665344238281,9.08649552001953e-06,167117360,136,190318477312.0,1249865088.0,1918662.5,7417.54736328125,1.5310847328
1021,2,628379151,False,0.16497990489006,6250,7460,8260,0.0015135540421433,1.87859895959264e-05,0.00464342068880796,247.174667358398,7.94781016845703e-06,167117360,639,57999380480.0,345364192.0,1603671.25,6488.00830078125,0.4230711352
1022,1,628380177,False,0.0,0,0,0,0.0,0.0,0.0,0.0,0.0,167117360,1029,12274904064.0,92470496.0,0.0,0.0,0.1132763576
1023,3,628387241,True,0.920122146606445,7670,6970,5720,0.999999952674306,0.115994875656208,158.731928526714,1368.43914551167,0.00525109085703125,167117360,997,12169331968.0,36955122.0,5865957784.0,4286604.78125,0.04527002445
1024,2,628379401,False,0.0235037431120872,10860,1160,6780,0.000117239398624478,5.59745046757598e-07,0.000146059552207589,260.939422607422,6.15634763336182e-07,167117360,828,162174287872.0,897835520.0,131137.453125,502.558990478516,1.099848512
1025,3,628386944,False,0.248516708612442,8580,2620,7500,0.0156287207689974,0.000370751220507487,0.0905212138015611,244.156212561229,8.20678366210937e-05,167117360,916,6000434944.0,180698400.0,16357038.5,66994.15234375,0.22135554
1026,2,628378804,False,0.20033472776413,4930,2460,9730,0.0123657183023492,1.89694732895238e-05,0.00514433081148046,271.189965739402,6.49335133911133e-05,167117360,345,634648194560.0,2794329020.0,14374952.875,53006.9497070312,3.4230530495
1027,1,628382987,False,0.0,0,0,0,0.0,0.0,0.0,0.0,0.0,167117360,169,29032691712.0,109817104.0,0.0,0.0,0.1345259524
1028,2,628378521,False,0.0234658773988485,7130,2950,6680,0.000103675181741254,8.22519723442383e-07,0.000176722649484873,214.855209350586,5.44407824707031e-07,167117360,218,75002200064.0,540308672.0,95484.78125,444.41455078125,0.6618781232
1029,2,628378564,False,0.0,0,0,0,0.0,0.0,0.0,0.0,0.0,167117360,237,474292288.0,4190400.0,0.0,0.0,0.00513324
1030,2,628379370,False,0.0138272801414132,4370,3690,9750,4.40182412317022e-05,1.95369409539126e-07,5.43496607861016e-05,278.189208984375,2.31143795013428e-07,167117360,806,204653625344.0,965805312.0,52491.19140625,188.688812255859,1.1831115072
1031,3,628385476,False,0.0,0,0,0,0.0,0.0,0.0,0.0,0.0,167117360,461,3477064064.0,30299400.0,0.0,0.0,0.037116765
1032,2,628379672,False,0.418009042739868,5460,5740,6180,0.0108594343638463,0.00886719301342964,5.69983243942261,642.800048828125,5.70238791992187e-05,167117360,914,1088400384.0,5249700.0,29922410.0,46550.10546875,0.0064308825
1033,3,628384691,False,0.723788797855377,7010,6910,5780,1.18893157146141,0.0200284824097006,6.89448561860898,344.234050167959,0.006243188,167117360,223,18528335520.0,254461616.0,1754381952.0,5096480.0,0.3117154796
1034,2,628379261,False,0.0,0,0,0,0.0,0.0,0.0,0.0,0.0,167117360,718,66847469568.0,394053312.0,0.0,0.0,0.4827153072
1035,1,628381041,False,0.296685576438904,5790,4830,5640,0.0262433473272546,1.97241389039456e-05,0.0078992972031314,400.488824460228,0.000137806207729816,167117360,856,954412159488.0,5703410628.0,45052935.6220703,112494.863452911,6.9866780193
1036,1,628381261,False,0.0951017215847969,2760,4250,4120,0.00121355211734295,4.23735915045411e-06,0.00117065253169283,276.269367341066,6.37247272949219e-06,167117360,723,267993053696.0,1227655804.0,1437158.375,5202.0185546875,1.5038783599
1037,2,628378808,False,0.113863848149776,6560,6860,6830,0.00163847226988773,0.000623611209448427,0.175720259547234,281.778564453125,8.60376716308594e-06,167117360,349,580970304.0,11262600.0,1979067.0,7023.4833984375,0.013796685
1038,1,628381096,False,0.36118745803833,7280,6470,5410,0.0577262631889087,0.00146222743205726,0.52741664648056,360.694000244141,0.0003031258671875,167117360,830,24249989120.0,169227904.0,89253616.0,247449.6875,0.2073041824
1039,1,628381293,False,0.560170233249664,6160,7020,4000,0.251368858103932,5.40491855645087e-05,0.012443732470274,230.229797363281,0.001319960775,167117360,698,2862049349632.0,19935897600.0,248076976.0,1077519.0,24.42147456
1040,3,628384725,False,0.0,0,0,0,0.0,0.0,0.0,0.0,0.0,167117360,234,50088787968.0,281536192.0,0.0,0.0,0.3448818352
1041,1,628382231,False,0.550549983978271,10900,7240,5610,0.465679688797218,0.000143257828312926,0.0330526009202003,230.721069335938,0.002445326471875,167117360,354,1862902888896.0,13934211072.0,460561920.0,1996184.875,17.0694085632
1042,1,628380842,False,0.0,0,0,0,0.0,0.0,0.0,0.0,0.0,167117360,950,126181212160.0,426937504.0,0.0,0.0,0.5229984424
1043,1,628382254,False,0.256216496229172,8980,4700,5650,0.00387041850754169,2.0226703425901e-05,0.00550976813055253,272.400697955411,2.03239201996803e-05,167117360,348,125130378240.0,820250088.0,4519387.79394531,16590.9552650452,1.0048063578
1044,3,628387594,False,0.0,0,0,0,0.0,0.0,0.0,0.0,0.0,167117360,1127,87737364480.0,631436416.0,0.0,0.0,0.7735096096
1045,3,628387505,False,0.0,0,0,0,0.0,0.0,0.0,0.0,0.0,167117360,1090,495786246144.0,1966964352.0,0.0,0.0,2.4095313312
1046,3,628384510,False,0.0199269838631153,6560,3110,3780,7.60771169810355e-05,3.56471211364823e-07,9.73166415032015e-05,273.000002245917,3.99487872314453e-07,167117360,155,185406406656.0,914835584.0,89028.7265625,326.112548828125,1.1206735904
1047,3,628385870,False,0.0,0,0,0,0.0,0.0,0.0,0.0,0.0,167117360,630,256186851328.0,1086213632.0,0.0,0.0,1.3306116992
1048,3,628387549,False,0.0,0,0,0,0.0,0.0,0.0,0.0,0.0,167117360,560581551,28577020928.0,212140800.0,0.0,0.0,0.25987248
1049,3,628384377,False,0.190044477581978,6040,3230,5510,0.00413798112227627,1.36295317934555e-05,0.00368600219142218,270.442319463393,2.17289158660889e-05,167117360,108,50069643264.0,1301430656.0,4797076.25,17737.8905029297,1.5942525536
1050,3,628384382,False,0.0,0,0,0,0.0,0.0,0.0,0.0,0.0,167117360,113,125557891072.0,581914816.0,0.0,0.0,0.7128456496
1051,3,628385864,False,0.0,0,0,0,0.0,0.0,0.0,0.0,0.0,167117360,625,180985208832.0,713068224.0,0.0,0.0,0.8735085744
1052,2,628379651,False,0.0,0,0,0,0.0,0.0,0.0,0.0,0.0,167117360,902,18448752640.0,109265400.0,0.0,0.0,0.133850115
1053,3,628384306,False,0.0,0,0,0,0.0,0.0,0.0,0.0,0.0,167117360,74,30974484480.0,186337792.0,0.0,0.0,0.2282637952
1054,2,628379176,False,0.176198288798332,4290,1030,6680,0.00638468283937073,2.62103349086829e-05,0.00608418229967356,232.129135131836,3.35265512695312e-05,167117360,656,156283355136.0,1044191680.0,6353052.5,27368.61328125,1.279134808
1055,1,628384108,False,0.0217296108603477,11020,1950,4910,8.77109067154185e-05,1.87943573999964e-07,4.64157744250899e-05,246.966541272109,4.60577962112427e-07,167117360,4,446508924928.0,2000504736.0,92854.9765625,375.982009887695,2.4506183016
1056,1,628383037,False,0.0,0,0,0,0.0,0.0,0.0,0.0,0.0,167117360,156,17566101504.0,83042096.0,0.0,0.0,0.1017265676
1057,2,628378386,False,0.0,0,0,0,0.0,0.0,0.0,0.0,0.0,167117360,154,30370130944.0,123313504.0,0.0,0.0,0.1510590424
1058,1,628381172,False,0.430575639009476,8580,5810,4660,0.0335750627322293,8.65501569933258e-05,0.0212186630815268,245.16032409668,0.00017630571328125,167117360,784,31167397126.0,1662885888.0,35284216.0,143923.03125,2.0370352128
1059,2,628379628,False,0.0,0,0,0,0.0,0.0,0.0,0.0,0.0,167117360,884,9413027840.0,73572304.0,0.0,0.0,0.0901260724
1060,3,628387173,False,0.0,0,0,0,0.0,0.0,0.0,0.0,0.0,167117360,974,291529261056.0,1095372032.0,0.0,0.0,1.3418307392
1061,3,628387036,False,0.0,0,0,0,0.0,0.0,0.0,0.0,0.0,167117360,182305705,60399925248.0,232180192.0,0.0,0.0,0.2844207352
1062,2,628379194,False,0.109457768499851,9850,790,7100,0.0030864717421414,2.18299008055887e-06,0.000482989485903862,221.251342461534,1.62073443126678e-05,167117360,669,1000189828608.0,6060717028.0,2927262.6015625,13230.4851531982,7.4243783593
1063,3,628385550,True,0.503686666488647,7920,6270,5960,0.0674838813605118,0.032593381793268,18.0456363186393,553.659526130133,0.000354364009179687,167117360,491,1713210528.0,8875321.5,160160824.0,289276.7421875,0.0108722688375
1064,3,628384889,False,0.0124949458986521,7080,400,7560,4.5434741172916e-05,1.50365679548849e-07,3.10185622067186e-05,206.287513878069,2.38581965255737e-07,167117360,312782546,268367892352.0,1295247616.0,40176.71875,194.760787963867,1.5866783296
1065,3,628385417,False,0.0,0,0,0,0.0,0.0,0.0,0.0,0.0,167117360,441,2066108288.0,21263400.0,0.0,0.0,0.026047665
1066,2,628378880,False,0.0508709289133549,7780,1020,9160,0.000232299170080553,2.17442378466337e-06,0.000455555694993751,209.506398065949,1.21982410583496e-06,167117360,417,84233272960.0,457948808.0,208621.1875,995.774780273438,0.5609872898
1067,2,628380132,False,0.059361856430769,8620,2620,7490,0.000473709434886936,7.98320875888809e-07,0.000205103137209136,256.918168375322,2.48749140014648e-06,167117360,294,489195632640.0,2543595296.0,521699.375,2030.60522460938,3.1159042376
1068,3,628385851,False,0.283493250608444,5940,7240,3760,0.0178791070454451,0.000266546566087204,0.0601136851301438,225.527891852401,9.38848199813843e-05,167117360,619,51855310848.0,287532008.0,17284608.59375,76640.6693725586,0.3522267098
1069,1,628380657,False,0.0,0,0,0,0.0,0.0,0.0,0.0,0.0,167117360,1069,2866580224.0,42514200.0,0.0,0.0,0.052079895
1070,2,628378322,False,0.433098435401917,7690,6390,5720,0.0267719169920555,0.000286161433905363,0.0789453312754631,275.876892089844,0.000140581775195312,167117360,129,10624176128.0,401034592.0,31659808.0,114760.6328125,0.4912673752
1071,1,628380782,False,0.0698858648538589,10700,3960,5380,0.000512778040533606,3.65708001481835e-06,0.00104067847132683,284.565399169922,2.69264420776367e-06,167117360,976,133416378368.0,601046976.0,625496.625,2198.07690429688,0.7362825456
1072,2,628378650,False,0.0,0,0,0,0.0,0.0,0.0,0.0,0.0,167117360,287,497430720.0,3490200.0,0.0,0.0,0.004275495
1073,3,628387603,False,0.798363447189331,7760,6880,5780,7.30119190841317,0.000981334388098638,0.384214317888474,391.522321594069,0.0383392238901293,167117360,1129,5210231593783.53,31892620909.0,12253601588.2271,31297325.6245954,39.068460613525
1074,1,628380874,False,0.0,0,0,0,0.0,0.0,0.0,0.0,0.0,167117360,182305705,31167397888.0,116090096.0,0.0,0.0,0.1422103676
1075,1,628380799,False,0.0772639065980911,5340,6020,2840,0.00139314329232497,1.36429407575633e-05,0.00307485787197948,225.380874633789,7.31552235107422e-06,167117360,966,67044454400.0,437724896.0,1345941.875,5971.85498046875,0.5362129976
1076,1,628380724,False,0.0,0,0,0,0.0,0.0,0.0,0.0,0.0,167117360,1020,97883553792.0,563678080.0,0.0,0.0,0.690505648
1077,2,628379247,False,0.057461716234684,4440,5190,9550,0.000336459203854669,1.28984775074059e-05,0.00228647934272885,177.267395019531,1.76677793273926e-06,167117360,704,20260392960.0,111816896.0,255667.03125,1442.26770019531,0.1369756976
1078,1,628380673,False,0.0,0,0,0,0.0,0.0,0.0,0.0,0.0,167117360,1058,70297812992.0,317895296.0,0.0,0.0,0.3894217376
1079,1,628380754,False,0.702824711799622,9290,6950,5590,4.72276966854045,8.93817559699528e-05,0.0265779346227646,297.352996826172,0.0247996938,167117360,997,37054654674569.6,226496413696.0,6019806720.0,20244648.0,277.4581067776
1080,2,628378989,False,0.0,0,0,0,0.0,0.0,0.0,0.0,0.0,167117360,520,19462332416.0,126495904.0,0.0,0.0,0.1549574824
1081,1,628381738,False,0.191553667187691,2600,6260,5170,0.0120761779728506,0.000160299096023664,0.036198303103447,225.817276000977,6.34131107421875e-05,167117360,605,42004324352.0,322932608.0,11689613.0,51765.8046875,0.3955924448
1082,2,628380005,False,0.050979096442461,8250,2250,6960,0.000163436423945075,7.48446169014719e-07,0.000171891839361245,229.664933134109,8.58219552099705e-07,167117360,1100,147133252096.0,936055816.0,160900.355957031,700.587389469147,1.1466683746
1083,1,628383108,False,0.0,0,0,0,0.0,0.0,0.0,0.0,0.0,167117360,135,2715266560.0,19389600.0,0.0,0.0,0.02375226
1084,2,628378883,False,0.0255998075008392,9320,1600,9560,5.71211673677854e-05,2.93886068902793e-06,0.000707612314727157,240.777770996094,2.99948453903198e-07,167117360,421,8419392512.0,83316600.0,58955.8515625,244.855880737305,0.102062835
1085,1,628380200,False,0.0,0,0,0,0.0,0.0,0.0,0.0,0.0,167117360,549009211,1411082752.0,7360200.0,0.0,0.0,0.009016245
1086,3,628387078,False,0.0,0,0,0,0.0,0.0,0.0,0.0,0.0,167117360,945,157785169920.0,847812608.0,0.0,0.0,1.0385704448
1087,3,628384317,False,0.282363533973694,4950,2850,4810,0.0425483881739313,5.47525642715949e-05,0.0178397622469763,325.825145987388,0.000223425462695312,167117360,81,105133472768.0,3331134080.0,59426640.0,182388.1328125,4.080639248
1088,3,628385951,False,0.0449702106416225,8470,5510,5120,0.000170645315872314,2.56053690355717e-05,0.00320892814857519,125.322472178286,8.96074100379646e-07,167117360,673,1411233728.0,28567800.0,91672.0175628662,731.489061534405,0.034995555
1089,2,628378240,False,0.0627691969275475,8940,2380,10350,0.000570813854948494,1.03490483525093e-05,0.00266151060350239,257.174407958984,2.99739555664062e-06,167117360,97,25747046400.0,236432704.0,629268.125,2446.853515625,0.2896300624
1090,1,628384037,False,0.0,0,0,0,0.0,0.0,0.0,0.0,0.0,167117360,27,3236726784.0,30789000.0,0.0,0.0,0.037716525
1091,3,628386480,False,0.0,0,0,0,0.0,0.0,0.0,0.0,0.0,167117360,902,37333426176.0,218530800.0,0.0,0.0,0.26770023
1092,3,628385822,False,0.114811256527901,11670,5220,8080,0.00473788806412014,1.38503100006603e-05,0.00382146268079399,275.911707435559,2.48790818725586e-05,167117360,607,223567257600.0,1466353792.0,5603616.29296875,20309.4545898438,1.7962833952
1093,3,628387471,False,0.123669669032097,8640,3990,8250,0.0019135770670062,3.29693013691337e-05,0.00659014706263595,199.887373676827,1.00483675163269e-05,167117360,1079,41587236864.0,248799600.0,1639625.953125,8202.74899291992,0.30477951
1094,2,628378168,False,0.339522838592529,7750,5600,6310,0.00139653309889044,0.00026959873503074,0.103916719555855,385.449615478516,7.33332253417969e-06,167117360,54,3642108672.0,22204800.0,2307450.0,5986.3857421875,0.02720088
1095,2,628378420,False,0.122850924730301,8580,5870,5820,0.00271399968617504,3.52460640207489e-05,0.010784535247634,305.978427585142,1.42514596125197e-05,167117360,165,57940439168.0,330075000.0,3559705.47186279,11633.8445816487,0.404341875
1096,2,628378159,False,0.0737313330173492,7460,3400,6110,0.00019535093064373,1.09010334199411e-05,0.00408988958224654,375.183685302734,1.02580553436279e-06,167117360,50,8064043520.0,76817696.0,314175.90625,837.392272949219,0.0941016776
1097,2,628379233,False,0.549885332584381,6060,7040,7380,0.569524772946823,2.58395440887718e-05,0.00619691685186368,239.822994963617,0.00299062646960733,167117360,695,16721960445273.7,94480294308.0,585486527.966286,2441327.7302917,115.7383605273
1098,2,628379277,False,0.0,0,0,0,0.0,0.0,0.0,0.0,0.0,167117360,729,34148145152.0,235562400.0,0.0,0.0,0.28856394
1099,2,628379839,False,0.0,0,0,0,0.0,0.0,0.0,0.0,0.0,167117360,1005,2450961920.0,24860700.0,0.0,0.0,0.0304543575
1100,1,628380092,False,0.0,0,0,0,0.0,0.0,0.0,0.0,0.0,167117360,526322264,22596040.0,423900.0,0.0,0.0,0.0005192775
1101,3,628387573,False,0.0586869679391384,10730,4060,6540,0.000101057070522456,1.39030104760455e-07,4.23316136468618e-05,304.478038909616,5.30659884172678e-07,167117360,1117,487571834368.0,3115812528.0,131897.372131348,433.191742181778,3.8168703468
1102,2,628379809,False,0.0,0,0,0,0.0,0.0,0.0,0.0,0.0,167117360,986,13954977792.0,335231104.0,0.0,0.0,0.4106581024
1103,1,628380616,False,0.593204915523529,7920,6140,5610,1.62625901519515,0.00101917027495801,0.350264519453049,343.676147460938,0.00853963425,167117360,1097,1044919554823.53,6840005120.0,2395811072.0,6971130.0,8.379006272
1104,3,628385783,False,0.0,0,0,0,0.0,0.0,0.0,0.0,0.0,167117360,590,98254360576.0,593756992.0,0.0,0.0,0.7273523152
1105,1,628380794,False,0.11144533008337,2150,3470,5210,0.000825641444355797,2.04222287720768e-05,0.00451137404888868,220.905090332031,4.33551844482422e-06,167117360,969,29859667968.0,173301296.0,781827.0,3539.19873046875,0.2122940876
1106,1,628380583,False,0.0,0,0,0,0.0,0.0,0.0,0.0,0.0,167117360,1116,253887088.0,13062600.0,0.0,0.0,0.016001685
1107,2,628379349,False,0.058334331959486,8390,5140,6540,0.000107200696186594,1.48429060656832e-06,0.000603361030956598,406.497911046926,5.62920622253418e-07,167117360,792,21348121280.0,309593712.0,186796.78125,459.527038574219,0.3792522972
1108,3,628385608,False,0.0,0,0,0,0.0,0.0,0.0,0.0,0.0,167117360,520,42763024384.0,252991808.0,0.0,0.0,0.3099149648
1109,1,628382546,False,0.0,0,0,0,0.0,0.0,0.0,0.0,0.0,167117360,274,46998642688.0,340512288.0,0.0,0.0,0.4171275528
1110,3,628387287,False,0.0945182293653488,7210,3300,3070,0.00187964813923525,1.7100648100167e-05,0.00418051393738444,244.465233884534,9.87020362548828e-06,167117360,1014,66230376192.0,471169808.0,1969731.94921875,8057.30908203125,0.5771830148
1111,2,628378400,False,0.0,0,0,0,0.0,0.0,0.0,0.0,0.0,167117360,158,1083717248.0,23607000.0,0.0,0.0,0.028918575
1112,3,628384314,False,0.179461121559143,8640,6280,4330,0.00945319921231939,4.11528479671113e-05,0.00960989347627524,233.517094222867,4.96396103027344e-05,167117360,78,12321924608.0,984673792.0,9462610.25,40522.130859375,1.2062253952
1113,2,628379872,False,0.0,0,0,0,0.0,0.0,0.0,0.0,0.0,167117360,1026,3004305664.0,32959800.0,0.0,0.0,0.040375755
1114,1,628381240,False,0.0,0,0,0,0.0,0.0,0.0,0.0,0.0,167117360,733,137066119168.0,740097024.0,0.0,0.0,0.9066188544
1115,1,628381711,False,0.0,0,0,0,0.0,0.0,0.0,0.0,0.0,167117360,613,31647195136.0,141534896.0,0.0,0.0,0.1733802476
1116,1,628381226,False,0.11144533008337,2150,3470,5210,0.000825641444355797,4.42646796169411e-06,0.000977829285847721,220.905086021109,4.33551844482422e-06,167117360,746,144527285760.0,799553676.0,781827.0,3539.19873046875,0.9794532531
1117,3,628386321,False,0.334455013275146,6450,5820,7530,0.0500734047212977,7.03235176944656e-05,0.0326381729869718,464.114624196911,0.00026294001015625,167117360,835,562274678784.0,3052249280.0,99619840.0,214644.90625,3.739005368
1118,1,628378648,False,0.0,0,0,0,0.0,0.0,0.0,0.0,0.0,167117360,312782562,40702894080.0,159857104.0,0.0,0.0,0.1958249524
1119,1,628381287,False,0.0,0,0,0,0.0,0.0,0.0,0.0,0.0,167117360,702,72512053248.0,255314704.0,0.0,0.0,0.3127605124
1120,1,628381928,False,0.428897798061371,10940,4160,2140,0.08093692511976,1.50492228772835e-05,0.00384127562560568,255.247440809984,0.000425007167606354,167117360,528,5045571977216.0,23053989528.0,88556728.046875,346944.626617432,28.2411371718
1121,2,628378968,False,0.252721220254898,5170,7250,6930,0.0282787733213643,3.11292546992656e-05,0.00765295265582072,245.844390742875,0.000148494415063477,167117360,493,816273223680.0,3894083936.0,29801240.0,121219.930664062,4.7702528216
1122,1,628382421,False,0.0246370416134596,11040,6880,5280,0.000136620957110255,2.44017314798839e-06,0.0006355433142744,260.450103759766,7.17409092712402e-07,167117360,307,30393993216.0,239999392.0,152530.015625,585.640075683594,0.2939992552
1123,1,628381124,False,0.0,0,0,0,0.0,0.0,0.0,0.0,0.0,167117360,816,30263576576.0,105716704.0,0.0,0.0,0.1295029624
1124,3,628387258,True,0.529010772705078,7760,6620,6070,0.0347458246215556,0.0727651651931136,34.2433684617821,470.60112309101,0.000182453490625,167117360,1004,422017920.0,2046880.875,70092096.0,148941.625,0.002507429071875
1125,2,628379992,False,0.0,0,0,0,0.0,0.0,0.0,0.0,0.0,167117360,1093,139097505792.0,1057071616.0,0.0,0.0,1.2949127296
1126,1,628381177,False,0.0,0,0,0,0.0,0.0,0.0,0.0,0.0,167117360,781,2557921792.0,10564200.0,0.0,0.0,0.012941145
1127,3,628384896,False,0.0,0,0,0,0.0,0.0,0.0,0.0,0.0,167117360,304,65464197120.0,378559808.0,0.0,0.0,0.4637357648
1128,1,628382457,False,0.0,0,0,0,0.0,0.0,0.0,0.0,0.0,167117360,296,44403597312.0,226023296.0,0.0,0.0,0.2768785376
1129,1,628381875,False,0.365840137004852,7700,6390,5520,0.0508592192703362,0.00337593851233226,1.10118113430765,326.18518681103,0.000267066393945312,167117360,557,6283646976.0,64578600.0,71112736.0,218013.3828125,0.079108785
1130,2,628379058,False,0.0846626460552216,5800,5560,9000,0.00138548430466243,1.51789226947585e-05,0.00343051855452359,226.005401611328,7.27530430908203e-06,167117360,579,37055758336.0,391267808.0,1342251.5,5939.02392578125,0.4793030648
1131,1,628382948,False,0.230710461735725,5860,4960,5600,0.00341572601588343,7.67476813052781e-05,0.0420131422579288,547.419067382812,1.79362885009766e-05,167117360,181,38201344000.0,190779296.0,8015237.5,14641.8681640625,0.2337046376
1132,1,628381896,False,0.0,0,0,0,0.0,0.0,0.0,0.0,0.0,167117360,544,29258330112.0,139194000.0,0.0,0.0,0.17051265
1133,3,628387154,False,0.0600936412811279,12140,4600,6890,0.000807887974628964,2.53300647113557e-06,0.000667020858204817,263.331683438529,4.24229335784912e-06,167117360,968,358907215872.0,1367188224.0,911943.0625,3463.09661865234,1.6748055744
1134,1,628381299,False,0.560170233249664,6160,7020,4000,0.484826358782172,2.19685483027891e-05,0.00521227934766017,237.260982192365,0.00254586738033376,167117360,695,17399676185242.9,94601566628.0,493089791.991422,2078259.08598674,115.8869191193
1135,1,628380299,False,0.0,0,0,0,0.0,0.0,0.0,0.0,0.0,167117360,1128,61156552704.0,249867008.0,0.0,0.0,0.3060870848
1136,1,628382774,False,0.567718923091888,6700,7010,5440,0.256501533048678,0.00857518706470728,2.64781713485718,308.776611328125,0.00134691291875,167117360,223,7416879616.0,128221200.0,339506304.0,1099520.75,0.15707097
1137,1,628381214,False,0.254271984100342,5280,7160,3160,0.00973467424211472,2.42515870922944e-05,0.00542213395237923,223.578521728516,5.1117661328125e-05,167117360,754,300140560384.0,1720658688.0,9329642.0,41728.703125,2.1078068928
1138,2,628379163,False,0.0716304555535316,7330,7470,8940,0.00130075290211052,4.96089074835291e-06,0.00105589544056621,212.843921410038,6.83037199478149e-06,167117360,647,156841566208.0,1123954176.0,1186778.08984375,5575.81387329102,1.3768438656
1139,1,628380995,False,0.0,0,0,0,0.0,0.0,0.0,0.0,0.0,167117360,882,9382046720.0,82704600.0,0.0,0.0,0.101313135
1140,1,628380642,False,0.494231253862381,8030,6200,4120,0.0623999825559007,2.50640806223345e-05,0.00647002811304366,258.139455044612,0.000327667993385315,167117360,1080,2085102434304.0,10672008292.0,69048193.671875,267484.07623291,13.0732101577
1141,3,628385314,False,0.0,0,0,0,0.0,0.0,0.0,0.0,0.0,167117360,397,2368630912.0,33624000.0,0.0,0.0,0.0411894
1142,1,628381826,False,0.107902258634567,4360,5010,3060,0.00125100481533353,1.37056085804943e-05,0.00345637276768684,252.186737060547,6.56914025878906e-06,167117360,579,39398363136.0,391267808.0,1352367.375,5362.5634765625,0.4793030648
1143,2,628378495,False,0.00813455786556005,12400,4870,5900,1.70147616596449e-05,3.07060895465838e-06,0.000592115742620081,192.83332824707,8.93460636138916e-08,167117360,207,1970882944.0,23752800.0,14064.4072265625,72.9355621337891,0.02909718
1144,1,628381174,False,0.0,0,0,0,0.0,0.0,0.0,0.0,0.0,167117360,783,62174846976.0,351775808.0,0.0,0.0,0.4309253648
1145,2,628379225,False,0.0,0,0,0,0.0,0.0,0.0,0.0,0.0,167117360,690,5537528832.0,58300200.0,0.0,0.0,0.071417745
1146,3,628387092,False,0.0,0,0,0,0.0,0.0,0.0,0.0,0.0,167117360,950,250076684288.0,853875008.0,0.0,0.0,1.0459968848
1147,3,628385797,False,0.219986692070961,4680,6780,5230,0.00662407592493667,4.26387472734432e-05,0.0116789693184066,273.905076139059,3.4783626171875e-05,167117360,596,109005185024.0,665938816.0,7777479.0,28394.796875,0.8157750496
1148,2,628379322,False,0.26407378911972,8740,5170,7900,0.0128346440967368,1.96473304576905e-05,0.00544516340625117,277.145203923609,6.73958854591817e-05,167117360,768,136946190048.0,2800230264.0,15247711.3626099,55017.049354434,3.4302820734
1149,2,628379620,False,0.20033472776413,4930,2460,9730,0.011827823468483,0.000144334640935995,0.0386692173779011,267.913635253906,6.21089786132812e-05,167117360,878,58075566080.0,351275392.0,13583545.0,50701.20703125,0.4303123552
1150,3,628385634,False,0.0,0,0,0,0.0,0.0,0.0,0.0,0.0,167117360,530,798678144.0,33777000.0,0.0,0.0,0.041376825
1151,2,628378266,False,0.0838689580559731,11810,5060,7970,0.000372565217207979,2.45428350353905e-06,0.000623455038294196,254.027313232422,1.95637389831543e-06,167117360,108,25625174016.0,650715328.0,405691.75,1597.03991699219,0.7971262768
1152,2,628379642,False,0.0,0,0,0,0.0,0.0,0.0,0.0,0.0,167117360,896,54197949440.0,1065969876.0,0.0,0.0,1.3058130981
1153,1,628381749,False,0.0,0,0,0,0.0,0.0,0.0,0.0,0.0,167117360,601,9872264192.0,50253300.0,0.0,0.0,0.0615602925
1154,1,628382056,False,0.18195641040802,6930,5390,5470,0.000456958280017307,2.1576081262308e-06,0.000827191576521344,383.38360264076,2.39952955980301e-06,167117360,444,159036685312.0,907857000.0,750971.663085938,1958.79964065552,1.112124825
1155,3,628387216,False,0.0,0,0,0,0.0,0.0,0.0,0.0,0.0,167117360,986,32164581376.0,670462208.0,0.0,0.0,0.8213162048
1156,2,628378619,False,0.0,0,0,0,0.0,0.0,0.0,0.0,0.0,167117360,269,12841606144.0,92317504.0,0.0,0.0,0.1130889424
1157,1,628381279,False,0.0,0,0,0,0.0,0.0,0.0,0.0,0.0,167117360,706,4170066688.0,26156700.0,0.0,0.0,0.0320419575
1158,3,628386405,False,0.142439246177673,10700,4030,6550,0.00165742768911398,7.03789468441406e-06,0.00218925532859117,311.06679294867,8.70330379638672e-06,167117360,867,152711069696.0,1009497600.0,2210048.0,7104.73779296875,1.23663456
1159,1,628383995,False,0.308888763189316,6410,5670,5550,0.0191775018469406,0.000967845437116921,0.286640882492065,296.163879394531,0.000100702809375,167117360,38,9527683072.0,84937504.0,24346560.0,82206.375,0.1040484424
1160,3,628384122,False,0.0235037431120872,10860,1160,6780,0.000205050095351855,2.1968674827692e-07,5.60020786155471e-05,254.917873084249,1.07673673189282e-06,167117360,4,867250954240.0,4001009472.0,224064.846992493,878.968760728836,4.9012366032
1161,3,628386294,False,0.219986692070961,4680,6780,5230,0.00692251096550243,2.18214955511817e-05,0.00596805093585757,273.494129761164,3.63507357589722e-05,167117360,826,204887309312.0,1359855008.0,8115683.953125,29674.0700073242,1.6658223848
1162,3,628387380,False,0.0,0,0,0,0.0,0.0,0.0,0.0,0.0,167117360,1046,21181290496.0,124758000.0,0.0,0.0,0.15282855
1163,3,628386046,False,0.0,0,0,0,0.0,0.0,0.0,0.0,0.0,167117360,725,14673162240.0,88941600.0,0.0,0.0,0.10895346
1164,2,628379095,False,0.0,0,0,0,0.0,0.0,0.0,0.0,0.0,167117360,604,11113717760.0,48703500.0,0.0,0.0,0.0596617875
1165,1,628381045,False,0.0,0,0,0,0.0,0.0,0.0,0.0,0.0,167117360,852,140679774208.0,1003776320.0,0.0,0.0,1.229625992
1166,3,628385056,False,0.0,0,0,0,0.0,0.0,0.0,0.0,0.0,167117360,363,172749185024.0,881494208.0,0.0,0.0,1.0798304048
1167,3,628384399,False,0.188298374414444,4520,5360,1810,0.0128163118644686,3.5186583506239e-05,0.00973929430867144,276.789996020629,6.72996212373733e-05,167117360,119,310015269024.0,1561346992.0,15206417.8730469,54938.4663162231,1.9126500652
1168,3,628385383,False,0.24939201772213,5510,4590,6020,0.00247371831805719,0.00141441286801179,0.528176737361611,373.424725769116,1.29897202575684e-05,167117360,428,947677088.0,7497000.0,3959741.0,10603.8532714844,0.009183825
1169,1,628382366,False,0.20295162498951,9890,3520,5240,0.0147018108064635,6.57557429579139e-06,0.00247538735734715,376.451887849778,7.72005479611933e-05,167117360,323,1506698956800.0,9584083860.0,23724320.0187988,63020.8554785252,11.7405027285
1170,3,628385030,False,0.546946108341217,5610,4800,4830,0.273420735487143,0.000971337469913606,0.379615306809482,390.81711410067,0.0014357571921875,167117360,351,204537659392.0,1206631808.0,458055904.0,1172046.6875,1.4781239648
1171,2,628379667,False,0.0,0,0,0,0.0,0.0,0.0,0.0,0.0,167117360,910,11957773312.0,84020400.0,0.0,0.0,0.10292499
1172,2,628380218,False,0.0124949458986521,7080,400,7560,4.5434741172916e-05,3.00731359097699e-07,6.20371244134373e-05,206.287513878069,2.38581965255737e-07,167117360,312782546,121423310976.0,647623808.0,40176.71875,194.760787963867,0.7933391648
1173,1,628381069,False,0.0502944514155388,8600,2070,4270,0.000149690205451474,1.23689062547783e-06,0.000285967631498352,231.198791503906,7.86036906433105e-07,167117360,842,93471571968.0,518770816.0,148351.65625,641.662780761719,0.6354942496
1174,3,628385575,False,0.0,0,0,0,0.0,0.0,0.0,0.0,0.0,167117360,506,1101258784.0,10661400.0,0.0,0.0,0.013060215
1175,2,628380041,True,0.885656118392944,7730,6480,5950,0.0367525263194898,0.127307370305061,45.1308250427246,354.502838134766,0.0001929908640625,167117360,1126,243116224.0,1237505.375,55849640.0,157543.5625,0.001515944084375
1176,3,628384778,False,0.0,0,0,0,0.0,0.0,0.0,0.0,0.0,167117360,252,71481837568.0,308759392.0,0.0,0.0,0.3782302552
1177,2,628379092,False,0.0,0,0,0,0.0,0.0,0.0,0.0,0.0,167117360,601,7114235904.0,50253300.0,0.0,0.0,0.0615602925
1178,3,628384164,False,0.0108001073822379,9600,5010,1160,1.07814578206587e-05,3.20060042824015e-08,7.30499689996235e-06,228.238327893339,5.66144172668457e-08,167117360,20,179791003648.0,1443974400.0,10548.228515625,46.2158508300781,1.76886864
1179,3,628386104,False,0.171652883291245,8580,4990,6270,0.00162149612680926,1.80184103925058e-05,0.00669765658615792,371.711845843161,8.51462388916016e-06,167117360,749,58528610304.0,385756192.0,2583662.5,6950.71337890625,0.4725513352
1180,3,628387417,False,0.260053366422653,4810,4780,1430,0.0133212613465634,3.58803693867845e-05,0.0082290368223355,229.346491214397,6.995115697155e-05,167117360,1057,295616694784.0,1591482648.0,13096369.3125,57102.9852828979,1.9495662438
1181,2,628379313,False,0.0,0,0,0,0.0,0.0,0.0,0.0,0.0,167117360,760,8264822784.0,50563800.0,0.0,0.0,0.061940655
1182,3,628384345,False,0.114811256527901,11670,5220,8080,0.000983745353257477,7.65355441146276e-06,0.00179761886667133,234.873729254349,5.16573647460937e-06,167117360,96,104587034624.0,550976384.0,990445.54296875,4216.927734375,0.6749460704
1183,1,628383715,False,0.188298374414444,4520,5360,1810,0.0124798526606139,6.85257010646969e-05,0.019151093150211,279.473144421098,6.55328433046341e-05,167117360,119,149100088096.0,780673496.0,14950750.8417969,53496.1986160278,0.9563250326
1184,1,628383803,False,0.0819732323288918,7100,4020,600,0.00204960082258972,3.71599562640768e-05,0.00845839083194733,227.621124267578,1.07626406494141e-05,167117360,97,33925965824.0,236432704.0,1999840.25,8785.8291015625,0.2896300624
1185,2,628378076,False,0.00805874541401863,8120,5050,5770,2.33889135048883e-05,2.56691373579088e-06,0.000511394406203181,199.225387573242,1.22817315673828e-07,167117360,12,6318654464.0,39058200.0,19974.14453125,100.259033203125,0.047846295
1186,1,628384012,False,0.0,0,0,0,0.0,0.0,0.0,0.0,0.0,167117360,33,83743875072.0,481888800.0,0.0,0.0,0.59031378
1187,1,628381668,False,0.0275113563984632,7870,2390,4780,0.000118288333253366,5.48369507669122e-06,0.00148612831253558,271.008575439453,6.2114281463623e-07,167117360,628,13631011840.0,92466000.0,137416.34375,507.055358886719,0.11327085
1188,1,628383841,False,0.0210319887846708,12630,7090,5590,0.000186869551235806,3.47836248693056e-06,0.00079600780736655,228.845550537109,9.81269038391113e-07,167117360,83,34378604544.0,230291104.0,183313.515625,801.035949707031,0.2821066024
1189,1,628380772,False,0.430575639009476,8580,5810,4660,0.039778717438511,2.73304570784656e-05,0.00702586263690641,257.070806270645,0.000208881669331264,167117360,983,300478152966.0,6239033908.0,43834595.2246094,170515.648433685,7.6428165373
1190,3,628386378,False,0.0,0,0,0,0.0,0.0,0.0,0.0,0.0,167117360,854,203363041280.0,881060416.0,0.0,0.0,1.0792990096
1191,2,628378376,False,0.168348237872124,5710,4300,5920,0.0034261238223591,7.34256682335399e-05,0.0320608392357826,436.643463134766,1.79908883300781e-05,167117360,149,25215178752.0,200017792.0,6412738.0,14686.439453125,0.2450217952
1192,2,628378581,False,0.0881360694766045,8900,4580,6780,0.000432627579847147,2.99117327813292e-05,0.00712731014937162,238.278076171875,2.27176683654785e-06,167117360,246,8412452352.0,61999200.0,441887.53125,1854.50354003906,0.07594902
1193,2,628378654,False,0.0,0,0,0,0.0,0.0,0.0,0.0,0.0,167117360,288,45064327168.0,235492192.0,0.0,0.0,0.2884779352
1194,3,628385775,False,0.0,0,0,0,0.0,0.0,0.0,0.0,0.0,167117360,496345672,15240251904.0,86265000.0,0.0,0.0,0.105674625
1195,2,628379170,False,0.0209497436881065,13150,5560,5970,3.24186205230991e-05,3.63810954695509e-07,0.000105445338704158,289.835510253906,1.70233129882812e-07,167117360,651,64736382976.0,381972608.0,40277.23046875,138.9658203125,0.4679164448
1196,3,628387552,False,0.0,0,0,0,0.0,0.0,0.0,0.0,0.0,167117360,1106,93010251776.0,485830784.0,0.0,0.0,0.5951427104
1197,2,628379856,False,0.289559483528137,840,5620,7340,0.0419299263440396,0.000108069805719424,0.0277828983962536,257.082885742188,0.00022017786328125,167117360,1016,85749833728.0,1663156736.0,46207316.0,179737.03125,2.0373670016
1198,3,628384549,False,0.0,0,0,0,0.0,0.0,0.0,0.0,0.0,167117360,606826663,1411238016.0,14549400.0,0.0,0.0,0.017823015
1199,2,628379272,False,0.0,0,0,0,0.0,0.0,0.0,0.0,0.0,167117360,727,63319732224.0,410187584.0,0.0,0.0,0.5024797904
1200,2,628379714,False,0.0,0,0,0,0.0,0.0,0.0,0.0,0.0,167117360,938,53036561408.0,426150904.0,0.0,0.0,0.5220348574
1201,2,628379015,False,0.0627691969275475,8940,2380,10350,0.000570813854948494,1.75272661408114e-06,0.00045075644415874,257.174416442035,2.99739555664062e-06,167117360,541,194156597248.0,1396026908.0,629268.125,2446.853515625,1.7101329623
1202,1,628381698,False,0.110458612442017,10500,3340,4290,0.00144777386555663,2.50099528784631e-05,0.00666420953348279,266.462310791016,7.60239246826172e-06,167117360,616,36596965376.0,248142592.0,1653674.25,6206.03466796875,0.3039746752
1203,2,628379967,False,0.056879535317421,6220,5330,6190,0.000504265421687174,3.17433186864946e-05,0.010844356380403,341.626434326172,2.6479436706543e-06,167117360,1077,14865752064.0,68095800.0,738455.125,2161.58666992188,0.083417355
1204,1,628378676,False,0.0,0,0,0,0.0,0.0,0.0,0.0,0.0,167117360,312782546,146944581376.0,647623808.0,0.0,0.0,0.7933391648
1205,1,628382162,False,0.0,0,0,0,0.0,0.0,0.0,0.0,0.0,167117360,380,404661568.0,10040400.0,0.0,0.0,0.01229949
1206,2,628379422,False,0.46285691857338,4920,6750,8600,0.094347219489456,0.00016287325937209,0.0400075205383275,245.635905443071,0.000495425845093775,167117360,840,114841276672.0,2483091840.0,99342347.7873535,404429.261301041,3.041787504
1207,1,628380751,False,0.128450304269791,6240,5360,4200,0.000463372343818238,3.59233411224864e-06,0.00240026681738103,668.163578993651,2.43321039317846e-06,167117360,1000,33828056341.1426,552925796.0,1327169.44061279,1986.29419851303,0.6773341001
1208,2,628378427,False,0.0,0,0,0,0.0,0.0,0.0,0.0,0.0,167117360,169,27529553920.0,109817104.0,0.0,0.0,0.1345259524
1209,1,628380576,False,0.0,0,0,0,0.0,0.0,0.0,0.0,0.0,167117360,1120,3728966656.0,19517400.0,0.0,0.0,0.023908815
1210,3,628386008,False,0.0984489470720291,4270,5320,3080,0.00575308324510394,3.07606977464022e-06,0.000825959542361917,268.511315696186,3.02099642578125e-05,167117360,703,1373815080960.0,8017111808.0,6621810.0,24661.1953125,9.8209619648
1211,3,628384534,False,0.0,0,0,0,0.0,0.0,0.0,0.0,0.0,167117360,162,30282860544.0,183128400.0,0.0,0.0,0.22433229
1212,3,628384465,False,0.212767049670219,10570,2590,6010,0.00532154583124578,6.25430862999708e-05,0.0184815136634998,295.500506240743,2.7943921982193e-05,167117360,140,7158269952.0,364730400.0,6740769.87109375,22811.3648834229,0.44679474
1213,2,628379009,False,0.183874517679214,6440,5760,7730,0.0043541939464485,3.14936471383694e-05,0.0138514784807621,439.818177294765,2.28642691040039e-05,167117360,536,124680906752.0,592649984.0,8209078.5,18664.7094726562,0.7259962304
1214,1,628382237,False,0.143146261572838,5680,2600,1280,0.00490926096012485,1.54896803527729e-05,0.00355155771164828,229.28541007707,2.57789765625e-05,167117360,353,328627785472.0,1358585976.0,4825096.5,21044.0625,1.6642678206
1215,2,628379189,False,0.0,0,0,0,0.0,0.0,0.0,0.0,0.0,167117360,664,69402091520.0,442416608.0,0.0,0.0,0.5419603448
1216,1,628381898,False,0.037041500210762,9340,5590,2820,6.28870329538987e-05,4.77164576295763e-07,0.000104929415101651,219.901947021484,3.30225539398193e-07,167117360,543,83368050688.0,564945280.0,59279.37890625,269.571868896484,0.692057968
1217,3,628384529,False,0.0422874167561531,9220,5560,2970,0.000169336188555549,1.91423044831594e-06,0.000408214389074107,213.252479310021,8.89199753570556e-07,167117360,589508447,61190647808.0,379200608.0,154795.14453125,725.877349853516,0.4645207448
1218,2,628379084,False,0.212077394127846,3980,4490,5730,0.0133729847600628,0.000176103829289787,0.0430122315883636,244.243591308594,7.0222761328125e-05,167117360,597,49985056768.0,325516512.0,14001191.0,57324.703125,0.3987577272
1219,2,628379041,False,0.0,0,0,0,0.0,0.0,0.0,0.0,0.0,167117360,565,25533112320.0,129204000.0,0.0,0.0,0.1582749
1220,1,628383921,False,0.0,0,0,0,0.0,0.0,0.0,0.0,0.0,167117360,59,12218981376.0,79384496.0,0.0,0.0,0.0972460076
1221,2,628379317,False,0.0,0,0,0,0.0,0.0,0.0,0.0,0.0,167117360,765,5138306560.0,25673400.0,0.0,0.0,0.031449915
1222,2,628379857,False,0.125928834080696,12060,2830,9430,0.00502802618604639,4.43249555404174e-06,0.00118318628244563,266.934567225172,2.64026235839844e-05,167117360,1017,1005082050560.0,4862534400.0,5753284.0,21553.162109375,5.95660464
1223,2,628380051,False,0.142439246177673,10700,4030,6550,0.0019188507583711,4.74747503219334e-06,0.00141709747769204,298.494982718707,1.00760601501465e-05,167117360,1132,249030191104.0,1732574720.0,2455227.265625,8225.35522460938,2.122404032
1224,2,628380275,False,0.0,0,0,0,0.0,0.0,0.0,0.0,0.0,167117360,484682520,34902810624.0,832843776.0,0.0,0.0,1.0202336256
1225,3,628385522,False,0.209218218922615,9070,3410,3360,0.00208572747832042,4.03009360746882e-05,0.00866945735331088,215.118014560359,1.09523450099945e-05,167117360,482,11428966400.0,221848192.0,1923303.43945312,8940.68980407715,0.2717640352
1226,1,628381165,False,0.0,0,0,0,0.0,0.0,0.0,0.0,0.0,167117360,791,19867437056.0,81607504.0,0.0,0.0,0.0999691924
1227,2,628380042,False,0.581575453281403,7640,6510,5940,0.263889664242793,0.0762761905789375,25.4609050750732,333.798858642578,0.00138570866875,167117360,1126,2091826240.0,14830195.0,377590176.0,1131190.75,0.018166988875
1228,1,628382241,False,0.546946108341217,5610,4800,4830,0.10040727197743,0.000713401241227984,0.326970160007477,458.325775146484,0.0005272477328125,167117360,351,101243076608.0,603315904.0,197266304.0,430406.3125,0.7390619824
1229,1,628381967,False,0.212471261620522,7870,2310,4690,0.0054958803192838,2.49560234806268e-05,0.00777296163141727,311.466369628906,2.88593682617187e-05,167117360,502,180847230976.0,944007296.0,7337732.5,23558.66796875,1.1564089376
1230,3,628387193,True,0.783102869987488,7740,6480,5950,0.041525450510268,0.0879207207072601,36.6453449995774,416.799870437725,0.000218053923828125,167117360,980,404809632.0,2024587.625,74191712.0,178003.203125,0.002480119840625
1231,2,628379026,False,0.0,0,0,0,0.0,0.0,0.0,0.0,0.0,167117360,551,24925861888.0,116853296.0,0.0,0.0,0.1431452876
1232,2,628379688,False,0.256751537322998,8500,5520,7580,0.0132960098723084,0.000142995995702222,0.0324345715343952,226.821548461914,6.98185591796875e-05,167117360,924,10871742464.0,398575808.0,12927636.0,56994.7421875,0.4882553648
1233,1,628384001,False,0.260053366422653,4810,4780,1430,0.00982233284697622,0.000476776418508962,0.105636604130268,221.564239501953,5.15779646484375e-05,167117360,36,10515846144.0,88310704.0,9328843.0,42104.4609375,0.1081806124
1234,3,628386340,False,0.617005407810211,9490,6940,5760,0.384197723163759,0.00611097000802792,1.47757704887589,241.790918125079,0.002017457246875,167117360,841,6100670208.0,269499584.0,398206400.0,1646903.875,0.3301369904
1235,2,628380202,False,0.122850924730301,8580,5870,5820,0.000484638738974575,6.7424654844217e-05,0.0163310207426548,242.211395263672,2.54488217163086e-06,167117360,607344838,7280015360.0,30811500.0,503183.21875,2077.45483398438,0.0377440875
1236,2,628380106,False,0.189562126994133,5980,5000,6590,0.00357704522334768,2.35422958212439e-05,0.00912170019000769,387.460083007812,1.87833903564453e-05,167117360,262,101760901120.0,651312000.0,5941072.5,15333.3798828125,0.7978572
1237,2,628379071,False,0.244069084525108,4050,3390,5750,0.00455546261490304,9.07376524992287e-05,0.0206799544394016,227.909286499023,2.392114921875e-05,167117360,588,41304629248.0,215208000.0,4450491.5,19527.46875,0.2636298
1238,2,628379200,False,0.0983312129974365,5870,4850,9330,0.00142327064099537,5.21076742643345e-07,0.000124602840514854,239.125717163086,7.47372380371094e-06,167117360,672,2232441634816.0,11708446720.0,1458905.75,6100.9990234375,14.342847232
1239,2,628378666,False,0.0,0,0,0,0.0,0.0,0.0,0.0,0.0,167117360,295,166971965440.0,855126912.0,0.0,0.0,1.0475304672
1240,3,628384885,False,0.190638884902,6880,5370,3140,0.00315843703210232,4.41069773930606e-05,0.0170711928129488,387.040641230487,1.65852406066895e-05,167117360,301,22322394880.0,306957600.0,5240132.375,13538.9719238281,0.37602306
1241,1,628381134,False,0.0,0,0,0,0.0,0.0,0.0,0.0,0.0,167117360,810,28930189312.0,163526400.0,0.0,0.0,0.20031984
1242,1,628380251,False,0.114638552069664,7790,240,4440,0.0073813000942886,6.69413006207158e-06,0.00146226026675388,218.439177786361,3.87598792724609e-05,167117360,254,766847012530.891,4726636244.0,6911572.375,31640.7177734375,5.7901293989
1243,2,628379094,False,0.0124551123008132,7260,3280,8460,1.11233171615637e-05,6.9997085461182e-08,1.60503295774106e-05,229.29997253418,5.84095518112183e-08,167117360,603,11860980736.0,681189312.0,10933.3134765625,47.681266784668,0.8344569072
1244,1,628382267,False,0.0,0,0,0,0.0,0.0,0.0,0.0,0.0,167117360,344,59044114432.0,338659200.0,0.0,0.0,0.41485752
1245,3,628385915,False,0.0716304555535316,7330,7470,8940,0.00195931975656846,7.76158507178653e-06,0.00160771828294623,207.137880739118,1.02885665466309e-05,167117360,655,157820387328.0,1082102400.0,1739715.8125,8398.82983398438,1.32557544
1246,3,628384218,False,0.623459756374359,6230,5910,5860,0.0894436932422451,0.00225701111519594,0.79839873797092,353.741606585578,0.00046967698203125,167117360,38,20086543360.0,169875008.0,135627992.0,383409.78125,0.2080968848
1247,3,628387766,False,0.0,0,0,0,0.0,0.0,0.0,0.0,0.0,167117360,549009219,2716693888.0,12520800.0,0.0,0.0,0.01533798
1248,3,628386073,False,0.616461992263794,7800,6290,5760,0.162972110816966,0.0109062416546059,4.0724106301864,373.401833478222,0.0008557814015625,167117360,732,11496103776.0,64054794.0,260857424.0,698597.0625,0.07846712265
1249,1,628378497,False,0.0,0,0,0,0.0,0.0,0.0,0.0,0.0,167117360,312782640,5840552960.0,27284400.0,0.0,0.0,0.03342339
1250,2,628381630,False,0.0,0,0,0,0.0,0.0,0.0,0.0,0.0,167117360,496345664,15254543360.0,93286800.0,0.0,0.0,0.11427633
1251,2,628380029,False,0.0,0,0,0,0.0,0.0,0.0,0.0,0.0,167117360,1116,297113600.0,13062600.0,0.0,0.0,0.016001685
1252,2,628380040,False,0.0,0,0,0,0.0,0.0,0.0,0.0,0.0,167117360,1125,56707379200.0,278974784.0,0.0,0.0,0.3417441104
1253,1,628382258,False,0.313391447067261,6280,6260,5560,0.00827108610138404,0.000720188487321138,0.238155633211136,330.685150146484,4.34322266601562e-05,167117360,347,5814580736.0,49230000.0,11724402.0,35454.87890625,0.06030675
1254,1,628380613,False,0.240713566541672,5490,4560,5360,0.00201832170116618,4.53405699035598e-06,0.00146112938098023,322.256509807458,1.05983911331177e-05,167117360,1099,123893661952.0,1908169192.0,2788082.0703125,8651.74786376953,2.3375072602
1255,3,628384748,False,0.414029359817505,5430,4490,6290,0.0508345910866304,7.93119750883709e-05,0.0326615112601444,411.810590062249,0.000266937069108909,167117360,242,366955581440.0,2747476800.0,89736744.4401855,217907.811517477,3.36565908
1256,1,628383974,False,0.0,0,0,0,0.0,0.0,0.0,0.0,0.0,167117360,42,22508611584.0,148631392.0,0.0,0.0,0.1820734552
1257,3,628387699,False,0.414029359817505,5430,4490,6290,0.043812622563986,0.00034364711898276,0.146092506478316,425.12361782857,0.00023006407265625,167117360,266,81520324608.0,546512384.0,79841364.0,187807.40625,0.6694776704
1258,2,628378183,False,0.408280104398727,6510,5820,5750,0.0245118788824333,0.00178728881292045,0.836955070495605,468.281951904297,0.000128714109179687,167117360,63,11524568064.0,58788900.0,49203668.0,105072.7421875,0.0720164025
1259,2,628379832,False,0.044828187674284,7470,2470,10530,0.00063216446710385,2.80217609035418e-06,0.000571928379797704,204.101513022837,3.31955321044922e-06,167117360,1002,175597348352.0,967048204.0,553082.3125,2709.83935546875,1.1846340499
1260,2,628380021,False,0.180441945791245,5190,5640,6280,0.00270406916665693,0.000266456947429106,0.111945427954197,420.125762939453,1.41993135498047e-05,167117360,1109,10071444480.0,43501500.0,4869794.0,11591.2763671875,0.0532893375
1261,2,628380065,False,0.0,0,0,0,0.0,0.0,0.0,0.0,0.0,167117360,563807435,11297682432.0,125820896.0,0.0,0.0,0.1541305976
1262,2,628379787,False,0.151389688253403,10600,3040,6600,0.00495092827698442,3.5309509257786e-05,0.00956787820905447,270.971710205078,2.59977754394531e-05,167117360,976,125492355072.0,601046976.0,5750744.0,21222.673828125,0.7362825456
1263,1,628381930,False,0.0855743810534477,7120,2830,770,0.00082843414194529,4.00790704588871e-05,0.00823493860661983,205.46728515625,4.35018315429687e-06,167117360,527,16110844928.0,88604096.0,729649.25,3551.169921875,0.1085400176
1264,2,628382806,False,0.0307911112904549,9790,3290,10290,0.000301774997872247,1.15149769044365e-05,0.00230350927449763,200.044631958008,1.58464800720215e-06,167117360,312782632,10626587648.0,112339800.0,258775.78125,1293.59020996094,0.137616255
1265,2,628379158,False,0.254113554954529,10090,4340,7900,0.0281542699488069,1.32286012607777e-05,0.00359985496439918,272.1266514452,0.00014784063651123,167117360,645,2243787048960.0,9123128856.0,32841940.703125,120686.233886719,11.1758328486
1266,1,628382963,False,0.0,0,0,0,0.0,0.0,0.0,0.0,0.0,167117360,177,2752795136.0,13496400.0,0.0,0.0,0.01653309
1267,1,628382154,False,0.0940721184015274,7570,2470,5130,0.000505152257233244,4.72147632990527e-07,0.000120618402434047,255.467559814453,2.65260052490234e-06,167117360,382,987739258880.0,4586252288.0,553186.4375,2165.38818359375,5.6181590528
1268,3,628385897,False,0.260936975479126,12770,4720,4620,0.0461977548403326,1.08532680662142e-05,0.0029802317334495,274.593027212406,0.000242588619538116,167117360,645,4533323286528.0,18246257712.0,54378076.25,198031.526153564,22.3516656972
1269,1,628381687,False,0.0,0,0,0,0.0,0.0,0.0,0.0,0.0,167117360,620,41419636736.0,212012992.0,0.0,0.0,0.2597159152
1270,1,628380822,False,0.0,0,0,0,0.0,0.0,0.0,0.0,0.0,167117360,958,28474228736.0,299135712.0,0.0,0.0,0.3664412472
1271,2,628378487,False,0.0,0,0,0,0.0,0.0,0.0,0.0,0.0,167117360,203,5268137984.0,27583200.0,0.0,0.0,0.03378942
1272,1,628381091,False,0.0,0,0,0,0.0,0.0,0.0,0.0,0.0,167117360,832,3382853184.0,94221896.0,0.0,0.0,0.1154218226
1273,3,628386381,False,0.303926229476929,6120,5320,5880,0.0651467652882945,2.44817063857281e-05,0.0110910583835911,453.034531533177,0.000342091599760246,167117360,856,1891174119680.0,11406821256.0,126513720.521484,279258.448783875,13.9733560386
1274,1,628380779,False,0.0,0,0,0,0.0,0.0,0.0,0.0,0.0,167117360,978,34260551680.0,318462304.0,0.0,0.0,0.3901163224
1275,1,628382026,False,0.0322472676634789,8510,4850,3340,0.000114920966685654,1.74778591599534e-07,3.98059892177116e-05,227.750930786133,6.03460466003418e-07,167117360,463,573128900608.0,2818541824.0,112194.84375,492.620788574219,3.4527137344
1276,2,628379703,False,0.0,0,0,0,0.0,0.0,0.0,0.0,0.0,167117360,931,66407133184.0,434270688.0,0.0,0.0,0.5319815928
1277,3,628384270,False,0.0,0,0,0,0.0,0.0,0.0,0.0,0.0,167117360,59,24396689408.0,158768992.0,0.0,0.0,0.1944920152
1278,3,628384945,False,0.0197217501699924,8850,3290,3400,3.00852309588636e-05,7.92145472784022e-07,0.000203598022423447,257.021001089478,1.57980288696289e-07,167117360,325,22844082176.0,162802800.0,33146.328125,128.963500976562,0.19943343
1279,2,628378343,False,0.0234658773988485,7130,2950,6680,0.000103675181741254,3.21125242239478e-07,6.8995431079354e-05,214.855209133329,5.44407824707031e-07,167117360,138,202923425792.0,1383929048.0,95484.78125,444.41455078125,1.6953130838
1280,3,628384192,False,0.0,0,0,0,0.0,0.0,0.0,0.0,0.0,167117360,28,135520186368.0,943808384.0,0.0,0.0,1.1561652704
1281,1,628381951,False,0.0,0,0,0,0.0,0.0,0.0,0.0,0.0,167117360,514,404661568.0,10040400.0,0.0,0.0,0.01229949
1282,3,628387666,False,0.0,0,0,0,0.0,0.0,0.0,0.0,0.0,167117360,496345664,31833283584.0,186573600.0,0.0,0.0,0.22855266
1283,3,628384127,False,0.0391879417002201,6850,5790,7430,0.000278274669280121,6.31957398695184e-07,0.000153399942192548,242.73778977709,1.4612456407547e-06,167117360,6,51637266432.0,1887553792.0,289550.642578125,1192.85358428955,2.3122533952
1284,1,628380296,True,0.707801640033722,7660,6980,5660,0.0196466141544819,0.0853786183217132,72.9430853093026,854.34839240953,0.000103166160840631,167117360,1129,221532792.46582,986397.716560364,71950892.7879639,84217.2741556168,0.00120833720278645
1285,3,628384827,False,0.0,0,0,0,0.0,0.0,0.0,0.0,0.0,167117360,274,92083007488.0,681024576.0,0.0,0.0,0.8342551056
1286,3,628387498,False,0.0,0,0,0,0.0,0.0,0.0,0.0,0.0,167117360,1088,32570536960.0,225279008.0,0.0,0.0,0.2759667848
1287,1,628380728,False,0.155480995774269,10920,2490,1920,0.00511077384865656,4.50544239899748e-06,0.00119335803567786,264.870334585433,2.68371390991211e-05,167117360,1017,1057423327232.0,4862534400.0,5802744.5,21907.8686523438,5.95660464
1288,3,628385901,False,0.0,0,0,0,0.0,0.0,0.0,0.0,0.0,167117360,648,704449118208.0,2945559552.0,0.0,0.0,3.6083104512
1289,1,628381960,False,0.101837381720543,900,2690,5040,0.00627815139903109,3.76951811631443e-06,0.000909351801965386,241.238220214844,3.29671449707031e-05,167117360,507,938830921728.0,7139362304.0,6492192.0,26911.955078125,8.7457188224
1290,2,628378359,False,0.0,0,0,0,0.0,0.0,0.0,0.0,0.0,167117360,143,1657914368.0,9846000.0,0.0,0.0,0.01206135
1291,1,628380703,False,0.0,0,0,0,0.0,0.0,0.0,0.0,0.0,167117360,1038,128891904000.0,583219776.0,0.0,0.0,0.7144442256
1292,1,628380748,False,0.0535431578755379,7760,2190,1000,0.000346664931923103,1.53665103647718e-06,0.000353774214496137,230.224173282162,1.820369140625e-06,167117360,1002,222380067328.0,967048204.0,342116.71875,1486.015625,1.1846340499
1293,1,628382475,False,0.00158227677457035,6430,7180,3650,5.79883078468157e-07,2.21325578309006e-07,4.27526065323036e-05,193.166137695312,3.04501887559891e-09,167117360,292,1339513216.0,11231100.0,480.158813476562,2.48572969436646,0.0137580975
1294,3,628385749,False,0.0,0,0,0,0.0,0.0,0.0,0.0,0.0,167117360,575,47701846016.0,324842400.0,0.0,0.0,0.39793194
1295,1,628379935,False,0.567718923091888,6700,7010,5440,0.321700253298215,0.00391540770019108,1.18819745339056,303.467108503815,0.00168927733874512,167117360,157,26548146784.0,352198804.0,418481722.0,1379001.90917969,0.4314435349
1296,3,628385963,False,0.0,0,0,0,0.0,0.0,0.0,0.0,0.0,167117360,680,672724224.0,8667000.0,0.0,0.0,0.010617075
1297,2,628378469,False,0.567063987255096,7530,5980,6360,0.0467860894852976,0.000215874388231896,0.0722591057419777,334.7275390625,0.000245678018359375,167117360,194,134831538176.0,929028608.0,67130776.0,200553.484375,1.1380600448
1298,2,628379820,False,0.176198288798332,4290,1030,6680,0.00638468283937073,4.64302699912324e-06,0.00107778183648624,232.129134008862,3.35265512695312e-05,167117360,993,1056250002176.0,5894562596.0,6353052.5,27368.61328125,7.2208391801
1299,2,628378247,False,0.122850924730301,8580,5870,5820,0.00208617801894173,5.59832624276169e-05,0.0149156041443348,266.429718017578,1.09547108398437e-05,167117360,100,34766315648.0,159737408.0,2382580.0,8942.62109375,0.1956783248
1300,2,628378348,False,0.212767049670219,10570,2590,6010,0.0053044473182747,0.000124684258480556,0.0368603058159351,295.629180908203,2.78541361328125e-05,167117360,140,2734185984.0,182365200.0,6722037.0,22738.0703125,0.22339737
1301,2,628379443,False,0.0,0,0,0,0.0,0.0,0.0,0.0,0.0,167117360,850,1001126400.0,38280600.0,0.0,0.0,0.046893735
1302,3,628384251,False,0.0725731253623962,7440,3400,6110,0.000194285749798188,5.78008385768081e-07,0.000171382369056649,296.504987257078,1.02021217269897e-06,167117360,51,232099793920.0,1440854984.0,246937.140625,832.826263427734,1.7650473554
1303,2,628378843,False,0.220406651496887,10630,7130,5700,0.00128642376349441,5.48198104434695e-05,0.013388070707423,244.219573163772,6.75512838244438e-06,167117360,379,9186257920.0,100591200.0,1346722.09814453,5514.39051628113,0.12322422
1304,1,628381186,False,0.0,0,0,0,0.0,0.0,0.0,0.0,0.0,167117360,774,60429864960.0,329958912.0,0.0,0.0,0.4041996672
1305,3,628385334,False,0.55791974067688,7530,4620,6060,0.00585682047634012,0.000136080518290987,0.064378163098222,473.088755883184,3.07546979100704e-05,167117360,406,26943345152.0,184492800.0,11877307.5688477,25105.8758449554,0.22600368
1306,2,628379246,False,0.0875949487090111,5630,6120,8590,0.00131298135534524,1.40405484216899e-06,0.000406465056585148,289.493743896484,6.89458471679687e-06,167117360,703,699493261312.0,4008556032.0,1629338.0,5628.232421875,4.9104811392
1307,3,628384517,False,0.0,0,0,0,0.0,0.0,0.0,0.0,0.0,167117360,589508451,5788897024.0,92370600.0,0.0,0.0,0.113153985
1308,1,628384041,False,0.0,0,0,0,0.0,0.0,0.0,0.0,0.0,167117360,26,97426202624.0,537672576.0,0.0,0.0,0.6586489056
1309,1,628383744,False,0.0,0,0,0,0.0,0.0,0.0,0.0,0.0,167117360,113,63727251456.0,290957408.0,0.0,0.0,0.3564228248
1310,3,628387090,False,0.00307793379761279,2130,3700,5850,5.69140939588692e-06,2.01873563392055e-06,0.000243078262177084,120.411141554482,2.98861092567444e-08,167117360,949,189344440.0,12085200.0,2937.6494140625,24.3968238830566,0.01480437
1311,1,628382506,False,0.173739284276962,6100,6960,5590,0.0105858814506212,0.00153306487482041,0.448189496994019,292.348693847656,5.55874279296875e-05,167117360,286,2908687872.0,29599200.0,13266051.0,45377.4921875,0.03625902
1312,1,628380880,False,0.056746818125248,3410,2320,5670,0.000848834890672058,1.33461553559755e-05,0.00380486948415637,285.091033935547,4.45730934448242e-06,167117360,935,47637958656.0,272634304.0,1037337.9375,3638.61987304688,0.3339770224
1313,1,628381024,False,0.403654038906097,11310,7210,4310,0.0205532044768426,0.000688963395077735,0.14868076145649,215.803573608398,0.00010792674921875,167117360,866,1867756032.0,127878304.0,19013044.0,88103.46875,0.1566509224
1314,1,628381291,False,0.0,0,0,0,0.0,0.0,0.0,0.0,0.0,167117360,699,193177376.0,1377000.0,0.0,0.0,0.001686825
1315,3,628384564,False,0.382599949836731,6100,6890,4900,0.0687112257611492,0.00217697288356936,0.858177039146591,394.206581819948,0.000360808906445312,167117360,173,17504010752.0,135296992.0,116108772.0,294537.8828125,0.1657388152
1316,1,628381956,False,0.428897798061371,10940,4160,2140,0.104109116166199,1.84189721039729e-05,0.00472850445657969,256.71923828125,0.00054668645390625,167117360,512,5240309631232.0,24229074944.0,114567288.0,446274.65625,29.6806168064
1317,3,628387073,False,0.101841293275356,13110,2410,6540,0.00078414404355796,3.54547416020687e-06,0.00104713924420077,295.34533235455,4.11761181259155e-06,167117360,944,239518605312.0,948058176.0,992748.921875,3361.31576538086,1.1613712656
1318,2,628378852,False,0.114811256527901,11670,5220,8080,0.00430710559119716,5.17181257041071e-06,0.00143528557323511,277.520802174223,2.2617003860569e-05,167117360,386,574591689856.0,3569901276.0,5123827.79931641,18462.860294342,4.3731290631
1319,3,628386188,False,0.0,0,0,0,0.0,0.0,0.0,0.0,0.0,167117360,783,123868721152.0,703551616.0,0.0,0.0,0.8618507296
1320,3,628384694,False,0.0,0,0,0,0.0,0.0,0.0,0.0,0.0,167117360,312782624,2912367488.0,25666200.0,0.0,0.0,0.031441095
1321,3,628384791,False,0.0,0,0,0,0.0,0.0,0.0,0.0,0.0,167117360,312782590,26783481856.0,133151400.0,0.0,0.0,0.163110465
1322,3,628387436,False,0.0,0,0,0,0.0,0.0,0.0,0.0,0.0,167117360,1062,12944838656.0,131898600.0,0.0,0.0,0.161575785
1323,3,628386365,False,0.0,0,0,0,0.0,0.0,0.0,0.0,0.0,167117360,849,6060359168.0,46942200.0,0.0,0.0,0.057504195
1324,3,628387291,False,0.0,0,0,0,0.0,0.0,0.0,0.0,0.0,167117360,1015,227287662592.0,1077769856.0,0.0,0.0,1.3202680736
1325,1,628380104,False,0.0,0,0,0,0.0,0.0,0.0,0.0,0.0,167117360,527696977,129451904.0,1668600.0,0.0,0.0,0.002044035
1326,2,628379191,False,0.46285691857338,4920,6750,8600,0.0524163136287462,0.000552192388568074,0.13058041036129,236.476272583008,0.00027524283828125,167117360,665,15740891136.0,406901696.0,53133388.0,224688.03125,0.4984545776
1327,3,628384971,False,0.0367414653301239,6180,6280,6040,6.63966500277277e-05,5.0891572960251e-05,0.0216308087360977,425.037142259141,3.48654858398437e-07,167117360,332,1094943392.0,5592600.0,120972.4609375,284.6162109375,0.006850935
1328,2,628379611,False,0.0,0,0,0,0.0,0.0,0.0,0.0,0.0,167117360,869,2795846400.0,16487100.0,0.0,0.0,0.0201966975
1329,3,628384891,False,0.0,0,0,0,0.0,0.0,0.0,0.0,0.0,167117360,303,150163283968.0,692649024.0,0.0,0.0,0.8484950544
1330,3,628384408,False,0.0,0,0,0,0.0,0.0,0.0,0.0,0.0,167117360,122,37464545280.0,329340608.0,0.0,0.0,0.4034422448
1331,3,628387455,False,0.18589574098587,8970,3420,3350,0.000776443781819594,2.13653010056206e-05,0.00578225130155802,270.637483648691,4.07717703666687e-06,167117360,1072,24872120320.0,155780992.0,900764.84375,3328.30778503418,0.1908317152
1332,1,628383640,False,0.0,0,0,0,0.0,0.0,0.0,0.0,0.0,167117360,131,66184179712.0,378129600.0,0.0,0.0,0.46320876
1333,1,628378515,False,0.0430828183889389,10050,2480,1510,0.000826624703547072,3.15419238177128e-05,0.00698573607951403,221.474624633789,4.34068162841797e-06,167117360,312782632,13369250816.0,112339800.0,784776.1875,3543.41357421875,0.137616255
1334,3,628384732,False,0.0,0,0,0,0.0,0.0,0.0,0.0,0.0,167117360,312782612,32136247296.0,131664600.0,0.0,0.0,0.161289135
1335,2,628378079,False,0.260759890079498,5530,4570,6040,0.00247422071201724,0.000102494886959903,0.0395353697240353,385.730163574219,1.29923583740234e-05,167117360,15,19621675008.0,103478400.0,4091056.75,10606.0068359375,0.12676104
1336,1,628378571,False,0.0,0,0,0,0.0,0.0,0.0,0.0,0.0,167117360,312782608,29627271168.0,124375504.0,0.0,0.0,0.1523599924
1337,1,628381200,False,0.0,0,0,0,0.0,0.0,0.0,0.0,0.0,167117360,765,4226951168.0,25673400.0,0.0,0.0,0.031449915
1338,1,628382646,False,0.0921381637454033,8620,2040,1200,0.00264766104944011,4.35277537253725e-06,0.00106682440583915,245.090617946888,1.3903109387207e-05,167117360,247,575320337920.0,2607411612.0,2781650.34375,11349.4770507812,3.1940792247
1339,2,628379928,False,0.0,0,0,0,0.0,0.0,0.0,0.0,0.0,167117360,1054,15094060032.0,92284200.0,0.0,0.0,0.113048145
1340,2,628380225,False,0.0,0,0,0,0.0,0.0,0.0,0.0,0.0,167117360,312782562,34413535232.0,159857104.0,0.0,0.0,0.1958249524
1341,2,628379407,False,0.0,0,0,0,0.0,0.0,0.0,0.0,0.0,167117360,832,3107294432.0,94221896.0,0.0,0.0,0.1154218226
1342,2,628379416,False,0.0,0,0,0,0.0,0.0,0.0,0.0,0.0,167117360,838,67324010496.0,288421184.0,0.0,0.0,0.3533159504
1343,1,628382045,False,0.131650388240814,4430,1650,2880,0.000339242560937479,7.02786519468646e-06,0.00150173623114824,213.683135986328,1.78139359436035e-06,167117360,450,38979178496.0,206919008.0,310737.78125,1454.19885253906,0.2534757848
1344,1,628381078,False,0.0287171080708504,13150,5770,5610,0.000131521638481776,7.19225363354781e-06,0.00168840342666954,234.753036499023,6.90632106018066e-07,167117360,839,11437084672.0,78387296.0,132349.375,563.781311035156,0.0960244376
1345,1,628381162,False,0.0,0,0,0,0.0,0.0,0.0,0.0,0.0,167117360,792,15159216448.0,309593712.0,0.0,0.0,0.3792522972
1346,2,628379107,False,0.066521018743515,9150,5250,7520,0.000261423069257122,3.4406136819598e-06,0.000752769934479147,218.789443969727,1.37275635375977e-06,167117360,612,43530514432.0,325702784.0,245179.265625,1120.61743164062,0.3989859104
1347,1,628381731,False,0.0,0,0,0,0.0,0.0,0.0,0.0,0.0,167117360,608,13994669056.0,107451904.0,0.0,0.0,0.1316285824
1348,2,628379916,False,0.0,0,0,0,0.0,0.0,0.0,0.0,0.0,167117360,1047,156483158016.0,576721792.0,0.0,0.0,0.7064841952
1349,1,628381708,False,0.432747572660446,6780,6690,4650,0.168172044699979,0.00306177837774158,0.970451474189758,316.956817626953,0.000883086728125,167117360,614,26613401600.0,235447200.0,228490080.0,720887.125,0.28842282
1350,3,628387316,False,0.0,0,0,0,0.0,0.0,0.0,0.0,0.0,167117360,1023,114896728064.0,544201216.0,0.0,0.0,0.6666464896
1351,3,628384780,False,0.0,0,0,0,0.0,0.0,0.0,0.0,0.0,167117360,312782594,12109402112.0,71409600.0,0.0,0.0,0.08747676
1352,1,628382713,False,0.0,0,0,0,0.0,0.0,0.0,0.0,0.0,167117360,234,28050499584.0,140768096.0,0.0,0.0,0.1724409176
1353,1,628382320,False,0.0,0,0,0,0.0,0.0,0.0,0.0,0.0,167117360,332,509439328.0,2796300.0,0.0,0.0,0.0034254675
1354,2,628378531,False,0.723788797855377,7010,6910,5780,0.93243003841273,0.0316614881157875,11.2077865600586,353.988006591797,0.00489627508125,167117360,223,11111455904.0,126240416.0,1414875648.0,3996959.25,0.1546445096
1355,2,628378285,False,0.558298110961914,7460,6250,5740,0.137157071780238,0.00637219473719597,2.37767457962036,373.132751464844,0.0007202242796875,167117360,118,7478055424.0,92266200.0,219378992.0,587938.1875,0.113026095
1356,2,628379625,False,0.0,0,0,0,0.0,0.0,0.0,0.0,0.0,167117360,880,9038103552.0,46680300.0,0.0,0.0,0.0571833675
1357,3,628386467,False,0.137149438261986,5200,4420,1080,0.00188359802023726,2.6774638955787e-05,0.00596970180896657,222.961057246163,9.89094481048584e-06,167117360,897,45714548736.0,301563008.0,1800241.234375,8074.24066162109,0.3694146848
1358,3,628386231,False,0.2099998742342,5990,5380,6840,0.00411474071713221,7.23977673784273e-05,0.0216631875179576,299.224524490138,2.16068783813477e-05,167117360,802,20620510208.0,243630000.0,5277802.375,17638.2680664062,0.29844675
1359,3,628385693,False,0.0,0,0,0,0.0,0.0,0.0,0.0,0.0,167117360,551,49115899904.0,233706592.0,0.0,0.0,0.2862905752
1360,3,628386238,False,0.150104016065598,7980,4910,7090,0.00298231534276413,5.89851611645812e-05,0.0233862109941481,396.476173539572,1.56604095703125e-05,167117360,804,42226708480.0,216732608.0,5068554.5,12784.0078125,0.2654974448
1361,2,628380006,False,0.0,0,0,0,0.0,0.0,0.0,0.0,0.0,167117360,1101,143375794176.0,679313728.0,0.0,0.0,0.8321593168
1362,1,628382493,False,0.0,0,0,0,0.0,0.0,0.0,0.0,0.0,167117360,288,44088397824.0,235492192.0,0.0,0.0,0.2884779352
1363,2,628379060,False,0.0,0,0,0,0.0,0.0,0.0,0.0,0.0,167117360,580,3780461568.0,39566700.0,0.0,0.0,0.0484692075
1364,2,628379124,False,0.0,0,0,0,0.0,0.0,0.0,0.0,0.0,167117360,622,2056149120.0,21735000.0,0.0,0.0,0.026625375
1365,3,628386498,False,0.0,0,0,0,0.0,0.0,0.0,0.0,0.0,167117360,907,39839672320.0,214300800.0,0.0,0.0,0.26251848
1366,1,628379114,False,0.0107831498607993,7070,3160,3290,1.00787092803407e-05,2.29041205557223e-07,5.15288047608919e-05,224.976135253906,5.29242206573486e-08,167117360,496345668,31606937600.0,188627392.0,9719.744140625,43.2034454345703,0.2310685552
1367,2,628379896,False,0.0,0,0,0,0.0,0.0,0.0,0.0,0.0,167117360,1039,5627358720.0,36730800.0,0.0,0.0,0.04499523
1368,3,628387528,False,0.798363447189331,7760,6880,5780,7.21686885416985,0.00226713699990552,0.886350747572405,390.955971169516,0.03789643585,167117360,1097,2162661605431.53,13645344768.0,12094561536.0,30935866.0,16.7155473408
1369,2,628378127,False,0.0,0,0,0,0.0,0.0,0.0,0.0,0.0,167117360,33,78812323840.0,481888800.0,0.0,0.0,0.59031378
1370,2,628379146,False,0.356600403785706,7470,4610,6070,0.00116457680564244,2.28271345605217e-06,0.000787276781437183,344.886380438978,6.11529890583046e-06,167117360,637,393441800704.0,2186906432.0,1721700.65708923,4992.08073945343,2.6789603792
1371,2,628380151,False,0.0,0,0,0,0.0,0.0,0.0,0.0,0.0,167117360,549009203,4316796928.0,27975600.0,0.0,0.0,0.03427011
1372,3,628385432,False,0.18195641040802,6930,5390,5470,0.000961223701704481,2.26929258163862e-06,0.000820298124091095,361.477462504535,5.04747323045731e-06,167117360,444,320063059968.0,1815714000.0,1489426.78808594,4120.38631057739,2.22424965
1373,1,628382992,False,0.0,0,0,0,0.0,0.0,0.0,0.0,0.0,167117360,606826663,714702848.0,7274700.0,0.0,0.0,0.0089115075
1374,1,628380872,False,0.0,0,0,0,0.0,0.0,0.0,0.0,0.0,167117360,938,51676043264.0,426150904.0,0.0,0.0,0.5220348574
1375,3,628385348,False,0.55791974067688,7530,4620,6060,0.00486591118227429,0.000330733528146522,0.167719378305595,507.113322454844,2.55513429296017e-05,167117360,414,10688496640.0,63066600.0,10577490.9438477,20858.2391262054,0.077256585
1376,3,628386388,False,0.0,0,0,0,0.0,0.0,0.0,0.0,0.0,167117360,859,4723178240.0,25117200.0,0.0,0.0,0.03076857
1377,2,628380058,False,0.0,0,0,0,0.0,0.0,0.0,0.0,0.0,167117360,599626923,395954304.0,6515100.0,0.0,0.0,0.0079809975
1378,2,628378088,False,0.296645641326904,4690,2810,5700,0.00902814647014317,0.000684224825818092,0.166533336043358,243.389801025391,4.74076196289062e-05,167117360,19,5956004352.0,56560500.0,9419209.0,38700.09765625,0.0692866125
1379,2,628380214,False,0.000164105440489948,8400,5470,6010,5.1962613560361e-08,1.30533992503956e-08,2.30667751566216e-06,176.710876464844,2.72860417887568e-10,167117360,607344858,3678135552.0,17064000.0,39.3611450195312,0.222743198275566,0.0209034
1380,2,628379876,False,0.0,0,0,0,0.0,0.0,0.0,0.0,0.0,167117360,614454277,3028526336.0,18950400.0,0.0,0.0,0.02321424
1381,2,628378823,False,0.0,0,0,0,0.0,0.0,0.0,0.0,0.0,167117360,363,88464883712.0,440747104.0,0.0,0.0,0.5399152024
1382,1,628383790,False,0.173980623483658,8400,5580,5410,0.00211962158921032,5.68807299714535e-05,0.0143999783322215,253.160934448242,1.11303260742187e-05,167117360,100,33958372864.0,159737408.0,2300215.25,9085.98046875,0.1956783248
1383,2,628379758,False,0.363042533397675,6590,6360,9900,0.0253060151394744,2.08406363526592e-05,0.00456377165392041,218.984283447266,0.000132884191015625,167117360,961,971624808448.0,5205066240.0,23754734.0,108476.890625,6.376206144
1384,2,628380127,False,0.183874517679214,6440,5760,7730,0.0100213906239063,2.35846148232818e-05,0.00772384051511977,327.494876341805,5.26232351703644e-05,167117360,278,336641693312.0,1821430764.0,14068440.7304688,42957.7429962158,2.2312526859
1385,3,628385857,False,0.0,0,0,0,0.0,0.0,0.0,0.0,0.0,167117360,621,61786013696.0,319282208.0,0.0,0.0,0.3911207048
1386,2,628379947,False,0.125928834080696,12060,2830,9430,0.00266217539946462,4.96088750878698e-06,0.00129239435773343,260.516784667969,1.39793255615234e-05,167117360,1064,469954428928.0,2300333312.0,2972937.75,11411.6943359375,2.8179083072
1387,3,628387585,False,0.0,0,0,0,0.0,0.0,0.0,0.0,0.0,167117360,1125,112919113728.0,557949568.0,0.0,0.0,0.6834882208
1388,3,628386451,False,0.0,0,0,0,0.0,0.0,0.0,0.0,0.0,167117360,889,140685225984.0,724327168.0,0.0,0.0,0.8873007808
1389,2,628379743,False,0.0,0,0,0,0.0,0.0,0.0,0.0,0.0,167117360,954,22441781248.0,133981200.0,0.0,0.0,0.16412697
1390,2,628379995,False,0.0,0,0,0,0.0,0.0,0.0,0.0,0.0,167117360,1094,31094714368.0,122770800.0,0.0,0.0,0.15039423
1391,3,628385498,False,0.0,0,0,0,0.0,0.0,0.0,0.0,0.0,167117360,469,2822922496.0,25196400.0,0.0,0.0,0.03086559
1392,3,628386933,False,0.0453391000628471,11020,4210,6010,0.000825074464209298,3.23095222093129e-05,0.00885382009533624,274.031291393849,4.33254118041992e-06,167117360,912,23173687296.0,109465200.0,969185.1875,3536.76831054688,0.13409487
1393,3,628384697,False,0.0962987244129181,12070,4620,6880,0.00145365382842197,9.24297654866537e-06,0.00250665936140648,271.19611828599,7.63326868896484e-06,167117360,225,118154702848.0,674159424.0,1689888.03125,6231.23974609375,0.8258452944
1394,2,628380268,False,0.0765420123934746,7710,2400,6420,0.000194162863757144,1.39267388021835e-06,0.00034211267484352,245.65168762207,1.01956688690186e-06,167117360,484682470,129571594240.0,597627008.0,204455.78125,832.299499511719,0.7320930848
1395,3,628384208,False,0.0,0,0,0,0.0,0.0,0.0,0.0,0.0,167117360,33,162556198912.0,963777600.0,0.0,0.0,1.18062756
1396,1,628382051,False,0.0951017215847969,2760,4250,4120,0.00121355211734295,3.07924528897274e-05,0.0085070114582777,276.269378662109,6.37247272949219e-06,167117360,448,35640688640.0,168938096.0,1437158.375,5202.0185546875,0.2069491676
1397,3,628387413,False,0.155480995774269,10920,2490,1920,0.00602429419714122,5.0393721344111e-06,0.00135372644686036,268.62998221872,3.16341176757812e-05,167117360,1056,1100484018176.0,5124402176.0,6937038.75,25823.76953125,6.2773926656
1398,1,628381916,False,0.0,0,0,0,0.0,0.0,0.0,0.0,0.0,167117360,534,22207170560.0,116820000.0,0.0,0.0,0.1431045
1399,1,628380700,False,0.428897798061371,10940,4160,2140,0.048145651719652,8.00513371359557e-05,0.0198663417249918,248.170013427734,0.000252817203515625,167117360,1041,372729675776.0,2578113024.0,51217672.0,206381.390625,3.1581884544
1400,3,628386101,False,0.116393692791462,2060,3360,6120,0.00436591651015245,1.17033790440958e-05,0.00266369249361065,227.600292494539,2.29258253540039e-05,167117360,746,291495339264.0,1599107352.0,4259530.25,18714.9594726562,1.9589065062
1401,1,628378597,False,0.0,0,0,0,0.0,0.0,0.0,0.0,0.0,167117360,312782594,7036165120.0,35704800.0,0.0,0.0,0.04373838
1402,3,628385987,False,0.00541992858052254,4070,5090,2090,5.57477498017164e-06,4.46307194882444e-08,9.76133161748611e-06,218.7132927592,2.92736513137817e-08,167117360,694,103035977728.0,535435200.0,5226.560546875,23.896858215332,0.65590812
1403,3,628385278,False,0.0,0,0,0,0.0,0.0,0.0,0.0,0.0,167117360,377,15179874816.0,96546600.0,0.0,0.0,0.118269585
1404,1,628380776,False,0.324596226215363,6270,1760,1650,0.0265507064557422,0.00030127030913718,0.065891295671463,218.711547851562,0.000139420178515625,167117360,981,73258115072.0,377775008.0,24892084.0,113812.390625,0.4627743848
1405,2,628379116,False,0.000695285096298903,5660,3600,5940,3.41127806188463e-07,3.19049372919771e-09,1.01826976777756e-06,319.157426469419,1.79129318892956e-09,167117360,618,10932486080.0,458324096.0,466.697570800781,1.46228015422821,0.5614470176
1406,1,628380791,False,0.0,0,0,0,0.0,0.0,0.0,0.0,0.0,167117360,971,29653065728.0,614424576.0,0.0,0.0,0.7526701056
1407,3,628386254,False,0.0,0,0,0,0.0,0.0,0.0,0.0,0.0,167117360,810,58401546240.0,327052800.0,0.0,0.0,0.40063968
1408,3,628385959,False,0.0,0,0,0,0.0,0.0,0.0,0.0,0.0,167117360,678,29169026048.0,119257200.0,0.0,0.0,0.14609007
1409,1,628380759,False,0.084355853497982,4550,950,5000,0.00311728429742494,2.26693095350582e-06,0.000604993957044408,266.877981488048,1.63691438476562e-05,167117360,993,1101298002432.0,5894562596.0,3566174.75,13362.56640625,7.2208391801
1410,3,628386483,False,0.00152231007814407,12670,4740,4590,4.38045602330262e-07,1.01911107540952e-08,1.99511062829008e-06,195.769693454502,2.30021736621857e-09,167117360,903,31437095936.0,184251600.0,367.602325439453,1.87772846221924,0.22570821
1411,3,628384834,False,0.0,0,0,0,0.0,0.0,0.0,0.0,0.0,167117360,312782570,4305760128.0,35424000.0,0.0,0.0,0.0433944
1412,1,628380943,False,0.0,0,0,0,0.0,0.0,0.0,0.0,0.0,167117360,907,19615092736.0,107150400.0,0.0,0.0,0.13125924
1413,2,628379977,False,0.170574054121971,9110,3260,8260,0.00370913889667089,3.85435378120746e-05,0.0104388883337379,270.833679199219,1.94770262695312e-05,167117360,1084,79451840512.0,412510496.0,4306151.0,15899.61328125,0.5053253576
1414,2,628378443,False,0.0378316827118397,7020,3130,8090,4.6564817893965e-05,1.09322331809381e-06,0.000274826103122905,251.390640258789,2.44516101074219e-07,167117360,178,24867706880.0,182583904.0,50178.82421875,199.60498046875,0.2236652824
1415,1,628382064,False,0.0,0,0,0,0.0,0.0,0.0,0.0,0.0,167117360,441,1086083456.0,10631700.0,0.0,0.0,0.0130238325
1416,2,628380115,False,0.414029359817505,5430,4490,6290,0.0385461879184684,0.000604678993113339,0.25214359164238,416.987518310547,0.00020240954453125,167117360,266,41227505664.0,273256192.0,68899800.0,165232.28125,0.3347388352
1417,2,628379420,False,0.00338220945559442,13160,5670,5850,3.67450157832338e-06,2.00939922478938e-07,4.78825204481836e-05,238.292724609375,1.92951425552368e-08,167117360,839,10969948160.0,78387296.0,3753.38134765625,15.7511367797852,0.0960244376
1418,1,628383959,False,0.0962867140769958,4720,2180,5670,0.00101814712282137,4.02679750855404e-06,0.00116612766032892,289.591830195519,5.34638330078125e-06,167117360,48,216950808320.0,1083837596.0,1263893.0,4364.39453125,1.3277010551
1419,3,628384545,False,0.256216496229172,8980,4700,5650,0.00658441819371673,4.27551311772989e-05,0.0122382689779718,286.240940934589,3.45753798122e-05,167117360,165,114762978432.0,660150000.0,8079093.26580811,28224.7998466939,0.80868375
1420,2,628378107,False,0.0,0,0,0,0.0,0.0,0.0,0.0,0.0,167117360,26,90965278720.0,537672576.0,0.0,0.0,0.6586489056
1421,1,628380720,False,0.0,0,0,0,0.0,0.0,0.0,0.0,0.0,167117360,1023,61827895296.0,272100608.0,0.0,0.0,0.3333232448
1422,1,628381312,False,0.560170233249664,6160,7020,4000,0.48926646110504,2.12685269783934e-05,0.00505102571125643,237.488271584945,0.00256918276214907,167117360,688,18073998004890.9,98610122500.0,498082264.137647,2097292.05073393,120.7974000625
1423,3,628386000,False,0.0,0,0,0,0.0,0.0,0.0,0.0,0.0,167117360,699,361214112.0,2754000.0,0.0,0.0,0.00337365
1424,2,628379739,False,0.0,0,0,0,0.0,0.0,0.0,0.0,0.0,167117360,951,155071266816.0,561608128.0,0.0,0.0,0.6879699568
1425,1,628382137,False,0.0338585935533047,7970,240,4180,0.00014835189309764,1.7830478143919e-06,0.000446971581610151,250.678404696953,7.79009306335449e-07,167117360,394,70731118976.0,356651100.0,159412.90625,635.925964355469,0.4368975975
1426,2,628379142,False,0.0,0,0,0,0.0,0.0,0.0,0.0,0.0,167117360,633,1019702656.0,8169300.0,0.0,0.0,0.0100073925
1427,3,628387147,False,0.0875949487090111,5630,6120,8590,0.00261424595632604,1.28005510407315e-05,0.0032888028260563,256.92666007825,1.37276436889648e-05,167117360,966,137471881216.0,875449792.0,2879181.75,11206.2397460938,1.0724259952
1428,1,628382345,False,0.0180149730294943,3970,4810,2040,5.38547665514254e-05,5.54297685084748e-07,0.000111916808236856,201.907409667969,2.82796285629272e-07,167117360,328,77392314368.0,416480384.0,46611.15625,230.854110717773,0.5101884704
1429,3,628387251,False,0.128450304269791,6240,5360,4200,0.00100403390410897,3.89192977494536e-06,0.00178130825136326,457.692803922256,5.27227350353002e-06,167117360,1000,66288524914.3359,1105851592.0,1969862.56561279,4303.89673757553,1.3546682002
1430,2,628378690,False,0.0,0,0,0,0.0,0.0,0.0,0.0,0.0,167117360,311,56742780928.0,320056192.0,0.0,0.0,0.3920688352
1431,3,628386491,False,0.0,0,0,0,0.0,0.0,0.0,0.0,0.0,167117360,905,31890925568.0,179382592.0,0.0,0.0,0.2197436752
1432,1,628382180,False,0.0,0,0,0,0.0,0.0,0.0,0.0,0.0,167117360,374,17360836608.0,88556400.0,0.0,0.0,0.10848159
1433,2,628382635,False,0.0,0,0,0,0.0,0.0,0.0,0.0,0.0,167117360,312782598,672240128.0,7261200.0,0.0,0.0,0.00889497
1434,3,628387740,False,0.0137102389708161,8590,5150,5500,1.33127155536118e-05,3.32496375017411e-06,0.00101880783243751,306.411711220659,6.99062822341919e-08,167117360,607344854,3210634624.0,17163000.0,17485.798828125,57.0663528442383,0.021024675
1435,3,628387744,False,0.151308834552765,8410,5580,5400,0.00133175241347312,0.000102286592079008,0.0303141215499509,296.364566790294,6.99315325317383e-06,167117360,607344846,10021867008.0,55810800.0,1691855.375,5708.69653320312,0.06836823
1436,3,628387653,False,0.0,0,0,0,0.0,0.0,0.0,0.0,0.0,167117360,919,99368251392.0,629035200.0,0.0,0.0,0.77056812
1437,1,628381085,False,0.279775083065033,6410,5610,3650,0.0286530604097204,8.0481206018992e-05,0.0394587928283499,490.285804353359,0.000150459830664062,167117360,835,280969375744.0,1526124640.0,60219036.0,122824.3515625,1.869502684
1438,1,628382401,False,0.0,0,0,0,0.0,0.0,0.0,0.0,0.0,167117360,314,30007687168.0,196082096.0,0.0,0.0,0.2402005676
1439,2,628378891,False,0.24939201772213,5510,4590,6020,0.00166409476053026,0.00190297898370773,0.770525932312012,404.905120849609,8.73831319580078e-06,167117360,428,500429216.0,3748500.0,2888316.5,7133.31689453125,0.0045919125
1440,2,628378798,False,0.334455013275146,6450,5820,7530,0.0214203443115773,6.74060502205975e-05,0.0289243813604116,429.106567382812,0.000112480179492187,167117360,342,252961751040.0,1362200448.0,39400804.0,91820.5546875,1.6686955488
1441,3,628387057,False,0.0,0,0,0,0.0,0.0,0.0,0.0,0.0,167117360,182305709,51105697792.0,264727808.0,0.0,0.0,0.3242915648
1442,3,628385053,False,0.0118614416569471,6010,3650,5350,1.27799960937345e-05,4.4000442231193e-08,1.1070510764116e-05,251.599988608021,6.71089238166809e-08,167117360,362,208774864896.0,1245051008.0,13783.3505859375,54.7827949523926,1.5251874848
1443,3,628387097,False,0.0,0,0,0,0.0,0.0,0.0,0.0,0.0,167117360,951,312001380352.0,1123216256.0,0.0,0.0,1.3759399136
1444,2,628379678,False,0.0699671283364296,9820,3750,10380,0.00227971787375085,3.40479956252887e-06,0.000769661173384939,226.051830438231,1.197100625e-05,167117360,918,389250871296.0,2870139584.0,2209035.0,9772.25,3.5159209904
1445,2,628380099,False,0.617005407810211,9490,6940,5760,0.208014994181185,0.00119279791090951,0.289454123021274,242.668200852704,0.00109230568576435,167117360,933,34771276960.0,747551704.0,216381922.894379,891678.110828042,0.9157508374
1446,3,628387271,False,0.175524458289146,12250,1690,7400,0.0067235035682183,5.62202756595046e-06,0.00129558960074954,230.44881682833,3.53057297851562e-05,167117360,1007,1079203790848.0,5126443008.0,6641766.25,28821.00390625,6.2798926848
1447,3,628386042,False,0.0951017215847969,2760,4250,4120,0.00135247227719344,2.36121329179041e-06,0.000648530877073506,274.660014547755,7.10195514526367e-06,167117360,723,520285949184.0,2455311608.0,1592345.390625,5797.51440429688,3.0077567198
1448,3,628385917,False,0.176198288798332,4290,1030,6680,0.00950196713679566,1.9503689058076e-05,0.00474971570832665,243.529093095335,4.98956951171875e-05,167117360,656,321029160960.0,2088383360.0,9919227.25,40731.1796875,2.558269616
1449,1,628380281,False,0.0,0,0,0,0.0,0.0,0.0,0.0,0.0,167117360,563807439,1296343040.0,10125000.0,0.0,0.0,0.012403125
1450,3,628387776,True,0.503686666488647,7920,6270,5960,0.0282011712527587,0.0329580423016949,20.2537807247143,614.532275288473,0.00014808691953125,167117360,606826651,761165824.0,3667914.5,74289136.0,120887.28125,0.0044931952625
1451,3,628386016,False,0.00284986151382327,3820,3310,5720,1.04491401063403e-06,3.29041276659484e-08,6.14575924110829e-06,186.777759419781,5.48693866729736e-09,167117360,707,23911148544.0,136126800.0,836.6025390625,4.47913360595703,0.16675533
1452,2,628379428,False,0.224418714642525,9750,3940,8410,0.00562560674370604,5.74442274228204e-05,0.0139878382906318,243.502944946289,2.95405735351562e-05,167117360,843,74572562432.0,419794208.0,5872013.5,24114.75390625,0.5142479048
1453,3,628384773,False,0.0,0,0,0,0.0,0.0,0.0,0.0,0.0,167117360,251,86639669248.0,424987200.0,0.0,0.0,0.52060932
1454,1,628381659,False,0.0,0,0,0,0.0,0.0,0.0,0.0,0.0,167117360,630,131524935680.0,543106816.0,0.0,0.0,0.6653058496
1455,2,628379270,False,0.435636222362518,9070,3270,8260,0.0569780273207923,8.22716660094104e-05,0.0212191824668639,257.9160420118,0.000299196812475586,167117360,726,430410715136.0,2968729184.0,62994006.25,244242.295898438,3.6366932504
1456,2,628379668,False,0.0,0,0,0,0.0,0.0,0.0,0.0,0.0,167117360,911,180643344.0,3061800.0,0.0,0.0,0.003750705
1457,3,628387151,False,0.617005407810211,9490,6940,5760,0.612865291895162,0.000243772285231237,0.0585215133136374,240.066311304114,0.00321821148316657,167117360,967,370259913138.0,10776907688.0,630680946.743134,2627111.41482985,13.2017119178
1458,2,628378886,False,0.0,0,0,0,0.0,0.0,0.0,0.0,0.0,167117360,423,49077858304.0,214168496.0,0.0,0.0,0.2623564076
1459,1,628382104,False,0.00575944734737277,7630,4840,5430,3.50949382114452e-06,4.77077037430718e-07,0.000203275383682922,426.085021972656,1.84286717891693e-08,167117360,414,5280643072.0,31533300.0,6409.94384765625,15.0438137054443,0.0386282925
1460,1,628380895,False,0.233204454183578,10300,3850,3810,0.0085415762396861,1.20975263815476e-05,0.00337984167449556,279.382872820253,4.48525950195312e-05,167117360,928,757686272000.0,3026599168.0,10229426.0,36614.36328125,3.7075839808
1461,3,628385525,False,0.0239803586155176,7120,2710,5900,0.000191780194477012,2.85421515837002e-06,0.000616303298336907,215.927414066732,1.0070552734375e-06,167117360,483,21625927680.0,288025216.0,177510.890625,822.0859375,0.3528308896
1462,2,628378920,False,0.000695285096298903,5660,3600,5940,3.41127806188463e-07,5.0221181879806e-08,1.60284635057906e-05,319.157440185547,1.79129318892956e-09,167117360,449,882066368.0,29116800.0,466.697570800781,1.46228015422821,0.03566808
1463,2,628379643,False,0.0604609623551369,6090,4720,10580,0.000162946719560818,4.6324530558195e-06,0.000961491314228624,207.555557250977,8.55648069763183e-07,167117360,897,24059039744.0,150781504.0,144975.109375,698.488220214844,0.1847073424
1464,1,628382031,False,0.0,0,0,0,0.0,0.0,0.0,0.0,0.0,167117360,460,498116672.0,4267800.0,0.0,0.0,0.005228055
1465,3,628387393,False,0.0589356459677219,10210,5490,2590,0.000738345723874351,2.629740507619e-06,0.000694350820996267,264.037770641081,3.87712066345215e-06,167117360,1049,191352758272.0,1203539456.0,835678.609375,3164.99645996094,1.4743358336
1466,1,628380113,False,0.494231253862381,8030,6200,4120,0.0584680907859891,0.000129324587760493,0.0334762409329414,258.854400634766,0.000307021271484375,167117360,10703,340699283456.0,1937988864.0,64876580.0,250629.609375,2.3740363584
1467,1,628381137,False,0.546946108341217,5610,4800,4830,0.10040727197743,0.000709297928387352,0.325089518216185,458.325768630543,0.0005272477328125,167117360,809,101722368896.0,606806104.0,197266304.0,430406.3125,0.7433374774
1468,1,628381122,False,0.0971002951264381,5520,4640,4270,0.00106723364970241,5.11279093255017e-06,0.00116042775870085,226.965618975946,5.60414112548828e-06,167117360,818,119930166272.0,894777264.0,1038324.375,4574.80908203125,1.0961021484
1469,1,628381982,False,0.593204915523529,7920,6140,5610,0.0947836663233726,0.00167672817328855,0.570903035401493,340.486337914743,0.000497717667181396,167117360,491,38293005024.0,242317236.0,138339645.5625,406300.136474609,0.2968386141
1470,1,628381032,False,0.0,0,0,0,0.0,0.0,0.0,0.0,0.0,167117360,862,187345092608.0,932916608.0,0.0,0.0,1.1428228448
1471,1,628381282,False,0.188298374414444,4520,5360,1810,0.0122156504186359,0.000468298356281593,0.130443200469017,278.547210693359,6.41454932617187e-05,167117360,704,17853530112.0,111816896.0,14585753.0,52363.66796875,0.1369756976
1472,3,628384412,False,0.0,0,0,0,0.0,0.0,0.0,0.0,0.0,167117360,123,25566093312.0,157685408.0,0.0,0.0,0.1931646248
1473,3,628385622,False,0.291728377342224,10290,4110,1780,0.0290801735309804,0.000111151424855867,0.0245904005561002,221.233336306639,0.000152702640576172,167117360,526,148002070528.0,1121490048.0,27577889.5,124655.216796875,1.3738253088
1474,3,628384202,False,0.244069084525108,4050,3390,5750,0.00935901085288071,8.04640619500527e-06,0.00192015253045168,238.634799675363,4.91450186462402e-05,167117360,31,959347569920.0,4985875880.0,9573642.1875,40118.3825683594,6.107697953
1475,1,628381295,False,0.0,0,0,0,0.0,0.0,0.0,0.0,0.0,167117360,697,14754554880.0,299553312.0,0.0,0.0,0.3669528072
1476,2,628379352,False,0.0175165068358183,12960,6790,7700,0.000144332869564464,8.47769911160867e-07,0.000188471909496002,222.314926147461,7.57905047607422e-07,167117360,794,1852896640.0,729794688.0,137545.796875,618.697998046875,0.8939984928
1477,3,628385020,False,0.256216496229172,8980,4700,5650,0.00658441819371673,1.72049965367964e-05,0.00492477439746895,286.240940934589,3.45753798122e-05,167117360,348,242336352384.0,1640500176.0,8079093.26580811,28224.7998466939,2.0096127156
1478,3,628387697,False,0.494231253862381,8030,6200,4120,0.114211695196799,0.000126311464159941,0.0324923910398693,257.240237503114,0.000599736016796875,167117360,10703,655439101952.0,3875977728.0,125939784.0,489580.421875,4.7480727168
1479,2,628378868,False,0.153650492429733,7230,6420,7360,0.00565956791473519,2.65761245827889e-05,0.00640832027420402,241.130722045898,2.97189067382812e-05,167117360,403,149468545024.0,912861888.0,5849911.5,24260.33203125,1.1182558128
1480,2,628379237,False,0.058334331959486,8390,5140,6540,0.000107200696186594,1.53404096181475e-06,0.000623584433924407,406.497924804688,5.62920622253418e-07,167117360,697,20897609728.0,299553312.0,186796.78125,459.527038574219,0.3669528072
1481,3,628384764,False,0.149333879351616,6920,3350,10690,0.00447695187589315,3.68007186447506e-06,0.00085478316074267,232.273496883083,2.35088821754456e-05,167117360,247,1028246831808.0,5214823224.0,4457543.078125,19190.9242248535,6.3881584494
1482,2,628379242,False,0.0962987244129181,12070,4620,6880,0.000477781984346721,1.41895507612394e-06,0.000361969701777792,255.095956079567,2.50887672839165e-06,167117360,701,315338639360.0,1443359744.0,522452.49609375,2048.06263542175,1.7681156864
1483,3,628386385,False,0.0,0,0,0,0.0,0.0,0.0,0.0,0.0,167117360,857,83266617344.0,481280384.0,0.0,0.0,0.5895684704
1484,2,628378335,False,0.0,0,0,0,0.0,0.0,0.0,0.0,0.0,167117360,135,2989611392.0,19389600.0,0.0,0.0,0.02375226
1485,1,628382977,False,0.148318231105804,3390,2400,5690,0.00197853642521027,3.59791847586166e-05,0.0107095604762435,297.659881591797,1.03894750244141e-05,167117360,171,37571944448.0,235725296.0,2524514.25,8481.2041015625,0.2887634876
1486,1,628384016,False,0.0962867140769958,4720,2180,5670,0.00186698201349342,3.2102742213859e-06,0.000923099969949513,287.545519881165,9.80369264526367e-06,167117360,31,482401185600.0,2492937940.0,2301230.9375,8003.01440429688,3.0538489765
1487,3,628384499,False,0.476957410573959,7730,6090,6330,0.0348008415728198,0.00077943336861673,0.247054728334999,316.96709209852,0.000182742389648437,167117360,606826647,25722079232.0,191392192.0,47284346.0,149177.4609375,0.2344554352
1488,2,628378180,False,0.0,0,0,0,0.0,0.0,0.0,0.0,0.0,167117360,62,1499792000.0,67094100.0,0.0,0.0,0.0821902725
1489,1,628382738,False,0.134543746709824,10590,7120,5690,0.00052166034980002,7.45973302400671e-05,0.0172132831066847,230.74934387207,2.73928602294922e-06,167117360,230,960667456.0,29976300.0,515990.5625,2236.15185546875,0.0367209675
1490,3,628384784,False,0.0,0,0,0,0.0,0.0,0.0,0.0,0.0,167117360,255,88567668736.0,374043584.0,0.0,0.0,0.4582033904
1491,2,628378917,False,0.0609371215105057,2610,3960,6810,0.000138920159850489,3.52493520949793e-06,0.000918602861929685,260.601348876953,7.29482415771484e-07,167117360,448,32646643712.0,168938096.0,155187.015625,595.495849609375,0.2069491676
1492,1,628378471,False,0.0,0,0,0,0.0,0.0,0.0,0.0,0.0,167117360,312782652,2072088832.0,14726700.0,0.0,0.0,0.0180402075
1493,1,628382917,False,0.0,0,0,0,0.0,0.0,0.0,0.0,0.0,167117360,189,7513184768.0,40812300.0,0.0,0.0,0.0499950675
1494,3,628387222,False,0.0,0,0,0,0.0,0.0,0.0,0.0,0.0,167117360,988,82311176192.0,476821792.0,0.0,0.0,0.5841066952
1495,1,628378489,False,0.0,0,0,0,0.0,0.0,0.0,0.0,0.0,167117360,312782644,33845553152.0,173325600.0,0.0,0.0,0.21232386
1496,2,628378899,False,0.0,0,0,0,0.0,0.0,0.0,0.0,0.0,167117360,434,63823257600.0,437602496.0,0.0,0.0,0.5360630576
1497,1,628380697,False,0.0,0,0,0,0.0,0.0,0.0,0.0,0.0,167117360,1043,15316547584.0,226609200.0,0.0,0.0,0.27759627
1498,1,628380593,False,0.0935690104961395,4900,5750,5130,0.000678111729424889,6.68206193950027e-05,0.0305418092757463,457.071624755859,3.56082647094726e-06,167117360,1109,9946530816.0,43501500.0,1328614.5,2906.79711914062,0.0532893375
1499,1,628382023,False,0.045453853905201,7530,3350,2860,0.000465163839495569,3.18175079883076e-06,0.00072203204035759,226.929153442383,2.44261770019531e-06,167117360,466,56058912768.0,626690688.0,452490.75,1993.9736328125,0.7676960928
1500,2,628382791,False,0.0307911112904549,9790,3290,10290,0.000301774997872247,2.24160633540577e-06,0.000448421320935239,200.044634890839,1.58464800720215e-06,167117360,312782628,74951687296.0,577081796.0,258775.78125,1293.59020996094,0.7069252001
1501,2,628378833,False,0.0,0,0,0,0.0,0.0,0.0,0.0,0.0,167117360,372,2716961792.0,24060600.0,0.0,0.0,0.029474235
1502,2,628379086,False,0.0,0,0,0,0.0,0.0,0.0,0.0,0.0,167117360,598,2094544128.0,20722500.0,0.0,0.0,0.0253850625
1503,2,628379731,False,0.621337115764618,7420,5940,6110,0.214119362152788,0.00288447947241366,1.12714087963104,390.760589599609,0.001124360278125,167117360,946,57810202624.0,318201312.0,358657696.0,917845.125,0.3897966072
1504,2,628379770,False,0.0600936412811279,12140,4600,6890,0.000637583327883201,3.99808595830109e-06,0.000997535651549697,249.503311157227,3.34800814208984e-06,167117360,968,181642936320.0,683594112.0,681909.5,2733.06787109375,0.8374027872
1505,2,628378120,False,0.325073659420013,6200,6060,5790,0.0156499633593661,0.00293565145693719,0.77917754650116,265.418975830078,8.21793833984375e-05,167117360,30,1382299008.0,22851900.0,17805688.0,67085.2109375,0.0279935775
1506,2,628379280,True,0.472552061080933,7930,6190,5730,0.0280516557119345,0.026940256357193,13.4275417327881,498.419219970703,0.000147301799804687,167117360,732,806659072.0,4463445.5,59933100.0,120246.3671875,0.0054677207375
1507,1,628381377,False,0.0846468210220337,7370,6490,3500,0.00240028393796994,9.15434927108352e-06,0.00224099833541612,244.801489330861,1.26041096374512e-05,167117360,647,176353665024.0,1123954176.0,2518779.4375,10289.0690917969,1.3768438656
1508,2,628378309,True,0.920122146606445,7670,6970,5720,0.72294537553212,0.159676104784012,260.877868652344,1633.79406738281,0.00379625203125,167117360,126,8486487552.0,19407922.0,5063097344.0,3098981.25,0.02377470445
1509,3,628387133,False,0.0,0,0,0,0.0,0.0,0.0,0.0,0.0,167117360,962,650946052096.0,3423808768.0,0.0,0.0,4.1941657408
1510,3,628386282,False,0.000584014342166483,10130,1300,3510,2.10301352781508e-07,5.01062080353939e-10,9.55024350001803e-08,190.600004958906,1.10431156307459e-09,167117360,821,329416982528.0,1799136000.0,171.821868896484,0.901478826999664,2.2039416
1511,1,628381235,False,0.240713566541672,5490,4560,5360,0.00141776372885424,4.85893705198553e-05,0.0176362180899135,362.964531156186,7.44480650634766e-06,167117360,737,11139427840.0,125076596.0,2205878.125,6077.39306640625,0.1532188301
1512,1,628380968,False,0.137149438261986,5200,4420,1080,0.00172065130067644,4.89168232888915e-05,0.0109779126942158,224.419967651367,9.03529674072266e-06,167117360,897,21655508992.0,150781504.0,1655266.125,7375.75244140625,0.1847073424
1513,1,628381141,False,0.0142811443656683,8010,310,3890,3.20742320549084e-05,1.60258264259028e-06,0.000361608370440081,225.641021728516,1.68424714660645e-07,167117360,805,15909742592.0,85792496.0,31023.28515625,137.489562988281,0.1050958076
1514,2,628378205,False,0.0,0,0,0,0.0,0.0,0.0,0.0,0.0,167117360,74,13363961856.0,93168896.0,0.0,0.0,0.1141318976
1515,3,628386291,False,0.339522838592529,7750,5600,6310,0.00965143754782354,5.59992515481262e-05,0.0173495864136678,309.818183886929,5.06805778630778e-05,167117360,824,57836050688.0,738793808.0,12817767.0137787,41371.9002963901,0.9050224148
1516,2,628378898,False,0.0,0,0,0,0.0,0.0,0.0,0.0,0.0,167117360,433,20631975936.0,102358800.0,0.0,0.0,0.12538953
1517,3,628385301,False,0.203717604279518,5630,6920,4950,0.00489699619139883,0.000496823496529109,0.150437580174858,302.798843504464,2.57145731445312e-05,167117360,390,4810487808.0,42251400.0,6356198.375,20991.48828125,0.051757965
1518,3,628385060,False,0.0595102831721306,7120,5760,4440,8.86851778047986e-05,2.5368344783704e-06,0.000943788612557898,372.033974074715,4.65693948364258e-07,167117360,364,26679498752.0,149855392.0,141431.8125,380.158325195312,0.1835728552
1519,3,628385973,False,0.560170233249664,6160,7020,4000,1.06010421541188,2.30556656469506e-05,0.00550585381243725,238.806976851066,0.00556670381649773,167117360,688,35495451711476.5,197098972680.0,1085198130.15764,4544248.01346754,241.446241533
1520,1,628381158,False,0.20295162498951,9890,3520,5240,0.00479186263762028,9.72481848293683e-06,0.00359756173565984,369.936126708984,2.51625072753906e-05,167117360,795,309734750720.0,2112206336.0,7598792.5,20540.822265625,2.5874527616
1521,2,628379080,False,0.0419728271663189,7460,3680,6040,0.00020032910745688,1.13844998850254e-05,0.00309672928415239,272.012756347656,1.05194639434814e-06,167117360,595,4053501184.0,75429904.0,233586.0,858.731750488281,0.0924016324
1522,3,628385927,False,0.0,0,0,0,0.0,0.0,0.0,0.0,0.0,167117360,662,5088383488.0,35409600.0,0.0,0.0,0.04337676
1523,1,628381921,False,0.0,0,0,0,0.0,0.0,0.0,0.0,0.0,167117360,531,2647242752.0,19704600.0,0.0,0.0,0.024138135
1524,1,628382099,False,0.130227252840996,9920,1900,1930,0.00102850825072202,5.29163298779167e-05,0.0174584481865168,329.925537109375,5.40079052734375e-06,167117360,421,14034257920.0,83316600.0,1454578.5,4408.80859375,0.102062835
1525,2,628378338,False,0.0550243183970451,13160,6010,6280,0.00102930071297801,3.53014547727071e-06,0.000983813428319991,278.689178466797,5.40495181884766e-06,167117360,136,199025508352.0,1249865088.0,1229634.0,4412.20556640625,1.5310847328
1526,2,628379064,False,0.0,0,0,0,0.0,0.0,0.0,0.0,0.0,167117360,582,25300447232.0,142635600.0,0.0,0.0,0.17472861
1527,3,628387686,False,0.189562126994133,5980,5000,6590,0.0035923462618851,1.18214998271713e-05,0.00457479470734408,386.989364651437,1.88637375038147e-05,167117360,262,200265916416.0,1302624000.0,5959237.38085938,15398.9693908691,1.5957144
1528,1,628381351,False,0.0,0,0,0,0.0,0.0,0.0,0.0,0.0,167117360,662,2579419392.0,17704800.0,0.0,0.0,0.02168838
1529,1,628382573,False,0.0423431918025017,6160,6680,3590,0.000233259063766545,1.48545714182546e-05,0.00304822437465191,205.204467773438,1.22486459503174e-06,167117360,268,12357561344.0,67311904.0,205181.78125,999.889465332031,0.0824570824
1530,2,628380057,False,0.0,0,0,0,0.0,0.0,0.0,0.0,0.0,167117360,196,5997270016.0,99129600.0,0.0,0.0,0.12143376
1531,3,628385626,False,0.0855743810534477,7120,2830,770,0.000923615592312847,2.23419423037509e-05,0.00463776025306437,207.580889343079,4.84998962173462e-06,167117360,527,26664991744.0,177208192.0,821849.109375,3959.17520141602,0.2170800352
1532,2,628379231,False,0.0,0,0,0,0.0,0.0,0.0,0.0,0.0,167117360,694,54321606656.0,267717600.0,0.0,0.0,0.32795406
1533,1,628380804,False,0.0,0,0,0,0.0,0.0,0.0,0.0,0.0,167117360,965,44959764480.0,301475712.0,0.0,0.0,0.3693077472
1534,1,628383903,False,0.0,0,0,0,0.0,0.0,0.0,0.0,0.0,167117360,64,16394718208.0,72501296.0,0.0,0.0,0.0888140876
1535,3,628384906,False,0.115461491048336,5240,4790,6020,0.000374919224232087,3.76480710470006e-06,0.00133550421283049,354.733768740296,1.96873500366211e-06,167117360,310,32329036800.0,426882592.0,570103.5,1607.13061523438,0.5229311752
1536,2,628378960,False,0.0983312129974365,5870,4850,9330,0.00142327064099537,5.21076720878438e-07,0.000124602843134431,239.125714394559,7.47372380371094e-06,167117360,485,2232441634816.0,11708446720.0,1458905.75,6100.9990234375,14.342847232
1537,2,628379087,False,0.0,0,0,0,0.0,0.0,0.0,0.0,0.0,167117360,599,20154157056.0,112306496.0,0.0,0.0,0.1375754576
1538,2,628380158,False,0.0,0,0,0,0.0,0.0,0.0,0.0,0.0,167117360,549009211,1446607616.0,7360200.0,0.0,0.0,0.009016245
1539,3,628384156,False,0.0,0,0,0,0.0,0.0,0.0,0.0,0.0,167117360,17,389873958912.0,1880829056.0,0.0,0.0,2.3040155936
1540,3,628384396,False,0.558298110961914,7460,6250,5740,0.170022256004586,0.00394954083944066,1.4019033839044,354.953510014328,0.00089280235625,167117360,118,13006295040.0,184532400.0,258696596.0,728818.25,0.22605219
1541,3,628384366,False,0.138278350234032,3870,4820,2050,0.0046330521139596,5.92451314404979e-06,0.00127693489897302,215.534149038979,2.43285787471294e-05,167117360,104,634937851392.0,3352185032.0,4280522.05517578,19860.064283371,4.1064266642
1542,3,628385673,False,0.037041500210762,9340,5590,2820,6.73977795233757e-05,2.55695257444483e-07,5.57804295326786e-05,218.151991124785,3.53911880588531e-07,167117360,543,170080444416.0,1129890560.0,63025.7807617188,288.907657623291,1.384115936
1543,3,628384188,False,0.0,0,0,0,0.0,0.0,0.0,0.0,0.0,167117360,27,5790744576.0,61578000.0,0.0,0.0,0.07543305
1544,3,628384707,False,0.154886230826378,12480,6080,3150,0.00248477122723403,5.10546981222262e-06,0.00128977030194867,252.625194034235,1.30477600906372e-05,167117360,229,3558780208.0,2086239488.0,2690769.734375,10651.2327270508,2.5556433728
1545,2,628379216,False,0.0,0,0,0,0.0,0.0,0.0,0.0,0.0,167117360,681,2244591616.0,29610900.0,0.0,0.0,0.0362733525
1546,2,628382750,False,0.0,0,0,0,0.0,0.0,0.0,0.0,0.0,167117360,312782620,11314713600.0,68142600.0,0.0,0.0,0.083474685
1547,1,628380753,True,0.707801640033722,7660,6980,5660,0.0208735774771747,0.0875714048743248,77.2495346069336,882.131958007812,0.00010960905703125,167117360,997,234040576.0,1021758.0,78930328.0,89476.78125,0.00125165355
1548,1,628382428,False,0.0,0,0,0,0.0,0.0,0.0,0.0,0.0,167117360,305,9235966976.0,74012400.0,0.0,0.0,0.09066519
1549,2,628378638,False,0.0,0,0,0,0.0,0.0,0.0,0.0,0.0,167117360,279,1021164544.0,15462900.0,0.0,0.0,0.0189420525
1550,3,628387632,False,0.0,0,0,0,0.0,0.0,0.0,0.0,0.0,167117360,484682524,28154825728.0,366681600.0,0.0,0.0,0.44918496
1551,1,628382487,False,0.0,0,0,0,0.0,0.0,0.0,0.0,0.0,167117360,289,86826287104.0,427154400.0,0.0,0.0,0.52326414
1552,3,628387171,False,0.0,0,0,0,0.0,0.0,0.0,0.0,0.0,167117360,973,45422321664.0,271429184.0,0.0,0.0,0.3325007504
1553,2,628379945,False,0.0,0,0,0,0.0,0.0,0.0,0.0,0.0,167117360,1062,5079649280.0,65949300.0,0.0,0.0,0.0807878925
1554,1,628382135,False,0.0375783033668995,13160,6050,4580,0.000984443897857859,4.60531185767878e-06,0.00126274310171138,274.192745406788,5.16940459594726e-06,167117360,395,95015669760.0,916316256.0,1157072.03125,4219.92211914062,1.1224874136
1555,2,628379299,False,0.171652883291245,8580,4990,6270,0.00162149612680926,3.60368212568574e-05,0.0133953131735325,371.711853027344,8.51462388916016e-06,167117360,749,30186727424.0,192878096.0,2583662.5,6950.71337890625,0.2362756676
1556,1,628383739,False,0.0,0,0,0,0.0,0.0,0.0,0.0,0.0,167117360,114,24339099648.0,151872304.0,0.0,0.0,0.1860435724
1557,1,628380190,False,0.0,0,0,0,0.0,0.0,0.0,0.0,0.0,167117360,549009219,1363822976.0,6260400.0,0.0,0.0,0.00766899
1558,3,628386199,False,0.155893385410309,7240,7450,9110,0.0123805746060451,4.94853768776469e-05,0.011339438432578,229.147258201445,6.50115251953125e-05,167117360,788,158673920000.0,1072450816.0,12160990.0,53070.6328125,1.3137522496
1559,2,628379650,False,0.0175165068358183,12960,6790,7700,0.000235522734804659,9.43617746468105e-07,0.000175927537772841,186.439411966684,1.23675133788586e-06,167117360,901,2036374480.0,1069917276.0,188227.911987305,1009.59292888641,1.3106486631
1560,3,628386425,False,0.20033472776413,4930,2460,9730,0.0130484111516217,7.96147204603272e-05,0.0208468595204073,261.846796671169,6.85183957397461e-05,167117360,878,115066200064.0,702550784.0,14645977.5,55933.3842773438,0.8606247104
1561,2,628378866,False,0.0,0,0,0,0.0,0.0,0.0,0.0,0.0,167117360,402,51824919424.0,341200800.0,0.0,0.0,0.41797098
1562,2,628379337,False,0.0,0,0,0,0.0,0.0,0.0,0.0,0.0,167117360,780,71298490368.0,434996096.0,0.0,0.0,0.5328702176
1563,2,628379755,False,0.159536808729172,10290,4000,7570,0.00952636015476894,9.25371884409245e-06,0.00210208886076332,227.161522430011,5.00237850769043e-05,167117360,960,213309491232.0,4412900760.0,9276309.53125,40835.7429199219,5.405803431
1564,1,628380080,False,0.129071488976479,5740,7240,3500,0.00336794795729828,4.1802428313531e-05,0.00981177482753992,234.717819213867,1.76854015625e-05,167117360,639,50305789952.0,345364192.0,3388635.75,14437.0625,0.4230711352
1565,2,628382619,False,0.0,0,0,0,0.0,0.0,0.0,0.0,0.0,167117360,312782594,5073236992.0,35704800.0,0.0,0.0,0.04373838
1566,2,628378788,False,0.0367414653301239,6180,6280,6040,6.63966500277277e-05,0.000101783145510126,0.0432616174221039,425.037139892578,3.48654858398437e-07,167117360,332,585504064.0,2796300.0,120972.4609375,284.6162109375,0.0034254675
1567,2,628379798,False,0.172178655862808,7200,1520,9740,0.00474575334029002,5.38499625690747e-05,0.0118607925251126,220.256286621094,2.49203831542969e-05,167117360,981,58100346880.0,377775008.0,4480711.0,20343.169921875,0.4627743848
1568,3,628384223,False,0.110337726771832,4940,1470,5700,0.0037854011151563,5.75775861392784e-06,0.00136940484896369,237.836446573349,1.9877486126709e-05,167117360,39,525525339648.0,2818200688.0,3859257.6875,16226.5192871094,3.4522958428
1569,3,628386224,False,0.0,0,0,0,0.0,0.0,0.0,0.0,0.0,167117360,798,2876932848.0,97255800.0,0.0,0.0,0.119138355
1570,2,628378549,False,0.367373734712601,9620,4650,6040,0.00262469650249188,0.000580584804993123,0.319008260965347,549.460205078125,1.37825204589844e-05,167117360,231,2404673024.0,19378800.0,6181997.0,11251.037109375,0.02373903
1571,2,628379255,False,0.0081239677965641,13150,5680,6230,4.03343030362996e-06,1.15337250861103e-07,2.623922409839e-05,227.499984741211,2.1179909992218e-08,167117360,711,26573006848.0,149905792.0,3933.41162109375,17.289722442627,0.1836345952
1572,1,628382330,False,0.593204915523529,7920,6140,5610,0.161528504241247,0.00151720771348449,0.504519186533499,332.53138779185,0.000848200891912842,167117360,331,65161132256.0,456370532.0,230247689.5625,692408.891357422,0.5590539017
1573,3,628385612,False,0.362017929553986,5160,5820,5790,0.0670671908778061,0.000575007568923292,0.261109407210482,454.097339447918,0.000352175929492187,167117360,523,88133033984.0,499976992.0,130548696.0,287490.5546875,0.6124718152
1574,2,628378784,True,0.885656118392944,7730,6480,5950,0.0930053532841831,0.0425534144189258,20.2876088397204,476.756310081133,0.000488379583398437,167117360,331,1810941120.0,9368865.375,190071876.0,398677.2109375,0.011476860084375
1575,1,628378579,False,0.0404100492596626,7870,890,2410,0.000523033859916841,2.91806845780229e-05,0.00613462459295988,210.228942871094,2.74649844970703e-06,167117360,312782604,16239418368.0,76833000.0,471341.59375,2242.03955078125,0.094120425
1576,3,628385291,False,0.0940721184015274,7570,2470,5130,0.000979292665376689,4.5765480796774e-07,0.000118103089077162,258.061506229137,5.14235500488281e-06,167117360,382,1885941006336.0,9172504576.0,1083301.125,4197.8408203125,11.2363181056
1577,2,628378477,False,0.019955525174737,12890,6490,5730,8.31137435508166e-05,1.17553672680515e-05,0.00239689438603818,203.897872924805,4.36437839508057e-07,167117360,198,26885464.0,30307500.0,72643.875,356.275787353516,0.0371266875
1578,3,628384626,False,0.0119686722755432,10780,4950,3830,1.61495576271219e-05,4.23295044739915e-08,9.26531130150649e-06,218.88541849573,8.48027984142303e-08,167117360,202,430018215936.0,1635426048.0,15152.7314453125,69.2267742156982,2.0033969088
1579,2,628380066,False,0.0,0,0,0,0.0,0.0,0.0,0.0,0.0,167117360,563807439,1068165376.0,10125000.0,0.0,0.0,0.012403125
1580,1,628382036,False,0.426997363567352,5270,3620,1090,0.0496160798295077,1.4184532179487e-05,0.00314328444366857,221.599443950238,0.000260538555484629,167117360,453,3493446066304.0,14994117000.0,47130774.7126465,212684.535089493,18.367793325
1581,1,628383077,False,0.199697360396385,11860,5150,3460,0.014561331406214,0.000144300385727547,0.0415580235421658,287.996612548828,7.64628778320312e-05,167117360,145,20925729792.0,432560704.0,17976368.0,62418.67578125,0.5298868624
1582,3,628387403,False,0.0,0,0,0,0.0,0.0,0.0,0.0,0.0,167117360,1052,93111730176.0,803237376.0,0.0,0.0,0.9839657856
1583,3,628385929,False,0.0846468210220337,7370,6490,3500,0.00174171708351201,6.40419884483787e-06,0.00168625122514707,263.304008198665,9.1459150856018e-06,167117360,663,175374843904.0,1165805952.0,1965841.71484375,7466.05313110352,1.4281122912
1584,3,628387635,False,0.0139522710815072,6840,3250,3440,1.23146722695849e-05,3.16914990840758e-08,8.83887537601049e-06,278.903669168866,6.46654660224915e-08,167117360,484682520,79839133696.0,1665687552.0,14722.8046875,52.7881355285645,2.0404672512
1585,1,628378523,False,0.0430828183889389,10050,2480,1510,0.000826624703547072,6.14022760513269e-06,0.00135990459747581,221.474623569174,4.34068162841797e-06,167117360,312782628,95887113472.0,577081796.0,784776.1875,3543.41357421875,0.7069252001
1586,2,628378872,False,0.0255998075008392,9320,1600,9560,5.71211673677854e-05,4.43956870297388e-07,0.000106894942717286,240.777764393379,2.99948453903198e-07,167117360,409,81144086784.0,551530784.0,58955.8515625,244.855880737305,0.6756252104
1587,3,628386003,False,0.0962987244129181,12070,4620,6880,0.00167659771885102,2.48964687004089e-06,0.000651817158462095,261.811089076818,8.8039673690319e-06,167117360,701,636965600256.0,2886719488.0,1881613.29394531,7186.91213798523,3.5362313728
1588,1,628384089,False,0.0,0,0,0,0.0,0.0,0.0,0.0,0.0,167117360,9,22146697216.0,104807696.0,0.0,0.0,0.1283894276
1589,3,628385320,False,0.0,0,0,0,0.0,0.0,0.0,0.0,0.0,167117360,401,10878787072.0,53872200.0,0.0,0.0,0.065993445
1590,3,628384684,False,0.0147004872560501,12820,6490,5660,3.27391713881787e-05,3.8993052498795e-06,0.000972198629627025,249.326115121936,1.71916371679306e-07,167117360,222,2854536576.0,35991000.0,34990.4008789062,140.339895248413,0.044088975
1591,1,628381318,False,0.0,0,0,0,0.0,0.0,0.0,0.0,0.0,167117360,681,2255588608.0,29610900.0,0.0,0.0,0.0362733525
1592,3,628385722,False,0.35121214389801,6600,5600,3420,0.0116327212430683,7.40708298493668e-05,0.0361834506502812,488.497978541151,6.10844790527344e-05,167117360,559,133348773888.0,673205376.0,24358893.5,49864.880859375,0.8246765856
1593,1,628383953,False,0.0,0,0,0,0.0,0.0,0.0,0.0,0.0,167117360,50,7268069376.0,76817696.0,0.0,0.0,0.0941016776
1594,2,628378668,False,0.0,0,0,0,0.0,0.0,0.0,0.0,0.0,167117360,296,43820892160.0,226023296.0,0.0,0.0,0.2768785376
1595,1,628382970,False,0.382599949836731,6100,6890,4900,0.0257014347824741,0.00162859342526644,0.672888338565826,413.171447753906,0.000134960575585937,167117360,173,8482973184.0,67648496.0,45519884.0,110171.8984375,0.0828694076
1596,1,628383774,False,0.138278350234032,3870,4820,2050,0.00234022729189707,5.98512902936413e-06,0.00129056852621192,215.629190261422,1.22887467174292e-05,167117360,104,316591573504.0,1676092516.0,2163112.24816895,10031.6299734116,2.0532133321
1597,3,628384687,True,0.694227993488312,7410,6980,5800,0.05097907482955,0.110323511259425,73.3854264849542,665.183927226436,0.00026769576640625,167117360,223,354561888.0,1980785.0,145360752.0,218527.15625,0.002426461625
1598,2,628379796,False,0.73309463262558,7800,6290,6060,0.223710533406576,0.0166862737387419,6.40625953674316,383.923919677734,0.0011747243921875,167117360,980,11314089056.0,57469912.0,368167168.0,958958.6875,0.0704006422
1599,3,628387017,False,0.058334331959486,8390,5140,6540,0.000107200696186594,7.42145303284162e-07,0.000301680515478299,406.497911046926,5.62920622253418e-07,167117360,932,36507337728.0,619187424.0,186796.78125,459.527038574219,0.7585045944
1600,1,628380851,False,0.405455738306046,7600,5600,5680,0.0326889010695439,0.000440364005044103,0.157514065504074,357.690612792969,0.00017165239765625,167117360,946,52161421312.0,318201312.0,50121184.0,140124.40625,0.3897966072
1601,3,628385754,False,0.0,0,0,0,0.0,0.0,0.0,0.0,0.0,167117360,576,948407872.0,5065200.0,0.0,0.0,0.00620487
1602,3,628387177,False,0.0142610175535083,8680,4070,5700,1.09759145708753e-05,2.05346540728309e-06,0.000844604418664647,411.306864809635,5.76355273783207e-08,167117360,975,3251107584.0,22912200.0,19351.7453613281,47.0494101047516,0.028067445
1603,2,628378698,False,0.103813208639622,4620,1020,7040,0.00565723187679558,4.05495302402414e-05,0.0103024300187826,254.070266723633,2.97066399902344e-05,167117360,320,105689800704.0,598041920.0,6161285.0,24250.318359375,0.732601352
1604,3,628387183,False,0.0,0,0,0,0.0,0.0,0.0,0.0,0.0,167117360,977,54539542528.0,349572608.0,0.0,0.0,0.4282264448
1605,1,628381976,False,0.254271984100342,5280,7160,3160,0.011659640640282,1.2834924594096e-05,0.00324149022143728,252.552338556655,6.12258352600098e-05,167117360,493,787848912896.0,3894083936.0,12622635.0,49980.2736816406,4.7702528216
1606,3,628384195,False,0.362720608711243,5390,6720,6030,0.0237821975891161,0.00225965720463946,0.969506729439302,429.05035659778,0.000124882486230469,167117360,576073699,4567237376.0,45115200.0,43739490.0,101944.88671875,0.05526612
1607,3,628384537,False,4.8286012315657e-05,4710,5120,1680,1.1185699935137e-08,6.62934168640951e-11,1.31143974587447e-08,197.82352576018,5.87371294386685e-11,167117360,163,119807635456.0,723279616.0,9.48537635803223,0.0479486770927906,0.8860175296
1608,1,628380844,False,0.0,0,0,0,0.0,0.0,0.0,0.0,0.0,167117360,949,98432440.0,6042600.0,0.0,0.0,0.007402185
1609,1,628380585,False,0.0,0,0,0,0.0,0.0,0.0,0.0,0.0,167117360,1114,11816302592.0,46868400.0,0.0,0.0,0.05741379
1610,1,628382088,False,0.0,0,0,0,0.0,0.0,0.0,0.0,0.0,167117360,427,30470340608.0,214267504.0,0.0,0.0,0.2624776924
1611,2,628379386,False,0.0,0,0,0,0.0,0.0,0.0,0.0,0.0,167117360,819,3340234752.0,27927900.0,0.0,0.0,0.0342116775
1612,1,628381743,False,0.0,0,0,0,0.0,0.0,0.0,0.0,0.0,167117360,604,11220028416.0,48703500.0,0.0,0.0,0.0596617875
1613,3,628385786,False,0.256216496229172,8980,4700,5650,0.00148048944871147,8.477703837884e-05,0.0244729967545262,288.674825430497,7.77418497597873e-06,167117360,591,8257610496.0,74858400.0,1832009.38024902,6346.27344977856,0.09170154
1614,1,628380702,False,0.0,0,0,0,0.0,0.0,0.0,0.0,0.0,167117360,1039,4937502720.0,36730800.0,0.0,0.0,0.04499523
1615,1,628381120,False,0.0,0,0,0,0.0,0.0,0.0,0.0,0.0,167117360,819,3176593152.0,27927900.0,0.0,0.0,0.0342116775
1616,3,628385294,False,0.156595274806023,10170,1740,2310,0.00566315674570025,3.81290733213935e-06,0.000883659047052488,231.754661227679,2.97377520166412e-05,167117360,385,1163591903232.0,6366720672.0,5626010.3218689,24275.715931952,7.7992328232
1617,2,628378055,False,0.0,0,0,0,0.0,0.0,0.0,0.0,0.0,167117360,7,77478092800.0,497734208.0,0.0,0.0,0.6097244048
1618,2,628379028,False,0.0997548401355743,12920,7180,7330,0.00182571537019795,0.000118975614896044,0.0271231215447187,227.972106933594,9.58699774169922e-06,167117360,553,443312640.0,65779200.0,1784137.25,7826.12060546875,0.08057952
1619,3,628387009,False,0.0725731253623962,7440,3400,6110,0.000116185437777817,1.138653942617e-06,0.000370327652565032,325.232837392102,6.10100318908691e-07,167117360,930,65581856768.0,437394592.0,161979.3125,498.041076660156,0.5358083752
1620,1,628381891,False,0.0,0,0,0,0.0,0.0,0.0,0.0,0.0,167117360,545,144754.890625,900.0,0.0,0.0,1.1025e-06
1621,1,628384052,False,0.0404100492596626,7870,890,2410,0.000523033859916841,2.02794417873068e-06,0.000426332551049727,210.228938015727,2.74649844970703e-06,167117360,22,254791208960.0,1105572616.0,471341.59375,2242.03955078125,1.3543264546
1622,1,628381695,False,0.0,0,0,0,0.0,0.0,0.0,0.0,0.0,167117360,618,20930342656.0,458324096.0,0.0,0.0,0.5614470176
1623,3,628387576,False,0.0,0,0,0,0.0,0.0,0.0,0.0,0.0,167117360,1120,7461885952.0,39034800.0,0.0,0.0,0.04781763
1624,2,628378367,False,0.0,0,0,0,0.0,0.0,0.0,0.0,0.0,167117360,146,163428024320.0,1063374272.0,0.0,0.0,1.3026334832
1625,1,628380680,False,0.0,0,0,0,0.0,0.0,0.0,0.0,0.0,167117360,1052,50947002368.0,401618688.0,0.0,0.0,0.4919828928
1626,3,628385859,False,0.0,0,0,0,0.0,0.0,0.0,0.0,0.0,167117360,622,4084235904.0,43470000.0,0.0,0.0,0.05325075
1627,3,628387531,False,0.0389640741050243,13050,6760,7130,0.00189374461549433,8.16141815135248e-06,0.00232331433296272,284.670420002645,9.9442255065918e-06,167117360,1098,122664337408.0,994647616.0,2310879.0625,8117.73510742188,1.2184433296
1628,3,628384142,False,0.0,0,0,0,0.0,0.0,0.0,0.0,0.0,167117360,9,40827168768.0,209615392.0,0.0,0.0,0.2567788552
1629,1,628380752,False,0.0675194784998894,5840,5680,3300,0.00033222000920132,7.38598419047776e-06,0.00180708046536893,244.663467407227,1.74451753540039e-06,167117360,998,36971012096.0,192810592.0,348424.25,1424.09594726562,0.2361929752
1630,1,628382054,False,0.0,0,0,0,0.0,0.0,0.0,0.0,0.0,167117360,445,70696108032.0,448366496.0,0.0,0.0,0.5492489576
1631,2,628378491,False,0.0,0,0,0,0.0,0.0,0.0,0.0,0.0,167117360,206,6977590784.0,52619400.0,0.0,0.0,0.064458765
1632,2,628379049,False,0.0,0,0,0,0.0,0.0,0.0,0.0,0.0,167117360,573,14583564288.0,80587800.0,0.0,0.0,0.098720055
1633,2,628378356,False,0.798363447189331,7760,6880,5780,1.3496170610013,0.00641959276797349,3.4220851117159,533.068877637882,0.00708696214491272,167117360,141,137671345376.0,901190376.0,3083950168.53125,5785275.22033691,1.1039582106
1634,1,628381249,False,0.0,0,0,0,0.0,0.0,0.0,0.0,0.0,167117360,729,41763135488.0,235562400.0,0.0,0.0,0.28856394
1635,3,628387123,False,0.149333879351616,6920,3350,10690,0.00188890959333695,3.15329876083319e-05,0.00799133592922051,253.427807998408,9.91883636474609e-06,167117360,959,39450976256.0,256779008.0,2052007.3125,8097.00927734375,0.3145542848
1636,2,628379217,False,0.000114829046651721,7200,5140,6080,4.68140955860788e-08,4.80162354321578e-10,1.25060779510022e-07,260.455200195312,2.45825080946088e-10,167117360,685,79578693632.0,417928512.0,52.2664642333984,0.200673535466194,0.5119624272
1637,3,628387508,False,0.254113554954529,10090,4340,7900,0.0190382800001151,1.34820604592032e-05,0.00356047329092506,264.089699174624,9.99717427734375e-05,167117360,1091,1494262677504.0,6053198336.0,21552251.0,81609.5859375,7.4151679616
1638,2,628379660,False,0.0,0,0,0,0.0,0.0,0.0,0.0,0.0,167117360,907,20224579584.0,107150400.0,0.0,0.0,0.13125924
1639,2,628379204,False,0.0,0,0,0,0.0,0.0,0.0,0.0,0.0,167117360,675,13547848704.0,75567600.0,0.0,0.0,0.09257031
1640,3,628385849,False,0.000695285096298903,5660,3600,5940,3.41127806188463e-07,1.59524686459886e-09,5.09134883888781e-07,319.157426469419,1.79129318892956e-09,167117360,618,31862828736.0,916648192.0,466.697570800781,1.46228015422821,1.1228940352
1641,3,628387617,False,0.0,0,0,0,0.0,0.0,0.0,0.0,0.0,167117360,599626927,11298278400.0,43225200.0,0.0,0.0,0.05295087
1642,2,628380138,False,0.0783664807677269,8590,1490,6080,0.00145268194229429,6.41698890710485e-06,0.00154115191271735,240.167457826052,7.62816522636413e-06,167117360,302,175354847232.0,970404304.0,1495540.44921875,6227.0736541748,1.1887452724
1643,3,628385877,False,0.0,0,0,0,0.0,0.0,0.0,0.0,0.0,167117360,633,2158437248.0,16338600.0,0.0,0.0,0.020014785
1644,3,628384592,False,0.0360628217458725,2330,3760,6650,6.34381299674634e-05,1.95624003444134e-06,0.000474274529729123,242.441889225811,3.33119400024414e-07,167117360,188,12031426560.0,139008608.0,65928.2421875,271.934204101562,0.1702855448
1645,3,628387432,False,0.0,0,0,0,0.0,0.0,0.0,0.0,0.0,167117360,1061,21242398720.0,130347000.0,0.0,0.0,0.159675075
1646,1,628384049,False,0.0653393194079399,6190,6260,3340,0.000291174491010699,5.61050774194882e-06,0.001380157424137,245.995086669922,1.52898377990723e-06,167117360,23,42180612096.0,222466496.0,307038.78125,1248.15002441406,0.2725214576
1647,2,628378467,False,0.256938725709915,10330,7180,6090,0.022038049788245,0.000374386610928923,0.073714017868042,196.892776489258,0.000115723807226562,167117360,190,1329636224.0,252328496.0,18600148.0,94468.4140625,0.3091024076
1648,1,628382882,False,0.0,0,0,0,0.0,0.0,0.0,0.0,0.0,167117360,201,170954489856.0,682217984.0,0.0,0.0,0.8357170304
1649,2,628379179,False,0.0528658777475357,4040,3090,9420,0.000537894833866165,3.42220278071181e-06,0.00117461429908872,343.2333984375,2.82453477783203e-06,167117360,657,160696877056.0,673759808.0,791407.875,2305.74267578125,0.8253557648
1650,1,628380284,False,0.0,0,0,0,0.0,0.0,0.0,0.0,0.0,167117360,204,14928282624.0,124780496.0,0.0,0.0,0.1528561076
1651,2,628378934,False,0.0,0,0,0,0.0,0.0,0.0,0.0,0.0,167117360,461,1548741632.0,15149700.0,0.0,0.0,0.0185583825
1652,2,628378862,False,0.0,0,0,0,0.0,0.0,0.0,0.0,0.0,167117360,397,1185694336.0,16812000.0,0.0,0.0,0.0205947
1653,2,628379063,False,0.0936682149767876,5490,4460,6240,0.000142798691341839,3.82259440812049e-06,0.000932219147216529,243.870803833008,7.49848937988281e-07,167117360,581,15252257792.0,160132496.0,149278.578125,612.12158203125,0.1961623076
1654,2,628379077,False,0.000216912201722153,8920,4690,5700,2.16429238755254e-07,2.47867077973751e-08,4.67229438072536e-06,188.5,1.13648965060711e-09,167117360,591,4127980288.0,37429200.0,174.880249023438,0.927746653556824,0.04585077
1655,2,628379631,False,0.0841994285583496,6120,1850,5700,0.00231026793730295,5.06240715237881e-06,0.00111610029704113,220.468299653985,1.21314274169922e-05,167117360,886,343498770560.0,1956224728.0,2183343.0,9903.2060546875,2.3963752918
1656,2,628379296,False,0.116393692791462,2060,3360,6120,0.00354027506579665,1.89802901264974e-05,0.00434955570137357,229.161707876182,1.85903069091797e-05,167117360,746,146968053504.0,799553676.0,3477703.25,15175.7607421875,0.9794532531
1657,1,628384100,False,0.0121902441605926,10240,6200,3780,5.01338311928345e-05,4.31764448194372e-07,8.31578436191194e-05,192.600036621094,2.63257315063477e-07,167117360,7,77140205568.0,497734208.0,41390.50390625,214.903930664062,0.6097244048
1658,2,628379434,False,0.0,0,0,0,0.0,0.0,0.0,0.0,0.0,167117360,846,38722560000.0,150742800.0,0.0,0.0,0.18465993
1659,2,628378943,False,0.0,0,0,0,0.0,0.0,0.0,0.0,0.0,167117360,469,1296621568.0,12598200.0,0.0,0.0,0.015432795
1660,1,628380809,False,0.00110816222149879,11690,7030,3830,4.91478700090461e-07,8.23145498429767e-08,1.82826461241348e-05,222.10710144043,2.58079943060875e-09,167117360,963,529951296.0,25594200.0,467.9296875,2.1067750453949,0.031352895
1661,1,628382097,False,0.169328525662422,7900,4430,4540,0.000990909294065829,6.99624433764257e-05,0.0214091632515192,306.009368896484,5.20335498046875e-06,167117360,422,8354522624.0,60713100.0,1299816.625,4247.63671875,0.0743735475
1662,3,628385311,False,0.0389640741050243,13050,6760,7130,0.00335321598485894,7.84324531268761e-06,0.00224000898754416,285.597211134096,1.76080426330566e-05,167117360,395,200197849088.0,1832648576.0,4105149.28125,14373.9123535156,2.2449945056
1663,3,628387649,False,0.0,0,0,0,0.0,0.0,0.0,0.0,0.0,167117360,526157192,56065847296.0,334425600.0,0.0,0.0,0.40967136
1664,3,628385842,False,0.432747572660446,6780,6690,4650,0.679383833077915,0.00618450787480165,1.96751951180562,318.136794654614,0.003567506403125,167117360,614,58690678784.0,470894400.0,926493920.0,2912250.125,0.57684564
1665,2,628378145,False,0.0,0,0,0,0.0,0.0,0.0,0.0,0.0,167117360,42,20801222656.0,148631392.0,0.0,0.0,0.1820734552
1666,2,628378447,False,0.00474035833030939,4540,4310,9820,4.79083807231637e-06,1.1353834139527e-07,2.11249207495712e-05,186.059783935547,2.51571271896362e-08,167117360,180,36369502208.0,180876608.0,3821.00390625,20.5364303588867,0.2215738448
1667,1,628383703,False,0.0,0,0,0,0.0,0.0,0.0,0.0,0.0,167117360,121,2310717952.0,17208000.0,0.0,0.0,0.0210798
1668,1,628382080,False,0.0,0,0,0,0.0,0.0,0.0,0.0,0.0,167117360,430,78675238912.0,455836512.0,0.0,0.0,0.5583997272
1669,1,628382121,False,0.383442997932434,7100,6080,3470,0.218043461192081,0.00102388567756861,0.460225075483322,449.488739013672,0.0011449660796875,167117360,403,138964811776.0,912861888.0,420121920.0,934666.1875,1.1182558128
1670,2,628383030,False,0.0,0,0,0,0.0,0.0,0.0,0.0,0.0,167117360,589508451,3397769984.0,46185300.0,0.0,0.0,0.0565769925
1671,3,628384787,False,0.0,0,0,0,0.0,0.0,0.0,0.0,0.0,167117360,257,23351852032.0,136776608.0,0.0,0.0,0.1675513448
1672,3,628386095,False,0.0,0,0,0,0.0,0.0,0.0,0.0,0.0,167117360,744,669136960.0,60242400.0,0.0,0.0,0.07379694
1673,1,628380610,False,0.0275113563984632,7870,2390,4780,0.000217718062486565,9.97025301092846e-07,0.000257487650180895,258.255883675831,1.14325738143921e-06,167117360,1100,148451446528.0,936055816.0,241022.8125,933.271331787109,1.1466683746
1674,1,628382597,False,0.283493250608444,5940,7240,3760,0.0137413561182474,0.0011739453766495,0.26589897274971,226.500289916992,7.2157112890625e-05,167117360,260,6522792448.0,50175900.0,13341720.0,58903.765625,0.0614654775
1675,1,628381263,False,0.0,0,0,0,0.0,0.0,0.0,0.0,0.0,167117360,721,105078562816.0,460638016.0,0.0,0.0,0.5642815696
1676,3,628386357,False,0.0,0,0,0,0.0,0.0,0.0,0.0,0.0,167117360,847,149272604672.0,642502784.0,0.0,0.0,0.7870659104
1677,3,628387758,False,0.0741544365882874,8260,5510,5530,0.00055724766602232,3.30359945586617e-05,0.00834366507447515,252.562854121415,2.92615826263428e-06,167117360,607344834,17679841280.0,72306000.0,603297.046875,2388.70062255859,0.08857485
1678,1,628381869,False,0.35121214389801,6600,5600,3420,0.0083407626361608,0.000106218860310037,0.0534803345799446,503.491851806641,4.37981044921875e-05,167117360,559,64646209536.0,336602688.0,18001624.0,35753.5546875,0.4123382928
1679,2,628379171,False,0.0,0,0,0,0.0,0.0,0.0,0.0,0.0,167117360,653,2627044352.0,13649400.0,0.0,0.0,0.016720515
1680,2,628378536,False,0.0962987244129181,12070,4620,6880,0.000472140514535797,6.00415796725429e-06,0.00153045787010342,254.899658203125,2.47925285644531e-06,167117360,225,61011505152.0,337079712.0,515886.28125,2023.8798828125,0.4129226472
1681,3,628385948,False,0.0983312129974365,5870,4850,9330,0.00384975179554037,7.04720516265671e-07,0.000173565326263875,246.289588933215,2.02153974121094e-05,167117360,672,4540136947712.0,23416893440.0,4064360.75,16502.365234375,28.685694464
1682,1,628382147,False,0.125537440180779,13090,6680,3760,0.00332892130317226,3.99727684931013e-06,0.00110606248894518,276.703998907673,1.74804690461397e-05,167117360,386,555093678720.0,3569872988.0,3948502.60232544,14269.77064991,4.3730944103
1683,1,628383024,False,0.0295759383589029,3630,5360,5310,0.000301535106322569,5.89724095334532e-07,0.000141363780130632,239.711715698242,1.58338831481934e-06,167117360,159,329928671232.0,2191807744.0,309842.21875,1292.56188964844,2.6849644864
1684,2,628379609,False,0.142439246177673,10700,4030,6550,0.00165742768911398,1.40757892950205e-05,0.00437851063907146,311.066802978516,8.70330379638672e-06,167117360,867,74158296064.0,504748800.0,2210048.0,7104.73779296875,0.61831728
1685,2,628378858,False,0.0,0,0,0,0.0,0.0,0.0,0.0,0.0,167117360,394,61710159872.0,356651100.0,0.0,0.0,0.4368975975
1686,3,628384617,False,0.0,0,0,0,0.0,0.0,0.0,0.0,0.0,167117360,312782648,26774867968.0,162235808.0,0.0,0.0,0.1987388648
1687,1,628381946,False,0.0,0,0,0,0.0,0.0,0.0,0.0,0.0,167117360,519,159684282624.0,801917988.0,0.0,0.0,0.9823495353
1688,3,628387450,False,0.0,0,0,0,0.0,0.0,0.0,0.0,0.0,167117360,1069,5832672000.0,85028400.0,0.0,0.0,0.10415979
1689,1,628381839,False,0.0,0,0,0,0.0,0.0,0.0,0.0,0.0,167117360,575,24035117056.0,162421200.0,0.0,0.0,0.19896597
1690,1,628382310,False,0.0,0,0,0,0.0,0.0,0.0,0.0,0.0,167117360,334,59270168576.0,322994688.0,0.0,0.0,0.3956684928
1691,1,628380925,False,0.196580976247787,8640,3030,3670,0.00995951071755885,0.000472527579404414,0.116743125021458,247.060974121094,5.22982981445312e-05,167117360,916,2899858944.0,90349200.0,10547648.0,42692.48828125,0.11067777
1692,2,628378949,False,0.414029359817505,5430,4490,6290,0.140094813313844,2.96810594591079e-05,0.00918767042458057,309.546569824219,0.000735650628125,167117360,477,3767347410048.0,20232806400.0,185892352.0,600531.125,24.78518784
1693,2,628382533,False,0.0,0,0,0,0.0,0.0,0.0,0.0,0.0,167117360,312782570,1949202560.0,17712000.0,0.0,0.0,0.0216972
1694,1,628383830,False,0.267123222351074,5770,6350,5030,0.025162165868948,0.000337308621965349,0.122541926801205,363.293182373047,0.000132128825390625,167117360,88,54402424832.0,319767296.0,39184900.0,107860.265625,0.3917149376
1695,2,628379775,False,0.0,0,0,0,0.0,0.0,0.0,0.0,0.0,167117360,970,16715535360.0,107688600.0,0.0,0.0,0.131918535
1696,3,628386038,False,0.0,0,0,0,0.0,0.0,0.0,0.0,0.0,167117360,721,205262397440.0,921276032.0,0.0,0.0,1.1285631392
1697,1,628382416,False,0.0,0,0,0,0.0,0.0,0.0,0.0,0.0,167117360,310,17332627456.0,213441296.0,0.0,0.0,0.2614655876
1698,1,628382282,False,0.279775083065033,6410,5610,3650,0.0286530604097204,9.01661333045922e-05,0.0442071780562401,490.285797119141,0.000150459830664062,167117360,342,252260892672.0,1362200448.0,60219036.0,122824.3515625,1.6686955488
1699,3,628386375,False,0.0,0,0,0,0.0,0.0,0.0,0.0,0.0,167117360,852,288861175808.0,2007552640.0,0.0,0.0,2.459251984
1700,2,628379779,False,0.0612316727638245,2720,2460,5700,0.000530160438698463,2.09517116216729e-06,0.000576921146717324,275.3575255019,2.78392076416016e-06,167117360,972,194547169152.0,1084679104.0,625774.3125,2272.58837890625,1.3287319024
1701,2,628378830,False,0.0558837801218033,5680,980,8320,0.000661112235079711,1.67069344536212e-06,0.000404561926386469,242.152100081282,3.47156057739258e-06,167117360,369,364085100800.0,1696257928.0,686241.375,2833.92700195312,2.0779159618
1702,3,628387157,False,0.116393692791462,2060,3360,6120,0.00436591651015245,5.39954400359945e-05,0.0122893779455637,227.600292494539,2.29258253540039e-05,167117360,969,61237082112.0,346602592.0,4259530.25,18714.9594726562,0.4245881752
1703,3,628384609,False,0.0,0,0,0,0.0,0.0,0.0,0.0,0.0,167117360,312782652,3682681216.0,29453400.0,0.0,0.0,0.036080415
1704,1,628380810,False,0.0,0,0,0,0.0,0.0,0.0,0.0,0.0,167117360,962,333024493568.0,1711904384.0,0.0,0.0,2.0970828704
1705,3,628384674,False,0.0,0,0,0,0.0,0.0,0.0,0.0,0.0,167117360,217,56682674176.0,318324608.0,0.0,0.0,0.3899476448
1706,2,628380279,False,0.0,0,0,0,0.0,0.0,0.0,0.0,0.0,167117360,484682528,2667069184.0,15807600.0,0.0,0.0,0.01936431
1707,1,628381245,False,0.593204915523529,7920,6140,5610,0.07761322071494,0.00981780141592026,3.47432279586792,353.879913330078,0.00040755409296875,167117360,732,5961195360.0,33887140.0,117734864.0,332697.21875,0.0415117465
1708,3,628384119,False,0.0,0,0,0,0.0,0.0,0.0,0.0,0.0,167117360,2,13191732736.0,102828600.0,0.0,0.0,0.125965035
1709,2,628381793,True,0.503686666488647,7920,6270,5960,0.0282011712527587,0.0329580418765545,20.2537803649902,614.532287597656,0.00014808691953125,167117360,606826651,761165824.0,3667914.5,74289136.0,120887.28125,0.0044931952625
1710,1,628382567,False,4.58057584182825e-05,10200,2160,2890,9.61721080153497e-09,4.46558678923736e-10,7.47539203871384e-08,167.399993896484,5.05008501000702e-11,167117360,269,13789297664.0,92317504.0,6.90109539031982,0.0412251837551594,0.1130889424
1711,3,628385652,False,0.35121214389801,6600,5600,3420,0.0126949565826093,4.59109640000904e-05,0.0221131386211258,481.652674970674,6.66623735961914e-05,167117360,536,242775484416.0,1185299968.0,26210702.5,54418.2641601562,1.4519924608
1712,3,628386249,False,0.546946108341217,5610,4800,4830,0.273420735487143,0.000965750574832715,0.377431852597185,390.81711410067,0.0014357571921875,167117360,809,205514382400.0,1213612208.0,458055904.0,1172046.6875,1.4866749548
1713,2,628379806,False,0.103813208639622,4620,1020,7040,0.00565723187679558,4.74742412678174e-06,0.00120617934278255,254.070272756567,2.97066399902344e-05,167117360,985,1052607688704.0,5108100248.0,6161285.0,24250.318359375,6.2574228038
1714,3,628387641,False,0.0,0,0,0,0.0,0.0,0.0,0.0,0.0,167117360,484682512,70006894592.0,965851200.0,0.0,0.0,1.18316772
1715,2,628378372,False,0.0,0,0,0,0.0,0.0,0.0,0.0,0.0,167117360,148,15672278016.0,65983500.0,0.0,0.0,0.0808297875
1716,2,628378782,False,0.172178655862808,7200,1520,9740,0.00474575334029002,7.18966711647661e-06,0.00158356935811141,220.256283421292,2.49203831542969e-05,167117360,329,609699699712.0,2829500948.0,4480711.0,20343.169921875,3.4661386613
1717,1,628380760,False,0.240713566541672,5490,4560,5360,0.00650872241407897,8.8023986612996e-06,0.00321480207239419,365.218867730713,3.4177894377017e-05,167117360,991,205462887360.0,3169627168.0,10189723.9884033,27900.3219404221,3.8827932808
1718,1,628381146,False,0.546946108341217,5610,4800,4830,0.224195226423007,0.000228049088036641,0.0848505422472954,372.071380615234,0.001177269559375,167117360,803,661631551360.0,4214164480.0,357574144.0,961036.375,5.162351488
1719,3,628384666,False,0.0268178805708885,7550,2670,4760,0.000101237724751841,3.77880495638262e-07,9.20570032472621e-05,243.614063996006,5.3160851598978e-07,167117360,215,188986433536.0,1148421632.0,105720.25390625,433.966135501862,1.4068164992
1720,1,628380254,False,0.0,0,0,0,0.0,0.0,0.0,0.0,0.0,167117360,250,29743128576.0,253620896.0,0.0,0.0,0.3106855976
1721,3,628387323,False,0.0,0,0,0,0.0,0.0,0.0,0.0,0.0,167117360,1026,6324679680.0,65919600.0,0.0,0.0,0.08075151
1722,3,628385868,False,0.0,0,0,0,0.0,0.0,0.0,0.0,0.0,167117360,629,144673628160.0,735339584.0,0.0,0.0,0.9007909904
1723,2,628379909,False,0.0,0,0,0,0.0,0.0,0.0,0.0,0.0,167117360,1045,3045730304.0,26708400.0,0.0,0.0,0.03271779
1724,1,628382871,False,0.0,0,0,0,0.0,0.0,0.0,0.0,0.0,167117360,203,5017431552.0,27583200.0,0.0,0.0,0.03378942
1725,2,628380096,False,0.00128973717801273,4690,3380,6200,9.12862274815366e-07,1.54288546383441e-08,3.2368791380577e-06,209.793869018555,4.79352297186851e-09,167117360,250,26979172352.0,253620896.0,820.940185546875,3.91307997703552,0.3106855976
1726,2,628379120,False,0.0,0,0,0,0.0,0.0,0.0,0.0,0.0,167117360,620,41132072960.0,212012992.0,0.0,0.0,0.2597159152
1727,2,628378890,False,0.0,0,0,0,0.0,0.0,0.0,0.0,0.0,167117360,427,25376315392.0,214267504.0,0.0,0.0,0.2624776924
1728,2,628379267,False,0.0609371215105057,2610,3960,6810,0.000138920159850489,4.850674331267e-07,0.000126409222454179,260.601338744506,7.29482415771484e-07,167117360,723,252292895488.0,1227655804.0,155187.015625,595.495849609375,1.5038783599
1729,2,628378124,False,0.244069084525108,4050,3390,5750,0.00749202883938728,1.28825381686246e-05,0.00291720509095385,226.446454322075,3.93413260009766e-05,167117360,31,476946384320.0,2492937940.0,7272411.25,32115.3681640625,3.0538489765
1730,3,628386487,False,0.219986692070961,4680,6780,5230,0.00662407592493667,2.73134566877179e-05,0.00748129443367028,273.905076139059,3.4783626171875e-05,167117360,904,174086549504.0,1039590016.0,7777479.0,28394.796875,1.2734977696
1731,3,628386470,False,0.0385484620928764,10650,3950,5380,8.7938186445289e-05,7.73593040634565e-07,0.000255544541900041,330.334592579094,4.6177142868042e-07,167117360,898,89436983296.0,487279808.0,124521.6953125,376.956268310547,0.5969177648
1732,3,628385040,False,0.0,0,0,0,0.0,0.0,0.0,0.0,0.0,167117360,355,2654814720.0,18567000.0,0.0,0.0,0.022744575
1733,3,628385512,False,0.414029359817505,5430,4490,6290,0.429586935773956,4.55070189077089e-05,0.0172800877640578,379.723571853892,0.0022558001375,167117360,477,7566067531520.0,40465614848.0,699249376.0,1841469.5,49.5703781888
1734,3,628384226,False,0.0,0,0,0,0.0,0.0,0.0,0.0,0.0,167117360,41,45361590272.0,262985408.0,0.0,0.0,0.3221571248
1735,3,628387562,False,0.0,0,0,0,0.0,0.0,0.0,0.0,0.0,167117360,1111,75641937920.0,317705408.0,0.0,0.0,0.3891891248
1736,3,628387720,False,0.567063987255096,7530,5980,6360,0.868745128613636,0.000727759621378484,0.240692235531552,330.730406663185,0.00456185981784668,167117360,290,868192478720.0,5117029152.0,1231629185.875,3723967.19824219,6.2683607112
1737,2,628378776,False,0.0,0,0,0,0.0,0.0,0.0,0.0,0.0,167117360,325,10567301120.0,81401400.0,0.0,0.0,0.099716715
1738,2,628378935,False,0.10989423841238,8190,5490,7770,0.00112683405594095,1.71375586432987e-06,0.000445023906650022,259.677551269531,5.91710828857422e-06,167117360,463,517925011456.0,2818541824.0,1254318.5,4830.29248046875,3.4527137344
1739,2,628380015,False,0.0,0,0,0,0.0,0.0,0.0,0.0,0.0,167117360,1106,48026198016.0,242915392.0,0.0,0.0,0.2975713552
1740,2,628379348,False,0.0,0,0,0,0.0,0.0,0.0,0.0,0.0,167117360,791,14637682688.0,81607504.0,0.0,0.0,0.0999691924
1741,1,628380763,False,0.0,0,0,0,0.0,0.0,0.0,0.0,0.0,167117360,988,43894824960.0,238410896.0,0.0,0.0,0.2920533476
1742,3,628384999,False,0.334455013275146,6450,5820,7530,0.0500734047212977,7.87860944272718e-05,0.0365657786070556,464.114624196911,0.00026294001015625,167117360,342,505222643712.0,2724400896.0,99619840.0,214644.90625,3.3373910976
1743,2,628380032,False,0.0586869679391384,10730,4060,6540,0.000101057070522456,2.7806020952091e-07,8.46632272937235e-05,304.478038909616,5.30659884172678e-07,167117360,1117,247556292096.0,1557906264.0,131897.372131348,433.191742181778,1.9084351734
1744,3,628386257,False,0.0,0,0,0,0.0,0.0,0.0,0.0,0.0,167117360,811,267217846272.0,1013916608.0,0.0,0.0,1.2420478448
1745,2,628379958,False,0.0220636576414108,9000,3370,8080,5.28929364189263e-05,2.91089600068517e-06,0.000608139438554645,208.918304443359,2.77745627975464e-07,167117360,1072,11457117184.0,77890496.0,47368.28125,226.73112487793,0.0954158576
1746,1,628380739,False,0.18589574098587,8970,3420,3350,0.000829610543877455,5.55678643936931e-06,0.00150331050717036,270.53595159237,4.35636054801941e-06,167117360,1008,109880820736.0,639976492.0,962083.384765625,3556.21269226074,0.7839712027
1747,3,628386350,False,0.0,0,0,0,0.0,0.0,0.0,0.0,0.0,167117360,844,468185874432.0,2588785152.0,0.0,0.0,3.1712618112
1748,3,628384760,False,0.0881360694766045,8900,4580,6780,0.000432627579847147,1.49558666889175e-05,0.0035636551056304,238.278073732171,2.27176683654785e-06,167117360,246,17897995776.0,123998400.0,441887.53125,1854.50354003906,0.15189804
1749,3,628386278,False,0.0217296108603477,11020,1950,4910,4.81363001322416e-05,1.73189125721267e-07,4.37013986722915e-05,252.333386927683,2.52768097478151e-07,167117360,820,262989815808.0,1191421824.0,52066.8001174927,206.341304063797,1.4594917344
1750,3,628387513,False,0.0,0,0,0,0.0,0.0,0.0,0.0,0.0,167117360,1092,14475137536.0,99570600.0,0.0,0.0,0.121973985
1751,1,628381207,False,0.0,0,0,0,0.0,0.0,0.0,0.0,0.0,167117360,759,8643291136.0,33389100.0,0.0,0.0,0.0409016475
1752,1,628381103,False,0.0,0,0,0,0.0,0.0,0.0,0.0,0.0,167117360,827,28983582720.0,151294496.0,0.0,0.0,0.1853357576
1753,1,628381919,False,0.0142811443656683,8010,310,3890,3.20742320549084e-05,2.91326132100849e-07,6.57351254393203e-05,225.641019448831,1.68424714660645e-07,167117360,533,90238921984.0,471943804.0,31023.28515625,137.489562988281,0.5781311599
1754,1,628381139,False,0.0,0,0,0,0.0,0.0,0.0,0.0,0.0,167117360,806,218542096384.0,965805312.0,0.0,0.0,1.1831115072
1755,3,628386140,False,0.0709585323929787,4950,6570,5760,0.000521228422558834,0.000286536928542616,0.0693558625009618,242.048600345231,2.73701793365478e-06,167117360,763,400189824.0,7797600.0,540809.2734375,2234.30035400391,0.00955206
1756,3,628386985,False,0.291728377342224,10290,4110,1780,0.0291475713105038,2.7661354297729e-05,0.00611941661148785,221.226211327992,0.00015305655245676,167117360,926,660572069888.0,4516920000.0,27640915.2807617,124944.124454498,5.533227
1757,3,628385925,False,0.0,0,0,0,0.0,0.0,0.0,0.0,0.0,167117360,661,127019278336.0,825208192.0,0.0,0.0,1.0108800352
1758,2,628378700,False,0.0,0,0,0,0.0,0.0,0.0,0.0,0.0,167117360,321,2307639296.0,12087000.0,0.0,0.0,0.014806575
1759,3,628384266,False,0.0,0,0,0,0.0,0.0,0.0,0.0,0.0,167117360,58,6638630912.0,39022200.0,0.0,0.0,0.047802195
1760,1,628380907,False,0.430575639009476,8580,5810,4660,0.0322166450516694,0.000346483720932156,0.0854933559894562,246.745666503906,0.00016917253828125,167117360,924,6553146368.0,398575808.0,34075584.0,138100.03125,0.4882553648
1761,3,628387354,False,0.0,0,0,0,0.0,0.0,0.0,0.0,0.0,167117360,1038,236258836480.0,1166439552.0,0.0,0.0,1.4288884512
1762,3,628387044,False,0.0,0,0,0,0.0,0.0,0.0,0.0,0.0,167117360,938,104712604672.0,852301808.0,0.0,0.0,1.0440697148
1763,1,628381908,False,0.00673735095188022,7380,5080,750,1.03282216586918e-05,4.44643376340537e-07,9.85792503342964e-05,221.704071044922,5.4234432888031e-08,167117360,540,12972925952.0,99569696.0,9815.505859375,44.273006439209,0.1219728776
1764,3,628384899,False,0.0,0,0,0,0.0,0.0,0.0,0.0,0.0,167117360,305,17114163200.0,148024800.0,0.0,0.0,0.18133038
1765,1,628381746,False,0.0290043614804745,6830,3220,3350,0.000135394132816368,8.52011567076261e-07,0.000190421647857875,223.496566772461,7.10966926574707e-07,167117360,603,35375878144.0,681189312.0,129713.1953125,580.381164550781,0.8344569072
1766,1,628381067,False,0.15945491194725,9500,4430,3030,0.00332022434703258,3.39034922944847e-05,0.00805633701384068,237.625564575195,1.74348005371094e-05,167117360,843,63174410240.0,419794208.0,3382003.5,14232.490234375,0.5142479048
1767,3,628387625,False,0.0,0,0,0,0.0,0.0,0.0,0.0,0.0,167117360,563807439,2364508416.0,20250000.0,0.0,0.0,0.02480625
1768,3,628385266,False,0.0962987244129181,12070,4620,6880,0.0113127221690773,3.080845814227e-06,0.000827662348510815,268.647767015397,5.94041347615182e-05,167117360,370,2406471782144.0,15740213616.0,13027582.1674805,48493.1712338924,19.2817616796
1769,2,628379601,False,0.0,0,0,0,0.0,0.0,0.0,0.0,0.0,167117360,862,173190414336.0,932916608.0,0.0,0.0,1.1428228448
1770,2,628380184,False,0.0360628217458725,2330,3760,6650,7.03885521859118e-05,1.0283337103594e-06,0.000250330868698418,243.433494571453,3.69616700315475e-07,167117360,151,27432532480.0,293414400.0,73450.681640625,301.727918624878,0.35943264
1771,3,628385503,False,0.0,0,0,0,0.0,0.0,0.0,0.0,0.0,167117360,470,45614788608.0,175140000.0,0.0,0.0,0.2145465
1772,3,628384831,False,0.414029359817505,5430,4490,6290,0.0512095103108625,6.84346938596682e-05,0.0281535344800442,411.392714604316,0.000268905804112571,167117360,275,404090917632.0,3207655792.0,90306847.9401855,219514.942132711,3.9293783452
1773,1,628383099,False,0.0,0,0,0,0.0,0.0,0.0,0.0,0.0,167117360,139,106517856256.0,642948288.0,0.0,0.0,0.7876116528
1774,1,628380685,False,0.0589356459677219,10210,5490,2590,0.000598776769012427,4.26528504249291e-06,0.00106197665445507,248.981384277344,3.1442313659668e-06,167117360,1049,96881197056.0,601769728.0,639065.375,2566.71948242188,0.7371679168
1775,1,628380707,False,0.0,0,0,0,0.0,0.0,0.0,0.0,0.0,167117360,1035,148028358656.0,525223808.0,0.0,0.0,0.6433991648
1776,3,628384236,False,0.00284986151382327,3820,3310,5720,1.04491401063403e-06,5.8944516074734e-09,1.10095246425221e-06,186.777759419781,5.48693866729736e-09,167117360,44,134401881536.0,759889792.0,836.6025390625,4.47913360595703,0.9308649952
1777,1,628380253,False,0.534481704235077,9760,7040,5610,0.191794660415873,0.00109978740315416,0.263680120144573,239.755537650591,0.00100713123540039,167117360,933,37196243872.0,747551704.0,197114523.125,822147.947265625,0.9157508374
1778,2,628379972,False,0.0,0,0,0,0.0,0.0,0.0,0.0,0.0,167117360,1081,578755200.0,4872600.0,0.0,0.0,0.005968935
1779,1,628381901,False,0.0945035666227341,8800,880,5460,0.00225138014337912,2.2636488210992e-05,0.00475274585187435,209.959503173828,1.18222022460937e-05,167117360,542,58168016896.0,426337216.0,2026272.375,9650.77734375,0.5222630896
1780,3,628387334,False,0.11217300593853,5850,570,4170,0.00146997533867233,2.33711353650446e-05,0.00534945199351531,228.891404288228,7.71897442626953e-06,167117360,1030,47356250112.0,269614784.0,1442291.34375,6301.20361328125,0.3302781104
1781,1,628381761,False,0.0,0,0,0,0.0,0.0,0.0,0.0,0.0,167117360,598,2817624064.0,20722500.0,0.0,0.0,0.0253850625
1782,2,628379257,False,0.227159053087234,2540,4150,5800,0.00772906578214253,1.24698438358207e-05,0.00290590963339367,233.034965926853,4.05860285827637e-05,167117360,714,504668006552.0,2656925968.0,7720786.765625,33131.4519042969,3.2547343108
1783,1,628380828,False,0.107902258634567,4360,5010,3060,0.00129575267686048,7.15001215212396e-06,0.00180084526073188,251.866027832031,6.80411535644531e-06,167117360,956,62744909824.0,776835008.0,1398959.625,5554.3798828125,0.9516228848
1784,2,628380242,False,0.0,0,0,0,0.0,0.0,0.0,0.0,0.0,167117360,10704,47337394176.0,308697312.0,0.0,0.0,0.3781542072
1785,1,628384096,False,0.702824711799622,9290,6950,5590,3.49564339663769,7.44619188170497e-05,0.023375289336685,313.922736722878,0.0183559419482335,167117360,8,35912887847906.4,201236318440.0,4703957168.58429,14984442.4067212,246.514490089
1786,1,628381301,False,0.00541992858052254,4070,5090,2090,5.57477498017164e-06,8.92614409053749e-08,1.95226639334578e-05,218.713287353516,2.92736513137817e-08,167117360,694,48714371072.0,267717600.0,5226.560546875,23.896858215332,0.32795406
1787,1,628382906,False,0.308300137519836,6680,6450,4410,0.0440641911139214,0.000203315357794054,0.0620495826005936,305.188873291016,0.00023138508203125,167117360,194,123304460288.0,929028608.0,57645836.0,188885.78125,1.1380600448
1788,1,628378533,False,0.0,0,0,0,0.0,0.0,0.0,0.0,0.0,167117360,312782624,1718953216.0,12833100.0,0.0,0.0,0.0157205475
1789,1,628381144,False,0.0,0,0,0,0.0,0.0,0.0,0.0,0.0,167117360,804,20998008832.0,108366304.0,0.0,0.0,0.1327487224
1790,1,628382800,False,0.0,0,0,0,0.0,0.0,0.0,0.0,0.0,167117360,217,28712239104.0,159162304.0,0.0,0.0,0.1949738224
1791,1,628383785,False,0.0839552879333496,10920,6450,3170,0.00146871710407701,1.37556598929223e-05,0.00366993877105415,266.794830322266,7.71236732177734e-06,167117360,101,61072777216.0,457688704.0,1679689.5,6295.81005859375,0.5606686624
1792,1,628381342,False,0.0,0,0,0,0.0,0.0,0.0,0.0,0.0,167117360,667,13962102784.0,104673600.0,0.0,0.0,0.12822516
1793,3,628386088,False,0.356600403785706,7470,4610,6070,0.000999468729354292,2.21146913813826e-05,0.00813824542386843,368.001763330945,5.24830135498047e-06,167117360,741,36232820736.0,193732192.0,1576640.125,4284.32763671875,0.2373219352
1794,3,628386168,False,0.0,0,0,0,0.0,0.0,0.0,0.0,0.0,167117360,774,118672535552.0,659917824.0,0.0,0.0,0.8083993344
1795,2,628378781,False,0.00480526639148593,4480,4960,9600,2.18060584811224e-06,2.2443783720405e-08,4.39650239059119e-06,195.889526367188,1.14505599737167e-08,167117360,328,79247663104.0,416480384.0,1831.05700683594,9.34739589691162,0.5101884704
1796,2,628382821,False,0.0,0,0,0,0.0,0.0,0.0,0.0,0.0,167117360,312782636,19322927104.0,168287392.0,0.0,0.0,0.2061520552
1797,2,628380211,False,0.110915087163448,8500,5750,5890,0.0005689781036595,0.000169755861861631,0.0434230864048004,255.797271728516,2.987755859375e-06,167117360,607344850,3209478656.0,14367600.0,623885.5625,2438.984375,0.01760031
1798,2,628379973,False,0.2099998742342,5990,5380,6840,0.00391747270444617,7.67662948865664e-05,0.0213542165618126,278.171775690968,2.05710060745239e-05,167117360,1083,15638402304.0,218750404.0,4671243.5,16792.6580200195,0.2679692449
1799,2,628378090,False,0.0,0,0,0,0.0,0.0,0.0,0.0,0.0,167117360,20,87702134784.0,721987200.0,0.0,0.0,0.88443432
1800,1,628380235,False,0.14615161716938,6970,5290,5670,0.0024134825865013,0.00026224905741401,0.0875215381383896,333.734436035156,1.26734169433594e-05,167117360,560581559,8220199936.0,39449700.0,3452698.5,10345.646484375,0.0483258825
1801,2,628379293,False,0.0,0,0,0,0.0,0.0,0.0,0.0,0.0,167117360,743,38814498816.0,280165504.0,0.0,0.0,0.3432027424
1802,1,628381958,False,0.0,0,0,0,0.0,0.0,0.0,0.0,0.0,167117360,510,2274838784.0,22420800.0,0.0,0.0,0.02746548
1803,3,628387161,False,0.0,0,0,0,0.0,0.0,0.0,0.0,0.0,167117360,970,34131026944.0,215377200.0,0.0,0.0,0.26383707
1804,3,628384401,False,0.307765305042267,4610,5160,1670,0.0108919607419221,0.000122920822347641,0.0294908657226576,239.917575878661,5.71946781738281e-05,167117360,120,63528050688.0,379834208.0,11201639.625,46689.533203125,0.4652969048
1805,1,628383071,False,0.0,0,0,0,0.0,0.0,0.0,0.0,0.0,167117360,146,156166225920.0,1063374272.0,0.0,0.0,1.3026334832
1806,1,628382935,False,0.0,0,0,0,0.0,0.0,0.0,0.0,0.0,167117360,186,18811635712.0,155123104.0,0.0,0.0,0.1900258024
1807,3,628384525,False,0.26851299405098,3190,5700,5710,0.0108502413403469,1.06101227937806e-05,0.00252725227590719,238.192556771219,5.69756057952881e-05,167117360,159,663530242048.0,4383615488.0,11078502.21875,46510.6986083984,5.3699289728
1808,1,628380654,False,0.0,0,0,0,0.0,0.0,0.0,0.0,0.0,167117360,1070,153187188736.0,543617088.0,0.0,0.0,0.6659309328
1809,1,628381289,False,0.0689793154597282,11870,4570,4400,0.0011988157345043,3.56033866395783e-06,0.000941664615146397,264.487371574816,6.29509064064026e-06,167117360,701,321626960896.0,1443359744.0,1359160.79785156,5138.84950256348,1.7681156864
1810,1,628382742,False,0.154886230826378,12480,6080,3150,0.00225126441222315,9.2513646450243e-06,0.00240088766440749,259.517120361328,1.182159453125e-05,167117360,229,1579009440.0,1043119744.0,2504413.25,9650.28125,1.2778216864
1811,3,628386019,False,0.356600403785706,7470,4610,6070,0.00116452999154686,1.95685222896765e-06,0.000674898324119406,344.889774572018,6.11505308074951e-06,167117360,709,457944254464.0,2550974464.0,1721648.390625,4991.88006591797,3.1249437184
1812,2,628380103,False,0.194894030690193,4850,4320,6130,0.00386550763559334,1.95662541955244e-05,0.00752538349479437,384.610321044922,2.02981327636719e-05,167117360,258,112502726656.0,846861312.0,6372956.0,16569.904296875,1.0374051072
1813,1,628380877,False,0.0765111148357391,13080,2260,5350,0.00078676141442636,2.24740324483719e-06,0.000562742119655013,250.396591186523,4.13135586547851e-06,167117360,936,360988737536.0,1500636544.0,844471.375,3372.53540039062,1.8382797664
1814,1,628381818,False,0.0410032607614994,5460,4490,5310,0.000155636349223922,4.1662469811854e-06,0.0011798128252849,283.18359375,8.17260649108887e-07,167117360,581,15548502016.0,160132496.0,188926.375,667.151550292969,0.1961623076
1815,3,628386203,False,0.0,0,0,0,0.0,0.0,0.0,0.0,0.0,167117360,791,34505119744.0,163215008.0,0.0,0.0,0.1999383848
1816,1,628381990,False,0.0943514034152031,2310,3590,5690,0.00136366920957926,3.08667513309047e-05,0.00653438782319427,211.696640014648,7.16075125732422e-06,167117360,484,26930694144.0,189378896.0,1237475.125,5845.51123046875,0.2319891476
1817,3,628387516,False,0.0,0,0,0,0.0,0.0,0.0,0.0,0.0,167117360,1093,277108834304.0,2114143232.0,0.0,0.0,2.5898254592
1818,2,628378811,False,0.378472089767456,5450,4510,6500,0.173013463509712,0.00122927373740822,0.432260453701019,351.638885498047,0.000908509459375,167117360,351,103294582784.0,603315904.0,260789600.0,741640.375,0.7390619824
1819,1,628380111,False,0.0,0,0,0,0.0,0.0,0.0,0.0,0.0,167117360,10704,49437749248.0,308697312.0,0.0,0.0,0.3781542072
1820,1,628381754,False,0.0,0,0,0,0.0,0.0,0.0,0.0,0.0,167117360,600,33941168128.0,147310208.0,0.0,0.0,0.1804550048
1821,2,628379719,False,0.0,0,0,0,0.0,0.0,0.0,0.0,0.0,167117360,940,22245462016.0,569584768.0,0.0,0.0,0.6977413408
1822,3,628386080,False,0.0535431578755379,7760,2190,1000,0.000978829399026953,1.24325601576222e-05,0.00265252632916721,213.353186756228,5.13992235107422e-06,167117360,735,50650673152.0,337489216.0,895199.03125,4195.85498046875,0.4134242896
1823,3,628386151,False,0.26407378911972,8740,5170,7900,0.017495052871503,1.33907525035533e-05,0.00404169028395166,301.826972224239,9.18681165245503e-05,167117360,768,315129383904.0,5600460528.0,22635326.9016724,74994.3808363676,6.8605641468
1824,2,628378976,False,0.0,0,0,0,0.0,0.0,0.0,0.0,0.0,167117360,506,535682592.0,5330700.0,0.0,0.0,0.0065301075
1825,1,628381774,False,0.0,0,0,0,0.0,0.0,0.0,0.0,0.0,167117360,595,3674423808.0,75429904.0,0.0,0.0,0.0924016324
1826,2,628378964,True,0.503686666488647,7920,6270,5960,0.0562528269646932,0.0296547746548548,16.506738848114,556.630055032694,0.000295388719335937,167117360,491,1567824896.0,8131360.0,134222236.0,241133.6484375,0.009960916
1827,1,628383015,False,0.0,0,0,0,0.0,0.0,0.0,0.0,0.0,167117360,162,15322013696.0,91564200.0,0.0,0.0,0.112166145
1828,3,628387707,False,0.0,0,0,0,0.0,0.0,0.0,0.0,0.0,167117360,527696977,242620952.0,3337200.0,0.0,0.0,0.00408807
1829,3,628386191,False,0.430575639009476,8580,5810,4660,0.069244341786761,8.92494015274847e-05,0.020190489463099,226.225488547184,0.000363608347265625,167117360,784,75056662366.0,3325771776.0,67148960.0,296823.140625,4.0740704256
1830,3,628384145,False,0.085826463997364,8680,2710,3800,0.00141268357535075,3.30230651221523e-06,0.000811877308652591,245.851590592653,7.4181301574707e-06,167117360,10,370752618496.0,1833753600.0,1488782.9375,6055.61645507812,2.24634816
1831,1,628380743,False,0.123780213296413,6220,450,4400,0.00248752455515739,0.000115228715003468,0.0287383105605841,249.402328491211,1.30622180664062e-05,167117360,1006,18463107072.0,92538000.0,2659385.75,10663.03515625,0.11335905
1832,3,628384855,False,0.0,0,0,0,0.0,0.0,0.0,0.0,0.0,167117360,287,976723008.0,6980400.0,0.0,0.0,0.00855099
1833,1,628384081,False,0.0,0,0,0,0.0,0.0,0.0,0.0,0.0,167117360,2,7063314432.0,51414300.0,0.0,0.0,0.0629825175
1834,3,628384325,False,0.0,0,0,0,0.0,0.0,0.0,0.0,0.0,167117360,84,65845444608.0,418622400.0,0.0,0.0,0.51281244
1835,2,628378505,False,0.0,0,0,0,0.0,0.0,0.0,0.0,0.0,167117360,211,50371162112.0,271941312.0,0.0,0.0,0.3331281072
1836,3,628384176,False,0.0653393194079399,6190,6260,3340,0.000291174491010699,2.80525393004361e-06,0.000690078701221599,245.995092932949,1.52898377990723e-06,167117360,23,87140311040.0,444932992.0,307038.78125,1248.15002441406,0.5450429152
1837,3,628385971,False,0.0,0,0,0,0.0,0.0,0.0,0.0,0.0,167117360,687,322096087040.0,1510875008.0,0.0,0.0,1.8508218848
1838,3,628385464,False,0.426997363567352,5270,3620,1090,0.0938669591948607,1.34176148928462e-05,0.00306525329825992,228.449938587387,0.00049290395453248,167117360,453,6723127283968.0,29988234000.0,91921533.1774902,402370.575128555,36.73558665
1839,2,628379252,False,0.00284986151382327,3820,3310,5720,1.04491401063403e-06,6.58082583981923e-08,1.22915180327254e-05,186.777755737305,5.48693866729736e-09,167117360,707,11857361920.0,68063400.0,836.6025390625,4.47913360595703,0.083377665
1840,1,628380885,False,0.0,0,0,0,0.0,0.0,0.0,0.0,0.0,167117360,932,15159216448.0,309593712.0,0.0,0.0,0.3792522972
1841,3,628386969,False,0.0215967353433371,5250,1570,9060,0.00015029113036616,5.67062232708623e-07,0.000141245778659302,249.083381879673,7.89192417907715e-07,167117360,182305689,258121886720.0,1136098776.0,160469.15625,644.238708496094,1.3917210006
1842,1,628378609,False,0.0,0,0,0,0.0,0.0,0.0,0.0,0.0,167117360,312782586,6138710016.0,25765200.0,0.0,0.0,0.03156237
1843,2,628379868,False,0.0,0,0,0,0.0,0.0,0.0,0.0,0.0,167117360,1023,53068832768.0,272100608.0,0.0,0.0,0.3333232448
1844,1,628381080,False,0.0,0,0,0,0.0,0.0,0.0,0.0,0.0,167117360,838,73301598208.0,288421184.0,0.0,0.0,0.3533159504
1845,2,628378928,False,0.277444154024124,4650,3890,10030,0.044250879365353,1.26506976062053e-05,0.00298722215285126,236.131021848629,0.000232365399047852,167117360,453,3229681217664.0,14994117000.0,44790758.4648438,189686.040039062,18.367793325
1846,1,628382243,False,0.0,0,0,0,0.0,0.0,0.0,0.0,0.0,167117360,350,2546418688.0,12030300.0,0.0,0.0,0.0147371175
1847,2,628382866,False,0.0,0,0,0,0.0,0.0,0.0,0.0,0.0,167117360,312782644,27061985280.0,173325600.0,0.0,0.0,0.21232386
1848,2,628379140,False,0.164231553673744,7890,2290,7070,0.00123442290998223,7.32848775442108e-06,0.00267408206127584,364.888641357422,6.48206716308594e-06,167117360,632,68333502464.0,722043008.0,1930802.25,5291.4833984375,0.8845026848
1849,1,628382062,False,0.101873643696308,8890,340,5130,0.00275080610047282,3.14478384098038e-05,0.00688676303252578,218.990020751953,1.44447334472656e-05,167117360,442,40893210624.0,374958016.0,2582247.0,11791.619140625,0.4593235696
1850,3,628387013,False,0.00913280807435513,8640,6140,5460,1.31249193984836e-05,6.47768160093595e-08,9.07408892364329e-06,140.082354809353,6.89201475143432e-08,167117360,931,128388476928.0,868541376.0,7881.2216796875,56.261344909668,1.0639631856
1851,2,628378289,False,0.057461716234684,4440,5190,9550,0.000336459203854669,1.84746594778121e-06,0.000327495467131883,177.267390246192,1.76677793273926e-06,167117360,119,160915180928.0,780673496.0,255667.03125,1442.26770019531,0.9563250326
1852,2,628378409,False,0.0,0,0,0,0.0,0.0,0.0,0.0,0.0,167117360,162,14960846848.0,91564200.0,0.0,0.0,0.112166145
1853,3,628387304,False,0.0,0,0,0,0.0,0.0,0.0,0.0,0.0,167117360,1029,22257914880.0,184940992.0,0.0,0.0,0.2265527152
1854,1,628381333,False,0.0851687788963318,5780,5650,2490,0.002426481154545,8.883642976798e-07,0.00022252781491261,250.491607666016,1.27416736083984e-05,167117360,672,2307695312896.0,11708446720.0,2605455.0,10401.3662109375,14.342847232
1855,1,628383969,False,0.0,0,0,0,0.0,0.0,0.0,0.0,0.0,167117360,44,67355117376.0,379944896.0,0.0,0.0,0.4654324976
1856,1,628382853,False,0.0201577991247177,12430,4850,5670,0.000110568774683169,1.99540536414133e-05,0.00403356971219182,202.142852783203,5.80606709289551e-07,167117360,207,1937434240.0,23752800.0,95808.5703125,473.964660644531,0.02909718
1857,1,628383779,False,0.128450304269791,6240,5360,4200,0.000462554022192406,3.92135552829131e-05,0.0262283459305763,668.859191894531,2.42891331176758e-06,167117360,102,7084865536.0,50563800.0,1326204.875,1982.78637695312,0.061940655
1858,1,628384073,False,0.181953445076942,5520,4570,5360,0.00186095265947547,7.70901824580505e-05,0.0315685607492924,409.501678466797,9.77203195800781e-06,167117360,15,19021010944.0,103478400.0,3266664.0,7977.1689453125,0.12676104
1859,1,628380917,False,0.0,0,0,0,0.0,0.0,0.0,0.0,0.0,167117360,919,50348437504.0,314517600.0,0.0,0.0,0.38528406
1860,1,628382307,False,0.0,0,0,0,0.0,0.0,0.0,0.0,0.0,167117360,335,3896699136.0,24252300.0,0.0,0.0,0.0297090675
1861,2,628378825,False,0.0,0,0,0,0.0,0.0,0.0,0.0,0.0,167117360,364,14050813952.0,74927696.0,0.0,0.0,0.0917864276
1862,2,628379012,False,0.0,0,0,0,0.0,0.0,0.0,0.0,0.0,167117360,538,3046799616.0,70977600.0,0.0,0.0,0.08694756
1863,2,628379238,False,0.549885332584381,6060,7040,7380,0.364018962741348,7.87501994636841e-05,0.0186312682926655,236.586929321289,0.0019114967375,167117360,698,3011542651904.0,19814623232.0,369171552.0,1560405.5,24.2729134592
1864,1,628382356,False,0.403654038906097,11310,7210,4310,0.0205532044768426,0.000228621996939182,0.0493374429643154,215.803573608398,0.00010792674921875,167117360,326,12254566464.0,385367424.0,19013044.0,88103.46875,0.4720750944
1865,1,628380155,False,0.04292868450284,8530,5810,5590,0.000426163522065439,5.92893775319681e-05,0.0110015636309981,185.557083129883,2.23782348022461e-06,167117360,607344838,7238916096.0,30811500.0,338974.6875,1826.79467773438,0.0377440875
1866,2,628379595,False,0.303926229476929,6120,5320,5880,0.0389034179610399,2.92392738675107e-05,0.0142828195640509,488.480652042501,0.00020428539203043,167117360,856,936761960192.0,5703410628.0,81460784.8994141,166763.585330963,6.9866780193
1867,3,628387369,False,0.000980454264208674,8520,4210,3210,7.14923580644826e-07,5.56899374891797e-08,1.05173821722196e-05,188.85605993476,3.75412885546684e-09,167117360,1044,7127924224.0,55029600.0,578.767333984375,3.06459498405457,0.06741126
1868,2,628380278,False,0.0,0,0,0,0.0,0.0,0.0,0.0,0.0,167117360,484682524,11824611328.0,183340800.0,0.0,0.0,0.22459248
1869,3,628386163,False,0.0,0,0,0,0.0,0.0,0.0,0.0,0.0,167117360,773,50464851968.0,254377792.0,0.0,0.0,0.3116127952
1870,2,628379931,False,0.06560268253088,11090,3280,9520,0.00236585078658177,3.95810775444261e-06,0.00108513969462365,274.156188964844,1.24232980224609e-05,167117360,1056,535127621632.0,2562201088.0,2780346.25,10141.4677734375,3.1386963328
1871,3,628385395,False,0.0,0,0,0,0.0,0.0,0.0,0.0,0.0,167117360,433,43785951232.0,204717600.0,0.0,0.0,0.25077906
1872,1,628380678,False,0.0,0,0,0,0.0,0.0,0.0,0.0,0.0,167117360,1054,14912710656.0,92284200.0,0.0,0.0,0.113048145
1873,3,628384308,False,0.0,0,0,0,0.0,0.0,0.0,0.0,0.0,167117360,75,619286288.0,10306800.0,0.0,0.0,0.01262583
1874,3,628385995,False,0.058334331959486,8390,5140,6540,0.000107200696186594,7.67020460408428e-07,0.000311792214886277,406.497911046926,5.62920622253418e-07,167117360,697,35652164608.0,599106624.0,186796.78125,459.527038574219,0.7339056144
1875,3,628384875,False,0.0,0,0,0,0.0,0.0,0.0,0.0,0.0,167117360,295,328897185792.0,1710253824.0,0.0,0.0,2.0950609344
1876,2,628380050,False,0.798363447189331,7760,6880,5780,5.64449224510556,0.00151897432054176,0.615660616208428,405.313380142493,0.029639743023579,167117360,1129,2627142719792.0,15928978037.0,9806844433.82994,24195708.5906767,19.512998095325
1877,3,628385617,False,0.627044081687927,7700,5860,6190,0.104237046479532,0.00194906629607215,0.904421173913213,464.02791723188,0.000547358227636719,167117360,525,34432030720.0,229249792.0,207338366.0,446823.04296875,0.2808309952
1878,3,628387308,False,0.0,0,0,0,0.0,0.0,0.0,0.0,0.0,167117360,1020,191428468736.0,1127356160.0,0.0,0.0,1.381011296
1879,2,628379410,False,0.0783664807677269,8590,1490,6080,0.00132471246219555,3.4932072594529e-05,0.00838552322238684,240.052261352539,6.95618582763672e-06,167117360,834,27293872128.0,162558896.0,1363141.375,5678.51904296875,0.1991346476
1880,1,628381988,False,0.0851687788963318,5780,5650,2490,0.002426481154545,8.88364311652904e-07,0.00022252780939332,250.491613040242,1.27416736083984e-05,167117360,485,2307695312896.0,11708446720.0,2605455.0,10401.3662109375,14.342847232
1881,3,628387129,False,0.363042533397675,6590,6360,9900,0.0659895770774638,2.71726849339769e-05,0.00606325674733392,223.137932893498,0.00034651728125,167117360,961,1790763270144.0,10410132480.0,63119306.0,282871.25,12.752412288
1882,3,628384353,False,0.282363533973694,4950,2850,4810,0.0218437973211212,0.000762284960294491,0.258769387701937,339.465424586059,0.000114703769824219,167117360,98,8851624960.0,122835600.0,31786093.0,93635.73046875,0.15047361
1883,1,628380867,False,0.0,0,0,0,0.0,0.0,0.0,0.0,0.0,167117360,940,23303245824.0,569584768.0,0.0,0.0,0.6977413408
1884,1,628380993,False,0.0120520945638418,7770,4920,1800,4.73540052771849e-05,2.75902630164637e-06,0.000551150413230062,199.762664794922,2.48660195922852e-07,167117360,884,9359411200.0,73572304.0,40549.40625,202.987915039062,0.0901260724
1885,3,628385682,False,0.0,0,0,0,0.0,0.0,0.0,0.0,0.0,167117360,545,284916.546875,1800.0,0.0,0.0,2.205e-06
1886,1,628382463,False,0.0,0,0,0,0.0,0.0,0.0,0.0,0.0,167117360,295,161925220352.0,855126912.0,0.0,0.0,1.0475304672
1887,2,628382470,False,0.0,0,0,0,0.0,0.0,0.0,0.0,0.0,167117360,312782554,34181715968.0,192023104.0,0.0,0.0,0.2352283024
1888,3,628387284,False,0.0855743810534477,7120,2830,770,0.000923615592312847,3.62116351585908e-06,0.000751684343078739,207.580889343079,4.84998962173462e-06,167117360,1011,221056401408.0,1093343392.0,821849.109375,3959.17520141602,1.3393456552
1889,2,628378896,False,0.0,0,0,0,0.0,0.0,0.0,0.0,0.0,167117360,430,75366842368.0,455836512.0,0.0,0.0,0.5583997272
1890,3,628385585,False,0.0,0,0,0,0.0,0.0,0.0,0.0,0.0,167117360,510,4231149696.0,44841600.0,0.0,0.0,0.05493096
1891,2,628379696,False,0.254113554954529,10090,4340,7900,0.010496703760429,1.48665945368587e-05,0.00374110490735455,251.645048775577,5.51191477539062e-05,167117360,928,736576405504.0,3026599168.0,11322825.0,44995.22265625,3.7075839808
1892,3,628387440,False,0.125928834080696,12060,2830,9430,0.00411450583756172,3.83363166078185e-06,0.0010039827110933,261.88815200064,2.16056450073242e-05,167117360,1064,962021359616.0,4600666624.0,4618989.75,17637.2612304688,5.6358166144
1893,3,628387265,False,0.0,0,0,0,0.0,0.0,0.0,0.0,0.0,167117360,1005,6075486208.0,49721400.0,0.0,0.0,0.060908715
1894,3,628384416,False,0.127254217863083,6170,6880,4760,0.00682051042554847,4.65854964862303e-05,0.0110440347336946,237.070237878842,3.58151216308594e-05,167117360,125,8282978816.0,627595200.0,6931183.1875,29236.833984375,0.76880412
1895,2,628378201,False,0.433098435401917,7690,6390,5720,0.0602974807058205,9.63826551449669e-05,0.0270678798047677,280.837664868804,0.000316627564620972,167117360,73,87534946624.0,2681721944.0,72588527.25,258471.481323242,3.2851093814
1896,1,628380988,False,0.0,0,0,0,0.0,0.0,0.0,0.0,0.0,167117360,888,21278646272.0,149899504.0,0.0,0.0,0.1836268924
1897,3,628387281,False,0.0,0,0,0,0.0,0.0,0.0,0.0,0.0,167117360,1010,38504675328.0,163196992.0,0.0,0.0,0.1999163152
1898,1,628380712,False,0.0,0,0,0,0.0,0.0,0.0,0.0,0.0,167117360,614454277,3066611200.0,18950400.0,0.0,0.0,0.02321424
1899,3,628384437,False,0.0,0,0,0,0.0,0.0,0.0,0.0,0.0,167117360,131,135996682240.0,756259200.0,0.0,0.0,0.92641752
1900,2,628379804,False,0.202302291989326,10520,3370,6890,0.00908973184796039,3.1557741749566e-05,0.0094710560515523,300.118316650391,4.77310100585937e-05,167117360,984,311825956864.0,1234691968.0,11693837.0,38964.08984375,1.5124976608
1901,1,628382187,False,0.0823070704936981,13140,5950,5270,0.00514460665396158,2.80211178434527e-06,0.000735677938083234,262.544107695236,2.70147982421339e-05,167117360,370,1186666884224.0,7870098776.0,5789858.04003906,22052.8965241909,9.6408710006
1902,1,628380648,False,0.0192840769886971,8260,1240,1900,0.000303116157941533,2.44920811383054e-05,0.00533171743154526,217.691467285156,1.59169056091309e-06,167117360,1074,9957392384.0,53051400.0,282855.0625,1299.33923339844,0.064987965
1903,3,628385888,False,0.16497990489006,6250,7460,8260,0.00488150199944159,3.02942101200539e-05,0.00722759787442006,238.580172441453,2.5633211730957e-05,167117360,639,108305170432.0,690728384.0,4992307.0,20925.0708007812,0.8461422704
1904,1,628382213,False,0.123780213296413,6220,450,4400,0.00248752455515739,1.69049493404111e-05,0.00421613365440424,249.402324106681,1.30622180664062e-05,167117360,361,141982354816.0,630764100.0,2659385.75,10663.03515625,0.7726860225
1905,2,628380227,False,0.435636222362518,9070,3270,8260,0.0676071482550199,2.71556328239662e-05,0.00695254786234756,256.02599311225,0.000355011294873047,167117360,1080,1905784936448.0,10672008292.0,74197648.4375,289805.138671875,13.0732101577
1906,1,628382624,False,0.0,0,0,0,0.0,0.0,0.0,0.0,0.0,167117360,252,39625551872.0,154379696.0,0.0,0.0,0.1891151276
1907,2,628378063,False,0.798363447189331,7760,6880,5780,7.30956991293215,0.000155824314049139,0.0581779755580504,373.356211532585,0.0383832175551411,167117360,8,35252121493401.7,201080550309.0,11698459341.0763,31333238.8205234,246.323674128525
1908,2,628379331,False,0.0,0,0,0,0.0,0.0,0.0,0.0,0.0,167117360,774,58242670592.0,329958912.0,0.0,0.0,0.4041996672
1909,2,628379893,False,0.0,0,0,0,0.0,0.0,0.0,0.0,0.0,167117360,1038,107366932480.0,583219776.0,0.0,0.0,0.7144442256
1910,2,628379920,False,0.025687562301755,10650,5870,8990,0.000139568954861924,9.94195829662203e-07,0.000326725043123588,328.632446289062,7.32889297485351e-07,167117360,1049,94471561216.0,601769728.0,196613.234375,598.276977539062,0.7371679168
1911,3,628385581,False,0.204306498169899,550,5640,6580,0.0249126025663253,7.53136263804487e-06,0.00176256751229697,234.030360375069,0.000130818345751953,167117360,507,1883741814784.0,14179437568.0,24992216.0,106790.486328125,17.3698110208
1912,3,628387167,False,0.148318231105804,3390,2400,5690,0.00250869686390873,4.95713084211344e-06,0.00145217537190612,292.946750480969,1.31733957885742e-05,167117360,972,382674357248.0,2169358208.0,3150288.5625,10753.7924804688,2.6574638048
1913,3,628384715,False,0.367373734712601,9620,4650,6040,0.00262469650249188,0.000290292409988622,0.159504123062316,549.460191083079,1.37825204589844e-05,167117360,231,4882546176.0,38757600.0,6181997.0,11251.037109375,0.04747806
1914,3,628384799,False,0.0,0,0,0,0.0,0.0,0.0,0.0,0.0,167117360,312782586,10468101632.0,51530400.0,0.0,0.0,0.06312474
1915,2,628379148,False,0.0,0,0,0,0.0,0.0,0.0,0.0,0.0,167117360,638,34991378432.0,197472608.0,0.0,0.0,0.2419039448
1916,3,628387491,False,0.0,0,0,0,0.0,0.0,0.0,0.0,0.0,167117360,1085,5223834880.0,66227400.0,0.0,0.0,0.081128565
1917,3,628387668,False,0.0,0,0,0,0.0,0.0,0.0,0.0,0.0,167117360,929,4098946304.0,48164400.0,0.0,0.0,0.05900139
1918,1,628381048,False,0.0462723076343536,9480,2010,4030,0.000186644524760787,2.76769856100145e-06,0.000718750816304237,259.692565917969,9.80087403869629e-07,167117360,851,39642849280.0,289074592.0,207772.59375,800.071350097656,0.3541163752
1919,3,628385357,False,0.0508709289133549,7780,1020,9160,0.000755333029997394,3.5351269339418e-06,0.000742400427047296,210.006724205371,3.96632255554199e-06,167117360,417,192079900544.0,915897616.0,679962.78125,3237.81433105469,1.1219745796
1920,1,628381884,False,0.0214431043714285,11630,7040,3820,0.000107377332856795,6.99741258358699e-06,0.00151364400517195,216.314804077148,5.63848157501221e-07,167117360,553,209206080.0,65779200.0,99566.2890625,460.284210205078,0.08057952
1921,1,628380970,False,0.0139522710815072,6840,3250,3440,1.23146722695849e-05,4.95212263658419e-08,1.38116517351753e-05,278.903669168866,6.46654660224915e-08,167117360,896,68271147520.0,1065969876.0,14722.8046875,52.7881355285645,1.3058130981
1922,1,628383899,False,0.0,0,0,0,0.0,0.0,0.0,0.0,0.0,167117360,66,998080576.0,8047800.0,0.0,0.0,0.009858555
1923,3,628386117,False,0.156141951680183,7650,5700,6060,0.000855946934536031,0.000122433325849448,0.0355163647945989,290.087396941843,4.49465533475876e-06,167117360,753,3597954176.0,29968200.0,1064361.5234375,3669.10639572144,0.036711045
1924,2,628379981,False,0.0,0,0,0,0.0,0.0,0.0,0.0,0.0,167117360,1088,15139922944.0,112639504.0,0.0,0.0,0.1379833924
1925,3,628385789,False,0.156595274806023,10170,1740,2310,0.00566294644434747,2.13482477290506e-05,0.00494758854752726,231.75618956279,2.97366477050781e-05,167117360,593,156356042752.0,1137086976.0,5625838.5,24274.814453125,1.3929315456
1926,3,628385013,False,0.20033472776413,4930,2460,9730,0.0135895777386744,1.04234596659346e-05,0.0027627816646027,265.054190561304,7.13601107916355e-05,167117360,345,1284558151168.0,5588658040.0,15440241.9626465,58253.1516666412,6.846106099
1927,1,628381243,True,0.493034571409225,7910,6360,5690,0.0112310543958186,0.0647118091583252,34.8654975891113,538.781066894531,5.897528984375e-05,167117360,732,145385632.0,743961.5,25938588.0,48143.09375,0.0009113528375
1928,2,628379208,False,0.0604609623551369,6090,4720,10580,0.000162946719560818,6.60632660703845e-07,0.000137117977755986,207.55555380792,8.55648069763183e-07,167117360,677,203644925440.0,1057301980.0,144975.109375,698.488220214844,1.2951949255
1929,3,628387069,False,0.723788797855377,7010,6910,5780,1.47834976062169,0.00902185317268032,3.10804910310055,344.502292778632,0.00776294927888184,167117360,157,60183960512.0,702416824.0,2183145979.83594,6337101.45214844,0.8604606094
1930,3,628385467,False,0.0,0,0,0,0.0,0.0,0.0,0.0,0.0,167117360,456,1866595776.0,15874200.0,0.0,0.0,0.019445895
1931,3,628385819,False,0.369614958763123,3460,5980,5760,0.0654981424933802,0.000434710922816596,0.104819283223328,241.124107358929,0.000343936713476562,167117360,605,82347819008.0,645865216.0,67699129.0,280764.6640625,0.7911848896
1932,2,628378971,False,0.0,0,0,0,0.0,0.0,0.0,0.0,0.0,167117360,501,8669000704.0,44468100.0,0.0,0.0,0.0544734225
1933,1,628381335,False,0.114638552069664,7790,240,4440,0.00237911385043666,4.46739904873539e-05,0.0100885787978768,225.826675415039,1.24929435791016e-05,167117360,671,30591275008.0,228283200.0,2303053.0,10198.3212890625,0.27964692
1934,3,628384422,False,0.798363447189331,7760,6880,5780,0.954365564977089,0.0442499169351703,26.0645233362686,589.029881670857,0.0050114605296875,167117360,126,10902545216.0,92451884.0,2409714288.0,4090988.1875,0.1132535579
1935,2,628378910,False,0.14820870757103,9310,1160,6670,0.00270827900136397,3.09616589220241e-05,0.00814794935286045,263.162536621094,1.42214197753906e-05,167117360,442,40278896640.0,374958016.0,3055138.75,11609.322265625,0.4593235696
1936,1,628380813,False,0.291216462850571,4400,5780,2150,0.0406835619379894,3.35047334374394e-05,0.00756274163722992,225.721588134766,0.000213633090234375,167117360,961,819138461696.0,5205066240.0,39364572.0,174394.359375,6.376206144
1937,2,628378923,False,0.0,0,0,0,0.0,0.0,0.0,0.0,0.0,167117360,451,32698449920.0,188746208.0,0.0,0.0,0.2312141048
1938,2,628379405,False,0.0,0,0,0,0.0,0.0,0.0,0.0,0.0,167117360,831,2638365696.0,21726900.0,0.0,0.0,0.0266154525
1939,1,628382002,False,0.383442997932434,7100,6080,3470,0.289492122460113,6.13329757470638e-05,0.0253725051879883,413.684539794922,0.001520149509375,167117360,477,3798720121472.0,20232808448.0,513357024.0,1240938.375,24.7851903488
1940,3,628387466,False,0.18195641040802,6930,5390,5470,0.000948443705610746,2.98520871744293e-05,0.0108350547133597,362.958028698268,4.98036430664062e-06,167117360,1077,28893673472.0,136191600.0,1475643.4375,4065.603515625,0.16683471
1941,2,628380239,False,0.435636222362518,9070,3270,8260,0.0557436044108101,0.000123298348626122,0.0315085425972939,255.547164916992,0.0002927147453125,167117360,10703,314739818496.0,1937988864.0,61063204.0,238950.8125,2.3740363584
1942,2,628378983,False,0.0,0,0,0,0.0,0.0,0.0,0.0,0.0,167117360,514,450511552.0,10040400.0,0.0,0.0,0.01229949
1943,1,628382113,False,0.0796767175197601,5690,5880,2640,0.000668433028055161,3.4848737413995e-05,0.00880051497370005,252.534683227539,3.51000272827148e-06,167117360,1105,14564809728.0,82221296.0,723589.75,2865.30834960938,0.1007210876
1944,2,628378393,False,0.0,0,0,0,0.0,0.0,0.0,0.0,0.0,167117360,156,13987035136.0,83042096.0,0.0,0.0,0.1017265676
1945,1,628381777,False,0.156595274806023,10170,1740,2310,0.00339889784009985,2.56264174822718e-05,0.00604204600676894,235.774124145508,1.78479222167969e-05,167117360,593,84329971712.0,568543488.0,3435166.0,14569.732421875,0.6964657728
1946,3,628387027,False,0.110337726771832,4940,1470,5700,0.0037854011151563,2.97587630188851e-05,0.00707771845083002,237.836446573349,1.9877486126709e-05,167117360,935,94578839552.0,545268608.0,3859257.6875,16226.5192871094,0.6679540448
1947,1,628381247,False,0.0943514034152031,2310,3590,5690,0.00136366920957926,9.28276667653134e-06,0.00196513057634915,211.696646573848,7.16075125732422e-06,167117360,731,105292056448.0,629716488.0,1237475.125,5845.51123046875,0.7714026978
1948,3,628387298,False,0.155480995774269,10920,2490,1920,0.0101388000347029,4.46896897651961e-06,0.00118827215906174,265.894027303622,5.32397626831055e-05,167117360,1017,2062505377792.0,9725068800.0,11556028.5,43461.0307617188,11.91320928
1949,3,628385264,False,0.131650388240814,4430,1650,2880,0.00100035479601719,1.2639958180028e-06,0.000293876049093991,232.49764351146,5.25295417175293e-06,167117360,369,753240323072.0,3392515856.0,996979.15625,4288.12585449219,4.1558319236
1950,2,628378170,False,0.209235936403275,4440,5650,6520,0.00183014356772585,3.96094355892274e-06,0.0016565463738516,418.220153808594,9.61025061035156e-06,167117360,56,458637639680.0,1980614656.0,3280980.0,7845.1025390625,2.4262529536
1951,2,628380008,False,0.0,0,0,0,0.0,0.0,0.0,0.0,0.0,167117360,1102,141856309248.0,743256000.0,0.0,0.0,0.9104886
1952,3,628387591,False,0.581575453281403,7640,6510,5940,0.283596013731609,0.0393445600723771,13.2509792010103,336.793172337781,0.00148918850527344,167117360,1126,3335278144.0,30897895.0,409427364.0,1215664.0859375,0.037849921375
1953,1,628384075,False,0.0182208679616451,8250,5250,5620,1.66533118162522e-05,1.82768712875259e-06,0.000361588929081336,197.839614868164,8.74480575561523e-08,167117360,12,6084787712.0,39058200.0,14123.0126953125,71.3861694335938,0.047846295
1954,3,628387547,False,0.226925745606422,6290,4670,6380,0.0016175482819238,4.63127085760833e-05,0.0179413983601039,387.396870356426,8.49389339599609e-06,167117360,1104,31038616576.0,149716800.0,2686128.75,6933.79052734375,0.18340308
1955,3,628387768,False,0.0,0,0,0,0.0,0.0,0.0,0.0,0.0,167117360,549009223,9492895232.0,63637200.0,0.0,0.0,0.07795557
1956,3,628387294,False,0.289559483528137,840,5620,7340,0.0788483801580467,9.9584613079958e-05,0.0250710372421198,251.756134474208,0.000414040027734375,167117360,1016,176498147328.0,3394016896.0,85091524.0,337991.859375,4.1576706976
1957,1,628380630,False,0.0,0,0,0,0.0,0.0,0.0,0.0,0.0,167117360,1088,17430614016.0,112639504.0,0.0,0.0,0.1379833924
1958,1,628380795,False,0.0421248339116573,11870,4490,4510,0.000170304646745762,1.06792720089288e-06,0.000336506054736674,315.10205078125,8.94285215759277e-07,167117360,968,177264279552.0,683594112.0,230033.5625,730.028747558594,0.8374027872
1959,2,628379676,False,0.0,0,0,0,0.0,0.0,0.0,0.0,0.0,167117360,917,474292288.0,4190400.0,0.0,0.0,0.00513324
1960,1,628381277,False,0.0,0,0,0,0.0,0.0,0.0,0.0,0.0,167117360,707,12053786624.0,68063400.0,0.0,0.0,0.083377665
1961,3,628386212,False,0.154886230826378,12480,6080,3150,0.00239559728178762,7.03552616708473e-06,0.00181007007197824,257.275721671898,1.25794995788574e-05,167117360,794,3212491648.0,1459589376.0,2641959.046875,10268.9792480469,1.7879969856
1962,1,628380232,False,0.0221162289381027,8420,4160,3260,7.81003120203705e-05,4.23565325036179e-06,0.00107487407512963,253.768188476562,4.10111853790283e-07,167117360,560581563,12623256576.0,79039800.0,84957.828125,334.785186767578,0.096823755
1963,1,628381692,False,0.283493250608444,5940,7240,3760,0.0143143354756957,0.000426803973729656,0.0967764158886269,226.746754588388,7.51658796981811e-05,167117360,619,23783777792.0,143766004.0,13913158.59375,61359.9017944336,0.1761133549
1964,1,628382172,False,0.0,0,0,0,0.0,0.0,0.0,0.0,0.0,167117360,377,7536896512.0,48273300.0,0.0,0.0,0.0591347925
1965,1,628381683,False,0.0,0,0,0,0.0,0.0,0.0,0.0,0.0,167117360,621,30297251840.0,159641104.0,0.0,0.0,0.1955603524
1966,3,628387226,False,0.00238992786034942,12090,3760,6670,1.30180564288909e-06,1.23504351497732e-08,3.1705542425911e-06,256.715994549335,6.83590003252029e-09,167117360,989,73490440192.0,451832384.0,1432.55908203125,5.58032655715942,0.5534946704
1967,1,628380074,False,0.178685590624809,4910,2850,4810,0.00439783404666461,1.37757997435983e-05,0.00477760331705213,346.811340332031,2.30934272460937e-05,167117360,484682516,69707612160.0,1368470656.0,6538010.0,18851.77734375,1.6763765536
1968,1,628380625,False,0.233204454183578,10300,3850,3810,0.0085415762396861,1.20975264508161e-05,0.00337984156794846,279.382873535156,4.48525950195312e-05,167117360,1091,757686272000.0,3026599168.0,10229426.0,36614.36328125,3.7075839808
1969,2,628378299,False,0.0,0,0,0,0.0,0.0,0.0,0.0,0.0,167117360,122,18431447040.0,164670304.0,0.0,0.0,0.2017211224
1970,3,628386361,False,0.248516708612442,8580,2620,7500,0.0270814577384426,9.86630275046545e-05,0.0228272188266629,231.365481112831,0.000142207201855469,167117360,848,18770798218.0,1176606016.0,26858643.0,116087.51171875,1.4413423696
1971,3,628387750,False,0.0,0,0,0,0.0,0.0,0.0,0.0,0.0,167117360,607344842,4570561024.0,22597200.0,0.0,0.0,0.02768157
1972,1,628383085,True,0.707801640033722,7660,6980,5660,0.0084149344606415,0.148815017645135,189.822654953008,1275.56114938386,4.41875875e-05,167117360,141,76140736.0,242391.53125,46011404.0,36071.5,0.00029692962578125
1973,1,628380287,False,0.0,0,0,0,0.0,0.0,0.0,0.0,0.0,167117360,599626927,5692570624.0,21612600.0,0.0,0.0,0.026475435
1974,1,628382360,False,0.0197217501699924,8850,3290,3400,3.00852309588636e-05,1.58429099883506e-06,0.00040719605749473,257.02099609375,1.57980288696289e-07,167117360,325,12276781056.0,81401400.0,33146.328125,128.963500976562,0.099716715
1975,2,628379938,False,0.0,0,0,0,0.0,0.0,0.0,0.0,0.0,167117360,1060,161402144.0,3118500.0,0.0,0.0,0.0038201625
1976,1,628381904,False,0.0819732323288918,7100,4020,600,0.00204960082258972,6.29345254823878e-06,0.00143252271037171,227.621118836052,1.07626406494141e-05,167117360,541,246731382784.0,1396026908.0,1999840.25,8785.8291015625,1.7101329623
1977,1,628380645,False,0.0269421674311161,9030,3820,3230,9.59809891964458e-05,3.30734133058286e-06,0.000795556581579149,240.542633056641,5.04004918670654e-07,167117360,1079,23062147072.0,124399800.0,98967.078125,411.432586669922,0.152389755
1978,1,628382040,False,0.132363200187683,5140,5470,5640,0.000580162506097332,0.000137270384584554,0.0406192727386951,295.907043457031,3.04648617553711e-06,167117360,452,2204343808.0,18117000.0,735899.375,2486.92749023438,0.022193325
1979,3,628387356,False,0.0,0,0,0,0.0,0.0,0.0,0.0,0.0,167117360,1039,10564861440.0,73461600.0,0.0,0.0,0.08999046
1980,2,628378481,False,0.0,0,0,0,0.0,0.0,0.0,0.0,0.0,167117360,201,147066601472.0,682217984.0,0.0,0.0,0.8357170304
1981,2,628378511,False,0.0,0,0,0,0.0,0.0,0.0,0.0,0.0,167117360,214,47094714368.0,354494688.0,0.0,0.0,0.4342559928
1982,3,628385016,False,0.365291476249695,6030,6060,5920,0.0374418639140895,0.00163008816238828,0.583418789356084,357.906279437858,0.000196610638574219,167117360,347,12326332416.0,98460000.0,57443414.0,160498.48046875,0.1206135
1983,2,628378464,False,0.0,0,0,0,0.0,0.0,0.0,0.0,0.0,167117360,189,7567814144.0,40812300.0,0.0,0.0,0.0499950675
1984,3,628385460,False,0.132363200187683,5140,5470,5640,0.000580162506097332,6.86351904353473e-05,0.0203096366672186,295.907049115713,3.04648617553711e-06,167117360,452,4457495808.0,36234000.0,735899.375,2486.92749023438,0.04438665
1985,3,628384841,False,0.0,0,0,0,0.0,0.0,0.0,0.0,0.0,167117360,280,2257864192.0,14009400.0,0.0,0.0,0.017161515
1986,1,628380263,False,0.0,0,0,0,0.0,0.0,0.0,0.0,0.0,167117360,526157192,27013314560.0,167212800.0,0.0,0.0,0.20483568
1987,1,628383915,False,0.0,0,0,0,0.0,0.0,0.0,0.0,0.0,167117360,62,1679203712.0,67094100.0,0.0,0.0,0.0821902725
1988,1,628381622,False,0.0,0,0,0,0.0,0.0,0.0,0.0,0.0,167117360,643,14076780544.0,66125700.0,0.0,0.0,0.0810039825
1989,3,628384861,False,0.0,0,0,0,0.0,0.0,0.0,0.0,0.0,167117360,289,157735280640.0,854308800.0,0.0,0.0,1.04652828
1990,3,628385828,False,0.141766011714935,7620,4560,5720,0.00113871448263975,4.08931512431534e-05,0.010648017068341,260.386317626324,5.97949349154234e-06,167117360,609,16521181184.0,119365200.0,1271002.68696594,4881.21917676926,0.14622237
1991,3,628384134,True,0.920122146606445,7670,6970,5720,0.982257619391045,0.114924205287564,154.341389358367,1342.9841778951,0.00515792424853594,167117360,8,11886207464.4658,36637629.0915604,5654702576.78796,4210550.40696812,0.0448810956371614
1992,3,628385274,False,0.10989423841238,8190,5490,7770,0.00222104768800329,6.24806458516975e-07,0.000160770868344836,257.313070556982,1.16629237594604e-05,167117360,375,3080192516096.0,15237925216.0,2449814.46875,9520.75408935547,18.6664583896
1993,1,628382007,False,0.18589574098587,8970,3420,3350,0.000819531834597114,1.11548962556931e-05,0.00302405056817424,271.096252161993,4.30343632736206e-06,167117360,475,53907764224.0,314929800.0,952363.640625,3513.00924682617,0.385789005
1994,3,628385572,False,0.212471261620522,7870,2310,4690,0.00879010069571189,1.99573083877548e-05,0.00606030498836314,303.663443517342,4.61576195800781e-05,167117360,502,376704188416.0,1888014592.0,11441944.25,37679.689453125,2.3128178752
1995,1,628378672,False,0.0,0,0,0,0.0,0.0,0.0,0.0,0.0,167117360,312782550,22818744320.0,107853296.0,0.0,0.0,0.1321202876
1996,3,628384358,False,0.0944890454411507,11160,6180,8270,0.00375414271086267,1.75802097744898e-05,0.00503963797848067,286.665406336252,1.97133453979492e-05,167117360,101,118980222976.0,915377408.0,4613170.75,16092.5268554688,1.1213373248
1997,2,628380063,False,0.0133976573124528,2290,3800,6610,6.95042221844842e-06,2.3876899035713e-07,6.02853797317948e-05,252.484115600586,3.64973002910614e-08,167117360,204,15273351168.0,124780496.0,7522.439453125,29.7937145233154,0.1528561076
1998,3,628387164,False,0.0,0,0,0,0.0,0.0,0.0,0.0,0.0,167117360,971,50705360896.0,1228849152.0,0.0,0.0,1.5053402112
1999,2,628379901,False,0.0,0,0,0,0.0,0.0,0.0,0.0,0.0,167117360,1044,3544477440.0,27514800.0,0.0,0.0,0.03370563
2000,3,628387447,False,0.0,0,0,0,0.0,0.0,0.0,0.0,0.0,167117360,1066,33123638272.0,186256800.0,0.0,0.0,0.22816458
2001,2,628378819,False,0.0,0,0,0,0.0,0.0,0.0,0.0,0.0,167117360,358,4463714816.0,21245400.0,0.0,0.0,0.026025615
2002,1,628380292,False,0.037153247743845,6160,6640,3580,0.000339720293681711,5.54165308130905e-05,0.0139376670122147,251.507400512695,1.78390221252441e-06,167117360,1139,4903424000.0,26278200.0,366256.8125,1456.24670410156,0.032190795
2003,3,628385899,False,0.0846468210220337,7370,6490,3500,0.00370103684008046,7.05762000971821e-06,0.00164844688799117,233.569799127933,1.94344816322327e-05,167117360,647,333195231232.0,2247908352.0,3705557.52734375,15864.8829650879,2.7536877312
2004,1,628381129,False,0.0,0,0,0,0.0,0.0,0.0,0.0,0.0,167117360,812,416585984.0,20844000.0,0.0,0.0,0.0255339
2005,1,628381717,False,0.0,0,0,0,0.0,0.0,0.0,0.0,0.0,167117360,611,608297088.0,21505500.0,0.0,0.0,0.0263442375
2006,2,628382846,False,0.0,0,0,0,0.0,0.0,0.0,0.0,0.0,167117360,312782640,4450632704.0,27284400.0,0.0,0.0,0.03342339
2007,2,628379333,False,0.0846626460552216,5800,5560,9000,0.00466069825928054,5.69161211665121e-06,0.00148194480575723,260.373471590183,2.44737511749268e-05,167117360,776,180801379840.0,3510178132.0,5201890.25,19978.5723876953,4.2999682117
2008,2,628378577,False,0.0,0,0,0,0.0,0.0,0.0,0.0,0.0,167117360,243,1296757248.0,13707000.0,0.0,0.0,0.016791075
2009,1,628381238,False,0.0535431578755379,7760,2190,1000,0.000346664931923103,8.80629977473291e-06,0.0020274231210351,230.224166870117,1.820369140625e-06,167117360,735,30266529792.0,168744608.0,342116.71875,1486.015625,0.2067121448
2010,3,628385600,False,0.42599681019783,5610,6260,5910,0.333847037527983,0.00391240161408949,1.55308684734836,396.965087059398,0.001753061209375,167117360,515,54874230784.0,365777984.0,568084976.0,1431070.375,0.4480780304
2011,3,628386013,False,0.0,0,0,0,0.0,0.0,0.0,0.0,0.0,167117360,706,8650589440.0,52313400.0,0.0,0.0,0.064083915
2012,3,628387135,False,0.00110816222149879,11690,7030,3830,4.91478700090461e-07,4.11572748004411e-08,9.14132278992897e-06,222.107096114901,2.58079943060875e-09,167117360,963,1280147264.0,51188400.0,467.9296875,2.1067750453949,0.06270579
2013,3,628384704,False,0.0,0,0,0,0.0,0.0,0.0,0.0,0.0,167117360,312782620,25538270208.0,136285200.0,0.0,0.0,0.16694937
2014,2,628378305,False,0.0689749643206596,5780,6890,6700,0.00063701298743247,8.70186067913892e-06,0.00191651307977736,220.241744995117,3.34501323242187e-06,167117360,125,2208678912.0,313797600.0,601397.1875,2730.623046875,0.38440206
2015,1,628380628,False,0.494231253862381,8030,6200,4120,0.112851050374939,2.52103163802531e-05,0.0064100157469511,254.261611938477,0.000592591146875,167117360,1089,3398447091712.0,19188488192.0,122998512.0,483747.875,23.5058980352
2016,2,628378110,False,0.0,0,0,0,0.0,0.0,0.0,0.0,0.0,167117360,27,2554017792.0,30789000.0,0.0,0.0,0.037716525
2017,1,628381679,False,0.0,0,0,0,0.0,0.0,0.0,0.0,0.0,167117360,622,2028086784.0,21735000.0,0.0,0.0,0.026625375
2018,1,628381844,False,0.0,0,0,0,0.0,0.0,0.0,0.0,0.0,167117360,574,42809634816.0,310348800.0,0.0,0.0,0.38017728
2019,1,628381153,False,0.0,0,0,0,0.0,0.0,0.0,0.0,0.0,167117360,798,1146804720.0,48627900.0,0.0,0.0,0.0595691775
2020,3,628386160,False,0.0,0,0,0,0.0,0.0,0.0,0.0,0.0,167117360,772,196805148672.0,902304000.0,0.0,0.0,1.1053224
2021,1,628381126,False,0.0,0,0,0,0.0,0.0,0.0,0.0,0.0,167117360,814,38697041920.0,227124000.0,0.0,0.0,0.2782269
2022,3,628384426,False,0.245771840214729,6190,4630,6210,0.0124937377776523,0.000144917595118811,0.0602763085102588,415.935059237223,6.56057553192139e-05,167117360,127,77200847872.0,369559808.0,22275701.0,53555.7186279297,0.4527107648
2023,2,628378332,False,0.407403260469437,5400,6780,5910,0.0632382738797817,0.00407993653789163,1.31302928924561,321.825927734375,0.0003320699375,167117360,133,4625801728.0,66441600.0,87239768.0,271077.5,0.08139096
2024,1,628380790,False,0.148318231105804,3390,2400,5690,0.00197853642521027,7.8190905220596e-06,0.00232742959709492,297.659886470001,1.03894750244141e-05,167117360,972,188127188096.0,1084679104.0,2524514.25,8481.2041015625,1.3287319024
2025,2,628378674,False,0.072149932384491,5630,4140,6860,0.000563703963779421,1.57440390466945e-05,0.00443806173279881,281.888366699219,2.96006087036133e-06,167117360,301,10279348992.0,153478800.0,681148.375,2416.37622070312,0.18801153
2026,3,628387554,False,0.0341513827443123,12860,6920,6610,0.00145947136936461,7.46559675312753e-06,0.002141131459742,286.799773754862,7.66381712646484e-06,167117360,1107,77533511680.0,838000960.0,1794270.21875,6256.17724609375,1.026551176
2027,2,628378177,False,0.0,0,0,0,0.0,0.0,0.0,0.0,0.0,167117360,59,12177708032.0,79384496.0,0.0,0.0,0.0972460076
2028,2,628379285,False,0.0251355543732643,7080,3990,7910,0.000165061262192565,9.56026610765548e-07,0.000195931424968876,204.943496704102,8.66751725769043e-07,167117360,733,136100724736.0,740097024.0,145008.265625,707.552429199219,0.9066188544
2029,3,628386065,False,0.227159053087234,2540,4150,5800,0.00541353976607465,1.84255192496792e-05,0.00422838827192976,229.485433470397,2.84269905151367e-05,167117360,731,210699114008.0,1259432976.0,5325371.625,23205.7065429688,1.5428053956
2030,2,628378459,False,0.0,0,0,0,0.0,0.0,0.0,0.0,0.0,167117360,187,53416988672.0,245393104.0,0.0,0.0,0.3006065524
2031,1,628383664,False,0.154337227344513,8720,3650,4350,0.00222109594254163,4.11367636843352e-06,0.0015456227120012,375.727844238281,1.16631771484375e-05,167117360,128,280065409024.0,2314465280.0,3577290.0,9520.9609375,2.835219968
2032,2,628378189,False,0.0,0,0,0,0.0,0.0,0.0,0.0,0.0,167117360,66,887408512.0,8047800.0,0.0,0.0,0.009858555
2033,2,628378227,False,0.0,0,0,0,0.0,0.0,0.0,0.0,0.0,167117360,91,86855843840.0,386943296.0,0.0,0.0,0.4740055376
2034,2,628378098,False,0.0508709289133549,7780,1020,9160,0.000277733911253469,1.07684972566045e-06,0.000225039859570834,208.979817896888,1.4584060710907e-06,167117360,22,205656583936.0,1105572616.0,248797.90625,1190.5355682373,1.3543264546
2035,1,628380784,False,0.0,0,0,0,0.0,0.0,0.0,0.0,0.0,167117360,974,147533709312.0,547686016.0,0.0,0.0,0.6709153696
2036,1,628378383,False,0.0,0,0,0,0.0,0.0,0.0,0.0,0.0,167117360,589508455,4287056128.0,38315700.0,0.0,0.0,0.0469367325
2037,2,628378461,False,0.0360628217458725,2330,3760,6650,6.34381299674634e-05,3.91248022424406e-06,0.000948549073655158,242.44189453125,3.33119400024414e-07,167117360,188,6161911296.0,69504304.0,65928.2421875,271.934204101562,0.0851427724
2038,2,628379306,False,0.252721220254898,5170,7250,6930,0.0264486297536385,6.58903663861565e-05,0.0154128530994058,233.916656494141,0.000138884164453125,167117360,754,319762989056.0,1720658688.0,26520260.0,113374.828125,2.1078068928
2039,1,628378551,False,0.0,0,0,0,0.0,0.0,0.0,0.0,0.0,167117360,312782616,28206692352.0,109932304.0,0.0,0.0,0.1346670724
2040,1,628380077,False,0.126612171530724,9950,2440,3350,0.0012211746542477,3.56137206836138e-05,0.00969304237514734,272.171569824219,6.41249936523437e-06,167117360,484682508,20290717696.0,146985296.0,1424734.75,5234.693359375,0.1800569876
2041,2,628379695,False,0.0,0,0,0,0.0,0.0,0.0,0.0,0.0,167117360,927,744385984.0,11122200.0,0.0,0.0,0.013624695
2042,1,628382931,False,0.0,0,0,0,0.0,0.0,0.0,0.0,0.0,167117360,187,47949729792.0,245393104.0,0.0,0.0,0.3006065524
2043,3,628386398,False,0.55791974067688,7530,4620,6060,0.0111407320592151,7.9425694470423e-06,0.0029469606471576,371.033664459176,5.85009990253795e-05,167117360,864,1039107904000.0,6012653448.0,17719053.0962524,47755.9175717384,7.3655004738
2044,2,628378269,False,0.0781439244747162,5530,5400,10080,0.00136517920802797,5.34144003556599e-06,0.00113668596106178,212.805152448245,7.16868039674759e-06,167117360,111,193730035328.0,1095581708.0,1245332.34667969,5851.98399734497,1.3420875923
2045,1,628380766,False,0.0385484620928764,10650,3950,5380,0.000101063105843773,1.66133737499759e-07,5.07749241594227e-05,305.626809602693,5.30691576194763e-07,167117360,987,393435810944.0,2607643816.0,132402.916992188,433.217613220215,3.1943636746
2046,1,628381860,False,0.0,0,0,0,0.0,0.0,0.0,0.0,0.0,167117360,565,27648929792.0,129204000.0,0.0,0.0,0.1582749
2047,2,628378211,False,0.122425585985184,8770,6030,7290,0.00248375782497469,2.16252101381542e-05,0.00493161845952272,228.049514770508,1.30424386230469e-05,167117360,78,3337208320.0,492336896.0,2428017.75,10646.888671875,0.6031126976
2048,1,628381913,False,0.35121214389801,6600,5600,3420,0.0083407626361608,6.03282808618113e-05,0.0303747987614895,503.491866958159,4.37981044921875e-05,167117360,536,118094577664.0,592649984.0,18001624.0,35753.5546875,0.7259962304
2049,3,628387102,False,0.0984489470720291,4270,5320,3080,0.00184377656405653,4.82569519309866e-06,0.00125335971947961,259.726250690691,9.68183871612549e-06,167117360,952,256537706496.0,1637803776.0,2052757.28125,7903.54180908203,2.0063096256
2050,3,628387655,False,0.0,0,0,0,0.0,0.0,0.0,0.0,0.0,167117360,526157196,12640046592.0,100999800.0,0.0,0.0,0.123724755
2051,2,628380233,False,0.390092104673386,7380,7240,5800,0.0135350284263381,0.00158101564738899,0.464254677295685,293.643310546875,7.10736673828125e-05,167117360,10671,1379418880.0,36697500.0,17036986.0,58019.3203125,0.0449544375
2052,3,628384767,False,0.0,0,0,0,0.0,0.0,0.0,0.0,0.0,167117360,249,12802185216.0,71445600.0,0.0,0.0,0.08752086
2053,3,628386054,False,0.0,0,0,0,0.0,0.0,0.0,0.0,0.0,167117360,727,125534195712.0,820375168.0,0.0,0.0,1.0049595808
2054,2,628379357,False,0.0,0,0,0,0.0,0.0,0.0,0.0,0.0,167117360,798,1730128128.0,48627900.0,0.0,0.0,0.0595691775
2055,2,628379716,False,0.0,0,0,0,0.0,0.0,0.0,0.0,0.0,167117360,939,1331697024.0,9543600.0,0.0,0.0,0.01169091
2056,3,628386076,False,0.0251355543732643,7080,3990,7910,0.000165061262192565,4.7801329167297e-07,9.79657132258648e-05,204.943492016719,8.66751725769043e-07,167117360,733,273166843904.0,1480194048.0,145008.265625,707.552429199219,1.8132377088
2057,1,628381109,False,0.219673931598663,6400,7110,4830,0.00184831363931271,2.14484484647669e-05,0.00758563057513016,353.668032799247,9.70566331164837e-06,167117360,824,27279693504.0,369396904.0,2802108.44934082,7922.99045848846,0.4525112074
2058,1,628381228,False,0.0,0,0,0,0.0,0.0,0.0,0.0,0.0,167117360,744,279530048.0,30121200.0,0.0,0.0,0.03689847
2059,2,628379680,False,0.158946961164474,12040,4600,7220,0.0100432034799732,0.000207220233278349,0.052812360227108,254.861038208008,5.27377764648437e-05,167117360,153,9625115648.0,207756000.0,10972085.0,43051.24609375,0.2545011
2060,2,628379822,False,0.108742147684097,4220,5020,9540,0.00229064421621442,4.74820662930142e-05,0.0102302841842175,215.455749511719,1.20283814697266e-05,167117360,996,31390580736.0,206795696.0,2115578.75,9819.0869140625,0.2533247276
2061,2,628378786,False,0.627044081687927,7700,5860,6190,0.582466840762537,0.00557639231582735,2.04803452685886,367.268730545728,0.00305858644680176,167117360,331,69670411456.0,447745625.0,916998499.25,2496805.26269531,0.548488390625
2062,2,628379055,False,0.0,0,0,0,0.0,0.0,0.0,0.0,0.0,167117360,576,505168640.0,2532600.0,0.0,0.0,0.003102435
2063,2,628380060,False,0.0,0,0,0,0.0,0.0,0.0,0.0,0.0,167117360,599626927,5605707776.0,21612600.0,0.0,0.0,0.026475435
2064,2,628378853,False,0.17228727042675,5740,6880,6710,0.00107984572580496,0.000219110937905498,0.0568750575184822,259.571960449219,5.67036828613281e-06,167117360,390,2519639040.0,21125700.0,1201525.375,4628.8720703125,0.0258789825
2065,3,628385866,False,0.050979096442461,8250,2250,6960,0.000242015746065792,5.6097695548651e-06,0.00141954880712911,253.049397706185,1.27084673156738e-06,167117360,628,26658415616.0,184932000.0,262520.0,1037.42590332031,0.2265417
2066,2,628378970,False,0.176198288798332,4290,1030,6680,0.0120419147161663,4.69149444752585e-06,0.00113739170939191,242.436972293921,6.32331912597656e-05,167117360,500,2108857690880.0,11002662844.0,12514337.5,51618.931640625,13.4782619839
2067,3,628385698,False,0.0997548401355743,12920,7180,7330,0.00193309270305475,6.29865125729245e-05,0.0143183828555417,227.324585385866,1.01508458992004e-05,167117360,553,652518720.0,131558400.0,1883703.5390625,8286.40481567383,0.16115904
2068,3,628387206,False,0.430575639009476,8580,5810,4660,0.0801086949587826,2.75198320881918e-05,0.00648347406015247,235.592791386776,0.000420658055574703,167117360,983,579366747486.0,12478067816.0,80901229.0058594,343394.33108139,15.2856330746
2069,2,628379213,False,0.0,0,0,0,0.0,0.0,0.0,0.0,0.0,167117360,680,299907840.0,4333500.0,0.0,0.0,0.0053085375
2070,2,628379767,False,0.0875949487090111,5630,6120,8590,0.00122110266400107,1.19581609396846e-05,0.00350274774245918,292.916931152344,6.41212133789062e-06,167117360,966,70427426816.0,437724896.0,1533239.875,5234.384765625,0.5362129976
2071,3,628387496,False,0.0,0,0,0,0.0,0.0,0.0,0.0,0.0,167117360,1086,34105922560.0,137471392.0,0.0,0.0,0.1684024552
2072,2,628379426,False,0.0340907461941242,8650,1490,6120,8.6954706556066e-05,7.18507010333269e-07,0.000170971979969181,237.954498291016,4.56607086181641e-07,167117360,842,103717928960.0,518770816.0,88695.2734375,372.740478515625,0.6354942496
2073,2,628380022,False,0.0,0,0,0,0.0,0.0,0.0,0.0,0.0,167117360,1111,35427794944.0,158852704.0,0.0,0.0,0.1945945624
2074,3,628384958,False,0.324596226215363,6270,1760,1650,0.0312964597960322,2.37065763561064e-05,0.00519045505546867,218.945788607375,0.000164340561669922,167117360,329,1319489560576.0,5659001896.0,29372795.0,134155.560546875,6.9322773226
2075,3,628385365,False,0.169328525662422,7900,4430,4540,0.000990909294065829,3.49812208464895e-05,0.0107045812600575,306.009367341215,5.20335498046875e-06,167117360,422,16254848512.0,121426200.0,1299816.625,4247.63671875,0.148747095
2076,3,628385909,False,0.0,0,0,0,0.0,0.0,0.0,0.0,0.0,167117360,653,5108802304.0,27298800.0,0.0,0.0,0.03344103
2077,2,628379598,False,0.0,0,0,0,0.0,0.0,0.0,0.0,0.0,167117360,859,2475673344.0,12558600.0,0.0,0.0,0.015384285
2078,1,628382810,False,0.0268178805708885,7550,2670,4760,9.94297292331991e-05,7.4226392143828e-07,0.000180432805791497,243.084426879883,5.22114566802978e-07,167117360,215,97019551744.0,574210816.0,103606.46875,426.215972900391,0.7034082496
2079,1,628382653,False,0.0,0,0,0,0.0,0.0,0.0,0.0,0.0,167117360,246,9485543424.0,61999200.0,0.0,0.0,0.07594902
2080,2,628379589,False,0.0427424795925617,8420,2190,7070,4.1014773542672e-05,6.0819644431831e-07,0.000151185202412307,248.579559326172,2.15372312545776e-07,167117360,851,44343046144.0,289074592.0,43703.80078125,175.81413269043,0.3541163752
2081,1,628381156,False,0.217874735593796,6140,5340,4900,0.00458371377472503,2.42609712586273e-05,0.0112146269530058,462.249725341797,2.40694986328125e-05,167117360,797,174544957440.0,809883904.0,9082546.0,19648.5703125,0.9921077824
2082,1,628382219,False,0.0,0,0,0,0.0,0.0,0.0,0.0,0.0,167117360,358,4491589632.0,21245400.0,0.0,0.0,0.026025615
2083,3,628387717,False,0.228028833866119,6180,6940,5790,0.0181559069380672,0.00131468420044925,0.389083286034758,295.951899248352,9.53383214355469e-05,167117360,286,5973064192.0,59198400.0,23033108.0,77827.201171875,0.07251804
2084,3,628384255,False,0.0,0,0,0,0.0,0.0,0.0,0.0,0.0,167117360,52,176808476672.0,1185372032.0,0.0,0.0,1.4520807392
2085,1,628382783,False,0.0147004872560501,12820,6490,5660,2.79291775349366e-05,6.65284960632562e-06,0.00171776569914073,258.200012207031,1.46658655738831e-07,167117360,222,1428359552.0,17995500.0,30912.052734375,119.721351623535,0.0220444875
2086,3,628385316,False,0.0,0,0,0,0.0,0.0,0.0,0.0,0.0,167117360,398,110269390848.0,808777824.0,0.0,0.0,0.9907528344
2087,1,628380688,False,0.0,0,0,0,0.0,0.0,0.0,0.0,0.0,167117360,1047,175632973824.0,576721792.0,0.0,0.0,0.7064841952
2088,1,628380599,False,0.0,0,0,0,0.0,0.0,0.0,0.0,0.0,167117360,1106,44984053760.0,242915392.0,0.0,0.0,0.2975713552
2089,3,628385605,False,0.00238992786034942,12090,3760,6670,1.30180564288909e-06,3.47936237911116e-09,8.93207973551062e-07,256.715994549335,6.83590003252029e-09,167117360,519,327888155904.0,1603835976.0,1432.55908203125,5.58032655715942,1.9646990706
2090,3,628385875,False,0.164231553673744,7890,2290,7070,0.00131435711515726,3.90151950667611e-06,0.00140367652492038,359.776882447588,6.90180895690918e-06,167117360,632,137733627904.0,1444086016.0,2027029.640625,5634.12976074219,1.7690053696
2091,2,628378591,False,0.0,0,0,0,0.0,0.0,0.0,0.0,0.0,167117360,251,38088859648.0,212493600.0,0.0,0.0,0.26030466
2092,2,628382725,False,0.0,0,0,0,0.0,0.0,0.0,0.0,0.0,167117360,312782616,23726311424.0,109932304.0,0.0,0.0,0.1346670724
2093,3,628386414,False,0.426997363567352,5270,3620,1090,0.0384371609681238,0.000147869681407235,0.0328246492545552,221.983634117366,0.000201837034082031,167117360,873,174887976960.0,1114257664.0,36575117.0,164764.92578125,1.3649656384
2094,3,628385554,False,0.621113538742065,7820,6290,6060,0.288803828439318,0.00259401892277709,0.937304855140336,361.333083159194,0.0015165352147644,167117360,491,77330220384.0,477247070.0,447325995.8125,1237987.93041992,0.58462766075
2095,3,628387693,False,0.0,0,0,0,0.0,0.0,0.0,0.0,0.0,167117360,10704,96775143424.0,617394624.0,0.0,0.0,0.7563084144
2096,3,628387389,False,0.0960081070661545,12200,6820,6280,0.000526903278718745,9.5648629108546e-07,0.000259582743480147,271.392016696405,2.76681712036133e-06,167117360,1048,285042638848.0,2361378560.0,612973.125,2258.62622070312,2.892688736
2097,2,628378697,False,0.0,0,0,0,0.0,0.0,0.0,0.0,0.0,167117360,319,119810109440.0,668334592.0,0.0,0.0,0.8187098752
2098,2,628379128,False,0.723788797855377,7010,6910,5780,1.15664950732347,0.0141571799845386,5.03875916446543,355.915455618165,0.00607367194013672,167117360,157,33635813728.0,350218020.0,1764664257.83594,4958099.54296875,0.4290170745
2099,1,628380637,False,0.05840003490448,9650,3210,3270,0.000617384880862145,6.4155583459069e-06,0.00152766262181103,238.118423461914,3.2419442565918e-06,167117360,1084,63185633280.0,412510496.0,630176.875,2646.48510742188,0.5053253576
2100,3,628385345,False,0.00054084463045001,10520,6550,8180,2.93685701049347e-07,5.59168674250333e-09,1.30398598180118e-06,233.200828631791,1.54217037260532e-09,167117360,413,1385919904.0,225140400.0,293.579925537109,1.2589145898819,0.27579699
2101,2,628378441,False,0.0,0,0,0,0.0,0.0,0.0,0.0,0.0,167117360,177,2840577024.0,13496400.0,0.0,0.0,0.01653309
2102,3,628387609,False,0.037153247743845,6160,6640,3580,0.000339720293681711,2.77082658648911e-05,0.00696883371958506,251.507393265459,1.78390221252441e-06,167117360,1139,10306902016.0,52556400.0,366256.8125,1456.24670410156,0.06438159
2103,3,628387679,False,0.255339682102203,7230,270,6940,0.0161444058467562,7.32071255283862e-06,0.00165153871213725,225.598082183525,8.47757459461743e-05,167117360,254,1510163393268.55,9453272488.0,15612445.470314,69204.6905683056,11.5802587978
2104,1,628380294,False,0.0121902441605926,10240,6200,3780,5.36503272793023e-05,1.32737571234412e-07,2.54984160987946e-05,192.096449118877,2.81722756385803e-07,167117360,1132,265275353088.0,1732574720.0,44177.9111328125,229.977760314941,2.122404032
2105,3,628384823,False,0.395581960678101,5110,6380,5890,0.0908203435918495,0.00238744982080831,0.871267955963735,364.936656833588,0.0004769058984375,167117360,272,16416954880.0,163065600.0,142073832.0,389310.9375,0.19975536
2106,2,628379812,False,0.0,0,0,0,0.0,0.0,0.0,0.0,0.0,167117360,988,38416351232.0,238410896.0,0.0,0.0,0.2920533476
2107,1,628380069,False,0.190638884902,6880,5370,3140,0.00220987343767105,0.00059925951063633,0.265533864498138,443.103302001953,1.16042467529297e-05,167117360,484682528,2540372992.0,15807600.0,4197453.0,9472.8544921875,0.01936431
2108,3,628384645,False,0.0,0,0,0,0.0,0.0,0.0,0.0,0.0,167117360,312782640,10291185664.0,54568800.0,0.0,0.0,0.06684678
2109,2,628378413,False,0.0,0,0,0,0.0,0.0,0.0,0.0,0.0,167117360,163,63647469568.0,361639808.0,0.0,0.0,0.4430087648
2110,3,628385398,False,0.0,0,0,0,0.0,0.0,0.0,0.0,0.0,167117360,434,130884657152.0,875204992.0,0.0,0.0,1.0721261152
2111,1,628381189,False,0.0,0,0,0,0.0,0.0,0.0,0.0,0.0,167117360,773,25086027776.0,127188896.0,0.0,0.0,0.1558063976
2112,2,628380002,False,0.0389640741050243,13050,6760,7130,0.00116364294242213,1.00298384495545e-05,0.00294586457312107,293.710083007812,6.11039510498047e-06,167117360,1098,64996986880.0,497323808.0,1465048.625,4988.07763671875,0.6092216648
2113,3,628385420,False,0.14820870757103,9310,1160,6670,0.00545908510183679,3.12047488087973e-05,0.00751735595645994,240.904229113379,2.86661532226562e-05,167117360,442,81172107264.0,749916032.0,5637385.75,23400.94140625,0.9186471392
2114,2,628378083,False,0.0,0,0,0,0.0,0.0,0.0,0.0,0.0,167117360,17,193013612544.0,940414528.0,0.0,0.0,1.1520077968
2115,2,628378518,False,0.0,0,0,0,0.0,0.0,0.0,0.0,0.0,167117360,217,27970435072.0,159162304.0,0.0,0.0,0.1949738224
2116,3,628386120,False,0.254271984100342,5280,7160,3160,0.0361833039957532,4.50709755315518e-05,0.0104174936755383,231.13530498681,0.00019000182578125,167117360,754,619903549440.0,3441317376.0,35849902.0,155103.53125,4.2156137856
2117,1,628380920,False,0.127360254526138,9890,3960,1040,0.00390578778042121,5.83336415406028e-06,0.00137246886892719,235.279134420553,2.05096474739075e-05,167117360,918,418065915904.0,2870139584.0,3939177.22851562,16742.5693664551,3.5159209904
2118,3,628386091,False,0.0,0,0,0,0.0,0.0,0.0,0.0,0.0,167117360,743,79908188160.0,560331008.0,0.0,0.0,0.6864054848
2119,2,628383021,False,0.0356539972126484,8990,5580,8230,6.21728330378193e-05,1.4056431609788e-06,0.000274718942819163,195.440017700195,3.26475210571289e-07,167117360,589508447,30202445824.0,189600304.0,52086.79296875,266.510375976562,0.2322603724
2120,2,628379687,False,0.0339027866721153,9180,3900,10550,0.000131421384659287,1.58509119745631e-06,0.000330571451766806,208.550430598122,6.901056640625e-07,167117360,922,46269181056.0,355406404.0,117487.2109375,563.3515625,0.4353728449
2121,1,628380262,False,0.0,0,0,0,0.0,0.0,0.0,0.0,0.0,167117360,526157196,6508696064.0,50499900.0,0.0,0.0,0.0618623775
2122,3,628384480,False,0.199697360396385,11860,5150,3460,0.0284910377026308,0.000141170734060427,0.039482665304706,279.680243695594,0.000149609034667969,167117360,145,38754694144.0,865121408.0,34157299.0,122129.82421875,1.0597737248
2123,1,628383115,False,0.0,0,0,0,0.0,0.0,0.0,0.0,0.0,167117360,132,931658880.0,9615600.0,0.0,0.0,0.01177911
2124,2,628380171,False,0.0,0,0,0,0.0,0.0,0.0,0.0,0.0,167117360,549009227,3130707712.0,20026800.0,0.0,0.0,0.02453283
2125,2,628378036,False,0.399093061685562,7450,6830,6720,0.028983466481133,0.00256108772009611,0.730144500732422,285.091583251953,0.000152194823046875,167117360,1,6068932096.0,48510900.0,35419968.0,124240.671875,0.0594258525
2126,1,628382585,False,0.118217147886753,5190,6480,5140,0.000861540599658671,8.86690613697283e-05,0.0333915539085865,376.586273193359,4.52402817993164e-06,167117360,263,7466366976.0,41650200.0,1390764.875,3693.08422851562,0.051021495
2127,1,628382437,False,0.0,0,0,0,0.0,0.0,0.0,0.0,0.0,167117360,303,72632549376.0,346324512.0,0.0,0.0,0.4242475272
2128,2,628378847,False,0.0769979581236839,7700,2400,6420,0.000474140408143445,4.43161980001605e-07,0.00011558777623577,260.825103759766,2.48975447998047e-06,167117360,382,898201747456.0,4586252288.0,530114.6875,2032.45263671875,5.6181590528
2129,3,628385943,False,0.0,0,0,0,0.0,0.0,0.0,0.0,0.0,167117360,670,77538590720.0,381360608.0,0.0,0.0,0.4671667448
2130,3,628387534,False,0.26407378911972,8740,5170,7900,0.0142302708852671,1.59837896864322e-05,0.00452329277291881,282.992510640852,7.47244488750905e-05,167117360,1099,210591823584.0,3816338384.0,17262415.8313599,60999.5501021147,4.6750145204
2131,1,628378635,False,0.0,0,0,0,0.0,0.0,0.0,0.0,0.0,167117360,312782570,2356557568.0,17712000.0,0.0,0.0,0.0216972
2132,1,628381089,False,0.0800495594739914,8560,2060,4270,0.00106425630624301,2.80639596894616e-05,0.00634894147515297,226.231140136719,5.58850682373047e-06,167117360,834,24012525568.0,162558896.0,1032076.9375,4562.04638671875,0.1991346476
2133,3,628387701,False,0.14615161716938,6970,5290,5670,0.00338968308853156,0.000184161507208863,0.0607055408532891,329.632080956207,1.77995347167969e-05,167117360,560581559,16556906496.0,78899400.0,4789630.75,14530.232421875,0.096651765
2134,1,628380889,False,0.0,0,0,0,0.0,0.0,0.0,0.0,0.0,167117360,930,33102426112.0,218697296.0,0.0,0.0,0.2679041876
2135,1,628381219,False,0.403654038906097,11310,7210,4310,0.0296912208282234,0.000100325310104414,0.0225252072324198,224.521680610572,0.00015591130560379,167117360,752,22495028416.0,1268618408.0,28575892.5390625,127274.535186768,1.5540575498
2136,1,628381910,False,0.0,0,0,0,0.0,0.0,0.0,0.0,0.0,167117360,538,2964896000.0,70977600.0,0.0,0.0,0.08694756
2137,3,628384574,False,0.0360034741461277,4900,4780,1430,0.000111716772433522,1.32379106070739e-06,0.000184075937834924,139.052108220583,5.86634950065613e-07,167117360,180,67362940928.0,361753216.0,66590.0625,478.885673522949,0.4431476896
2138,2,628379921,False,0.0,0,0,0,0.0,0.0,0.0,0.0,0.0,167117360,1051,8637.193359375,1800.0,0.0,0.0,2.205e-06
2139,1,628382227,False,0.0,0,0,0,0.0,0.0,0.0,0.0,0.0,167117360,355,1365095296.0,9283500.0,0.0,0.0,0.0113722875
2140,2,628379996,False,0.245771840214729,6190,4630,6210,0.0106206035312192,0.000414171285228804,0.174394696950912,421.069030761719,5.57697567382812e-05,167117360,1096,23526103040.0,109921504.0,19169728.0,45526.33203125,0.1346538424
2141,2,628379788,False,0.0,0,0,0,0.0,0.0,0.0,0.0,0.0,167117360,977,25593970688.0,174786304.0,0.0,0.0,0.2141132224
2142,2,628379824,True,0.920122146606445,7670,6970,5720,0.979126375197132,0.116803094744682,161.048858642578,1378.80651855469,0.0051414818,167117360,997,11935291392.0,35933364.0,5787027456.0,4197128.0,0.0440183709
2143,3,628384462,False,0.0,0,0,0,0.0,0.0,0.0,0.0,0.0,167117360,139,203827773440.0,1285896576.0,0.0,0.0,1.5752233056
2144,1,628381374,False,0.0,0,0,0,0.0,0.0,0.0,0.0,0.0,167117360,648,358396919808.0,1472779776.0,0.0,0.0,1.8041552256
2145,3,628384372,False,0.0,0,0,0,0.0,0.0,0.0,0.0,0.0,167117360,106,1528950016.0,6501600.0,0.0,0.0,0.00796446
2146,3,628386910,False,0.291728377342224,10290,4110,1780,0.0353330769646759,1.47661112298052e-05,0.00329418654701483,223.091001804562,0.000185537206180668,167117360,909,1467888857088.0,10257199168.0,33789127.5092773,151458.943820953,12.5650689808
2147,3,628387125,False,0.403654038906097,11310,7210,4310,0.0394297428749797,1.91506382675057e-05,0.00431239276466162,225.182717381215,0.000207049172104645,167117360,960,414359811872.0,8825801520.0,38060322.6171875,169019.732330322,10.811606862
2148,3,628386463,False,0.0139522710815072,6840,3250,3440,1.23146722695849e-05,2.4760613182921e-08,6.90582586758765e-06,278.903669168866,6.46654660224915e-08,167117360,896,122469096960.0,2131939752.0,14722.8046875,52.7881355285645,2.6116261962
2149,1,628381964,False,0.0,0,0,0,0.0,0.0,0.0,0.0,0.0,167117360,506,565576192.0,5330700.0,0.0,0.0,0.0065301075
2150,2,628380109,False,0.0,0,0,0,0.0,0.0,0.0,0.0,0.0,167117360,182305713,896051200.0,11054700.0,0.0,0.0,0.0135420075
2151,1,628380695,False,0.0,0,0,0,0.0,0.0,0.0,0.0,0.0,167117360,1045,3516595712.0,26708400.0,0.0,0.0,0.03271779
2152,1,628381303,False,0.334316939115524,7160,6910,5110,0.0823068535723064,0.00142693961970508,0.529713034629822,371.22314453125,0.00043220078671875,167117360,693,36822327296.0,247254304.0,130973824.0,352816.96875,0.3028865224
2153,1,628380658,False,0.0,0,0,0,0.0,0.0,0.0,0.0,0.0,167117360,1066,17783676928.0,93128400.0,0.0,0.0,0.11408229
2154,3,628385747,False,0.0,0,0,0,0.0,0.0,0.0,0.0,0.0,167117360,574,89421492224.0,620697600.0,0.0,0.0,0.76035456
2155,3,628385765,False,0.0936682149767876,5490,4460,6240,0.000298435040565761,3.99442075868292e-06,0.00105601599167292,264.37274775758,1.56710958709717e-06,167117360,581,30800759808.0,320264992.0,338204.953125,1279.27313232422,0.3923246152
2156,1,628378589,False,0.0,0,0,0,0.0,0.0,0.0,0.0,0.0,167117360,312782598,1068504320.0,7261200.0,0.0,0.0,0.00889497
2157,2,628378095,False,0.46285691857338,4920,6750,8600,0.0524163136287462,0.000470177371421423,0.111185791987105,236.476272031068,0.00027524283828125,167117360,21,18787690752.0,477879296.0,53133388.0,224688.03125,0.5854021376
2158,2,628379658,False,0.0,0,0,0,0.0,0.0,0.0,0.0,0.0,167117360,905,12934600704.0,89691296.0,0.0,0.0,0.1098718376
2159,3,628384982,False,0.0,0,0,0,0.0,0.0,0.0,0.0,0.0,167117360,335,6998643200.0,48504600.0,0.0,0.0,0.059418135
2160,1,628380898,False,0.0,0,0,0,0.0,0.0,0.0,0.0,0.0,167117360,927,685121600.0,11122200.0,0.0,0.0,0.013624695
2161,2,628379659,False,0.0,0,0,0,0.0,0.0,0.0,0.0,0.0,167117360,906,25285791744.0,185507104.0,0.0,0.0,0.2272462024
2162,2,628379164,False,0.0,0,0,0,0.0,0.0,0.0,0.0,0.0,167117360,648,346052198400.0,1472779776.0,0.0,0.0,1.8041552256
2163,3,628384520,False,0.0,0,0,0,0.0,0.0,0.0,0.0,0.0,167117360,158,2207556864.0,47214000.0,0.0,0.0,0.05783715
2164,3,628387314,False,0.0971002951264381,5520,4640,4270,0.00106723364970241,3.24838283430963e-06,0.000737271220659921,226.965618975946,5.60414112548828e-06,167117360,1022,207524462592.0,1408334336.0,1038324.375,4574.80908203125,1.7252095616
2165,1,628383041,False,0.0199269838631153,6560,3110,3780,7.60771169810355e-05,7.12942437530728e-07,0.000194633277715184,273.0,3.99487872314453e-07,167117360,155,97359077376.0,457417792.0,89028.7265625,326.112548828125,0.5603367952
2166,1,628381093,False,0.00293790549039841,4040,4500,3320,1.76295989991812e-06,3.47822862067915e-07,6.73171016387641e-05,193.538452148438,9.25746304988861e-09,167117360,831,2934981120.0,21726900.0,1462.59191894531,7.55711269378662,0.0266154525
2167,3,628386318,False,0.0800495594739914,8560,2060,4270,0.00238896876843856,3.14980160473269e-05,0.00736723234297802,233.895123169297,1.25446926513672e-05,167117360,834,51306397696.0,325117792.0,2395218.3125,10240.5654296875,0.3982692952
2168,2,628378871,False,0.55791974067688,7530,4620,6060,0.00486240168845314,0.000225951314224729,0.114596136000971,507.171805546549,2.55329142578125e-05,167117360,406,13308179456.0,92246400.0,10571081.0,20843.1953125,0.11300184
2169,3,628387762,False,0.156522959470749,8540,5140,5490,0.00099105646400039,0.000217164947967785,0.0716496250460066,329.931813197751,5.20412778320312e-06,167117360,607344830,3027484928.0,19562400.0,1401638.625,4248.267578125,0.02396394
2170,3,628385450,False,0.131650388240814,4430,1650,2880,0.00100035479601719,1.0361846154057e-05,0.00240910481324654,232.49764351146,5.25295417175293e-06,167117360,450,76239761408.0,413838016.0,996979.15625,4288.12585449219,0.5069515696
2171,1,628382292,False,0.122846126556396,5990,3230,5510,0.000402336743832647,0.000185005541425198,0.0532779283821583,287.980163574219,2.11270689697266e-06,167117360,338,657268800.0,9322200.0,496667.5,1724.65869140625,0.011419695
2172,2,628380247,False,0.0,0,0,0,0.0,0.0,0.0,0.0,0.0,167117360,527696977,113169048.0,1668600.0,0.0,0.0,0.002044035
2173,2,628378557,False,0.0,0,0,0,0.0,0.0,0.0,0.0,0.0,167117360,234,22038288384.0,140768096.0,0.0,0.0,0.1724409176
2174,1,628382093,False,0.0,0,0,0,0.0,0.0,0.0,0.0,0.0,167117360,423,54119739392.0,214168496.0,0.0,0.0,0.2623564076
2175,1,628383910,False,0.260274142026901,6600,5630,4800,0.00828572290317298,0.00060415524058044,0.203756511211395,337.258544921875,4.35090858398437e-05,167117360,63,10646081536.0,58788900.0,11978621.0,35517.62109375,0.0720164025
2176,2,628380033,False,0.0,0,0,0,0.0,0.0,0.0,0.0,0.0,167117360,1120,3732919296.0,19517400.0,0.0,0.0,0.023908815
2177,3,628384928,False,0.000346401357091963,6200,6360,3390,2.1656047282965e-07,6.94494354553934e-10,1.44802077651239e-07,208.500006806021,1.13717877268791e-09,167117360,319,236222590976.0,1336669184.0,193.552474975586,0.928309202194214,1.6374197504
2178,1,628380982,False,0.0,0,0,0,0.0,0.0,0.0,0.0,0.0,167117360,893,12179225600.0,93616200.0,0.0,0.0,0.114679845
2179,3,628387212,False,0.137421384453773,3650,1960,3090,0.00934169224354198,3.91967097228844e-06,0.00096133829341401,245.259946615556,4.90540770507812e-05,167117360,985,2139988597760.0,10216200496.0,9821224.75,40044.14453125,12.5148456076
2180,1,628381074,False,0.527074873447418,5110,6920,2890,0.089027282262811,0.000149610122480656,0.0345386931876523,230.857996871956,0.000467490370040893,167117360,840,113636878592.0,2550795264.0,88101135.0078125,381624.791870117,3.1247241984
2181,3,628387647,False,0.0836901143193245,7750,2370,4840,0.000635446786649587,2.27893763696249e-06,0.000657944897672697,288.706846120478,3.33678896942139e-06,167117360,484682470,252063498240.0,1195254016.0,786411.28125,2723.90936279297,1.4641861696
2182,1,628382009,False,0.0,0,0,0,0.0,0.0,0.0,0.0,0.0,167117360,470,22014906368.0,87570000.0,0.0,0.0,0.10727325
2183,1,628380674,False,0.260053366422653,4810,4780,1430,0.00992925878133742,5.34882491293918e-05,0.0118023430169296,220.653007137679,5.21394424713135e-05,167117360,1057,139334226176.0,795741324.0,9391612.05859375,42562.8101806641,0.9747831219
2184,1,628380734,False,0.0855743810534477,7120,2830,770,0.00082843414194529,6.4959827769737e-06,0.00133471195845486,205.467287134137,4.35018315429687e-06,167117360,1011,125649859072.0,546671696.0,729649.25,3551.169921875,0.6696728276
2185,1,628381316,False,0.0,0,0,0,0.0,0.0,0.0,0.0,0.0,167117360,685,74292297728.0,417928512.0,0.0,0.0,0.5119624272
2186,1,628380663,False,0.0619423538446426,12140,3470,1760,0.00145233043809711,2.70637610810809e-06,0.000715571106411517,264.401947021484,7.62631944580078e-06,167117360,1064,492066930688.0,2300333312.0,1646052.0,6225.56689453125,2.8179083072
2187,1,628380082,False,0.0836901143193245,7750,2370,4840,0.000441283922892443,3.16520140586363e-06,0.000973777088802308,307.650909423828,2.31722208251953e-06,167117360,484682470,122491904000.0,597627008.0,581955.5,1891.60986328125,0.7320930848
2188,2,628378046,False,0.0235037431120872,10860,1160,6780,0.000117339188636436,2.51429922553875e-07,6.55883828060044e-05,260.861484344412,6.16158769780397e-07,167117360,4,420742029312.0,2000504736.0,131209.870429993,502.986750841141,2.4506183016
2189,1,628380266,False,0.0,0,0,0,0.0,0.0,0.0,0.0,0.0,167117360,917,372719040.0,4190400.0,0.0,0.0,0.00513324
2190,2,628378789,False,0.0,0,0,0,0.0,0.0,0.0,0.0,0.0,167117360,333,2438492672.0,16648200.0,0.0,0.0,0.020394045
2191,2,628378800,True,0.920122146606445,7670,6970,5720,0.962611005236563,0.11574167212934,156.593516371915,1352.9570939404,0.00505475808769531,167117360,343,11664674672.0,35651231.375,5582751684.0,4126333.1328125,0.043672758434375
2192,3,628386336,False,0.527074873447418,5110,6920,2890,0.183374501752267,0.000156152499436578,0.03723633027968,238.461314510074,0.000962916215134668,167117360,840,228478155264.0,5033887104.0,187443482.795166,786054.053171158,6.1665117024
2193,1,628382101,False,0.0404100492596626,7870,890,2410,0.000523033859916841,4.89583008322024e-06,0.00102924515910084,210.228938015727,2.74649844970703e-06,167117360,417,107846627584.0,457948808.0,471341.59375,2242.03955078125,0.5609872898
2194,3,628384168,False,0.527074873447418,5110,6920,2890,0.104452150602647,0.000468470922597785,0.106993227009358,228.388191984369,0.000548487758984375,167117360,21,32879805952.0,955758592.0,102259696.0,447745.109375,1.1708042752
2195,2,628379119,False,0.173002287745476,6020,7370,7860,0.00356477156974945,0.000106289158444753,0.0234509543716608,220.63355016448,1.87189402832031e-05,167117360,619,28071533056.0,143766004.0,3371450.0,15280.767578125,0.1761133549
2196,2,628379833,True,0.529010772705078,7760,6620,6070,0.0347458246215556,0.072765164077282,34.2433700561523,470.601135253906,0.000182453490625,167117360,1004,422017920.0,2046880.875,70092096.0,148941.625,0.002507429071875
2197,1,628382797,False,0.0324673503637314,8450,3100,3470,7.74461063495766e-05,6.1442818832802e-07,0.000156707770656794,255.046539306641,4.06676560211182e-07,167117360,218,79992791040.0,540308672.0,84670.5703125,331.980865478516,0.6618781232
2198,3,628385377,False,0.0,0,0,0,0.0,0.0,0.0,0.0,0.0,167117360,427,55846656000.0,428535008.0,0.0,0.0,0.5249553848
2199,3,628384605,False,0.567063987255096,7530,5980,6360,0.0908502805992191,0.000209594872682866,0.0671543432169529,320.400696626596,0.000477063100390625,167117360,194,258135998464.0,1858057216.0,124776612.0,389439.265625,2.2761200896
2200,3,628387615,False,0.0,0,0,0,0.0,0.0,0.0,0.0,0.0,167117360,599626923,714931776.0,13030200.0,0.0,0.0,0.015961995
2201,2,628378827,False,0.0,0,0,0,0.0,0.0,0.0,0.0,0.0,167117360,368,641028992.0,5916600.0,0.0,0.0,0.007247835
2202,2,628379245,False,0.0,0,0,0,0.0,0.0,0.0,0.0,0.0,167117360,702,66275717120.0,255314704.0,0.0,0.0,0.3127605124
2203,3,628386983,False,0.0215967353433371,5250,1570,9060,0.00015029113036616,4.30594795005944e-06,0.00107254007759865,249.083381879673,7.89192417907715e-07,167117360,182305693,27927878656.0,149616000.0,160469.15625,644.238708496094,0.1832796
2204,2,628379693,False,0.161529183387756,9960,4000,8800,0.00739359284982814,1.40331960542147e-05,0.00319875574588679,227.942069185734,3.88244296517372e-05,167117360,926,338017579008.0,2258460000.0,7224261.90185547,31693.4119606018,2.7666135
2205,2,628381704,False,0.0450369603931904,7120,3150,8200,0.000279805812905966,6.35865762887988e-06,0.00158170494250953,248.748245239258,1.46928581542969e-06,167117360,496345668,28471046144.0,188627392.0,298352.875,1199.4169921875,0.2310685552
2206,3,628384711,False,0.220406651496887,10630,7130,5700,0.00180327411944119,0.000128933921600147,0.0310017299082942,240.446653010659,9.46915668945312e-06,167117360,230,1743157568.0,59952600.0,1858634.3125,7729.923828125,0.073441935
2207,2,628380011,False,0.226925745606422,6290,4670,6380,0.0016175482819238,9.26254142541438e-05,0.0358827970921993,387.396881103516,8.49389339599609e-06,167117360,1104,15846289408.0,74858400.0,2686128.75,6933.79052734375,0.09170154
2208,1,628381252,False,0.0344307385385036,10660,4900,1740,0.000212161891987406,2.92038265570227e-07,6.68303691782057e-05,228.84114074707,1.1140814239502e-06,167117360,728,178275762176.0,3114161152.0,208120.546875,909.454223632812,3.8148474112
2209,3,628386030,False,0.0,0,0,0,0.0,0.0,0.0,0.0,0.0,167117360,718,133871427584.0,788106624.0,0.0,0.0,0.9654306144
2210,2,628379355,False,0.125611484050751,10150,3210,6150,0.0067699167737416,1.37391689349897e-05,0.0047079767100513,342.668243408203,3.55494497558594e-05,167117360,795,311427061504.0,2112206336.0,9944218.0,29019.958984375,2.5874527616
2211,1,628381800,False,0.0,0,0,0,0.0,0.0,0.0,0.0,0.0,167117360,587,6914735104.0,41567400.0,0.0,0.0,0.050920065
2212,3,628385740,False,0.303926229476929,6120,5320,5880,0.0419946631176846,0.00016863971972273,0.0834465573320478,494.8214896778,0.000220517801977539,167117360,571,182951426048.0,1067450376.0,89075059.0,180014.532226562,1.3076267106
2213,3,628387210,False,0.202302291989326,10520,3370,6890,0.0120787958207114,2.09675885601888e-05,0.00616921645026851,294.226321379752,6.34268572998047e-05,167117360,984,632907956224.0,2469383936.0,15234164.0,51777.0263671875,3.0249953216
2214,2,628378273,False,0.0,0,0,0,0.0,0.0,0.0,0.0,0.0,167117360,113,61830639616.0,290957408.0,0.0,0.0,0.3564228248
2215,3,628385371,False,0.0,0,0,0,0.0,0.0,0.0,0.0,0.0,167117360,423,103197597696.0,428336992.0,0.0,0.0,0.5247128152
2216,1,628382262,False,0.0772150978446007,4270,1910,2610,0.00122385943632527,1.87744604234543e-06,0.000381232517724947,203.05910749301,6.42659740052223e-06,167117360,345,649909956608.0,2794329020.0,1065289.08764648,5246.20195960999,3.4230530495
2217,3,628385408,False,0.0,0,0,0,0.0,0.0,0.0,0.0,0.0,167117360,437,289481883648.0,1663547392.0,0.0,0.0,2.0378455552
2218,2,628379751,False,0.199870944023132,7270,3400,6280,0.00092168366655375,1.32076968423888e-05,0.00352135012928513,266.613488430754,4.83984490356445e-06,167117360,958,32945913856.0,299135712.0,1053361.578125,3950.89379882812,0.3664412472
2219,1,628382159,False,0.152238219976425,8960,4930,4250,0.00409255393822824,2.51518758886959e-05,0.0118759805336595,472.170776367188,2.14903735839844e-05,167117360,381,124626886656.0,697489216.0,8283368.5,17543.162109375,0.8544242896
2220,1,628382941,False,0.0899378657341003,1960,2350,4770,0.000319408934742982,3.12423970845621e-06,0.000675288101359927,216.144779010446,1.67724541625977e-06,167117360,184,59031498696.0,438244200.0,295941.09375,1369.17993164062,0.536849145
2221,3,628385979,False,0.0,0,0,0,0.0,0.0,0.0,0.0,0.0,167117360,690,9933987840.0,116600400.0,0.0,0.0,0.14283549
2222,1,628381113,False,0.000584014342166483,10130,1300,3510,2.10301352781508e-07,1.00212416143108e-09,1.9100487236301e-07,190.600006103516,1.10431156307459e-09,167117360,821,169330180096.0,899568000.0,171.821868896484,0.901478826999664,1.1019708
2223,2,628379752,False,0.149333879351616,6920,3350,10690,0.00110194490898163,3.67911889043171e-05,0.00802721828222275,218.183166503906,5.78641311035156e-06,167117360,959,17550379008.0,128389504.0,1030610.5625,4723.6025390625,0.1572771424
2224,1,628381715,False,0.00482375081628561,9030,5580,4040,3.51649608646772e-06,4.62809346402082e-08,8.55813141242834e-06,184.9169921875,1.84654413223267e-08,167117360,612,53176270848.0,325702784.0,2787.4072265625,15.0738296508789,0.3989859104
2225,3,628384968,False,0.627044081687927,7700,5860,6190,0.743995345003784,0.00352743851479776,1.26891459679168,359.726921240025,0.0039067873387146,167117360,331,134831543712.0,904116157.0,1147246188.8125,3189214.15405273,1.107542292325
2226,3,628385352,False,0.0221162289381027,8420,4160,3260,7.81003120203705e-05,2.11782663144124e-06,0.000537437013536218,253.768181756445,4.10111853790283e-07,167117360,560581563,23760860160.0,158079600.0,84957.828125,334.785186767578,0.19364751
2227,2,628378142,False,0.0,0,0,0,0.0,0.0,0.0,0.0,0.0,167117360,41,21700493312.0,131492704.0,0.0,0.0,0.1610785624
2228,2,628378369,False,0.0586869679391384,10730,4060,6540,0.000100962035082914,6.63912069285288e-05,0.0201978012919426,304.224029541016,5.30160844421387e-07,167117360,147,923924992.0,6518700.0,131663.40625,432.784362792969,0.0079854075
2229,1,628382326,True,0.493034571409225,7910,6360,5690,0.0112310543958186,0.0647118080035056,34.8654977441709,538.781079061833,5.897528984375e-05,167117360,331,145385632.0,743961.5,25938588.0,48143.09375,0.0009113528375
2230,2,628379013,False,0.0339027866721153,9180,3900,10550,0.000131421384659287,5.65786149309133e-06,0.00117994949687272,208.550430297852,6.901056640625e-07,167117360,540,11828844544.0,99569696.0,117487.2109375,563.3515625,0.1219728776
2231,1,628382609,False,0.0,0,0,0,0.0,0.0,0.0,0.0,0.0,167117360,257,12154595328.0,68388304.0,0.0,0.0,0.0837756724
2232,2,628378417,False,0.0,0,0,0,0.0,0.0,0.0,0.0,0.0,167117360,164,9293632.0,194400.0,0.0,0.0,0.00023814
2233,3,628386395,False,0.0484637282788754,8640,4990,6270,0.000541479881916569,4.2568480618746e-06,0.00118044925363266,277.305940093342,2.84336019176245e-06,167117360,863,20977830016.0,545265024.0,643657.690612793,2321.11036062241,0.6679496544
2234,1,628381268,False,0.0,0,0,0,0.0,0.0,0.0,0.0,0.0,167117360,718,67023958016.0,394053312.0,0.0,0.0,0.4827153072
2235,2,628378846,False,0.00337323267012835,8670,5080,7820,1.48882212467338e-06,9.14995101908289e-09,1.9775493456109e-06,216.126754760742,7.81794061660766e-09,167117360,381,125502701568.0,697489216.0,1379.3193359375,6.38199234008789,0.8544242896
2236,3,628385532,False,0.227159053087234,2540,4150,5800,0.00541353976607465,6.12679317313391e-05,0.014060097871201,229.485433470397,2.84269905151367e-05,167117360,484,53834289152.0,378757792.0,5325371.625,23205.7065429688,0.4639782952
2237,2,628378262,False,0.0,0,0,0,0.0,0.0,0.0,0.0,0.0,167117360,106,807834112.0,3250800.0,0.0,0.0,0.00398223
2238,2,628379605,False,0.55791974067688,7530,4620,6060,0.00931580784260323,1.32830500458855e-05,0.00513915859177894,386.895974495768,4.89181557032395e-05,167117360,864,514915792128.0,3006326724.0,15449989.8133392,39933.1883291751,3.6827502369
2239,2,628382013,False,0.134089767932892,8370,6260,5700,0.00114770951883357,0.000288632931187749,0.0865477025508881,299.853851318359,6.02672724609375e-06,167117360,606826655,2049544320.0,17045100.0,1475214.25,4919.77734375,0.0208802475
2240,2,628379240,False,0.0,0,0,0,0.0,0.0,0.0,0.0,0.0,167117360,699,168036736.0,1377000.0,0.0,0.0,0.001686825
2241,3,628386333,False,0.0287171080708504,13150,5770,5610,0.000135196140060099,3.69659675347738e-06,0.000868142947217214,234.849242455389,7.09927248573303e-07,167117360,839,22407032832.0,156774592.0,136102.756347656,579.532447814941,0.1920488752
2242,2,628378450,False,0.303926229476929,6120,5320,5880,0.0145154016288659,0.000326145411236212,0.208183243870735,638.314147949219,7.62216963867187e-05,167117360,181,39227633664.0,190779296.0,39717052.0,62221.79296875,0.2337046376
2243,3,628384389,False,0.0,0,0,0,0.0,0.0,0.0,0.0,0.0,167117360,115,1086816384.0,6532200.0,0.0,0.0,0.008001945
2244,3,628386371,False,0.0462723076343536,9480,2010,4030,0.000227659298303459,1.6879475225344e-06,0.000434968000458598,257.690475948865,1.19545971641541e-06,167117360,851,83985895424.0,578149184.0,251476.39453125,975.885482788086,0.7082327504
2245,3,628385730,False,0.0,0,0,0,0.0,0.0,0.0,0.0,0.0,167117360,565,53182042112.0,258408000.0,0.0,0.0,0.3165498
2246,2,628379750,False,0.0704202353954315,13160,4900,6690,0.000242951761657719,1.05602157418616e-06,0.000219616806134582,207.966201782227,1.2757618347168e-06,167117360,957,251461517312.0,986190272.0,216583.953125,1041.43823242188,1.2080830832
2247,2,628380162,False,0.0,0,0,0,0.0,0.0,0.0,0.0,0.0,167117360,549009215,25905217536.0,144636304.0,0.0,0.0,0.1771794724
2248,3,628387705,False,0.390092104673386,7380,7240,5800,0.0223174630720531,0.00130344231129505,0.368670795013284,282.84396771422,0.000117191031835937,167117360,10671,2498006016.0,73395000.0,27058593.0,95666.1484375,0.089908875
2249,3,628384243,False,0.244069084525108,4050,3390,5750,0.00557360973772441,1.10218834304259e-05,0.00263618115900825,239.177013225443,2.92675325195312e-05,167117360,48,433822230272.0,2167675192.0,5714384.5,23891.86328125,2.6554021102
2250,1,628378561,False,0.0,0,0,0,0.0,0.0,0.0,0.0,0.0,167117360,312782612,17830735872.0,65832300.0,0.0,0.0,0.0806445675
2251,1,628380686,False,0.0,0,0,0,0.0,0.0,0.0,0.0,0.0,167117360,1048,141067534336.0,1180689280.0,0.0,0.0,1.446344368
2252,2,628379984,False,0.435636222362518,9070,3270,8260,0.109518291979207,2.44658003794029e-05,0.00625034049153328,255.472564697266,0.00057509052890625,167117360,1089,3289162434560.0,19188486144.0,119934576.0,469461.65625,23.5058955264
2253,2,628379183,False,0.0,0,0,0,0.0,0.0,0.0,0.0,0.0,167117360,661,65158557696.0,412604096.0,0.0,0.0,0.5054400176
2254,2,628379964,False,0.0,0,0,0,0.0,0.0,0.0,0.0,0.0,167117360,1074,5861195776.0,53051400.0,0.0,0.0,0.064987965
2255,2,628379892,False,0.219564124941826,9030,2620,7790,0.0135445721459954,0.000118989752081688,0.0325230546295643,273.326507568359,7.11237823242187e-05,167117360,1037,101725642752.0,487943104.0,15869400.0,58060.23046875,0.5977303024
2256,3,628387261,False,0.663885891437531,7560,6640,6270,0.499287754045546,0.0123376563690676,4.65767638394851,377.517110593713,0.002621805484375,167117360,1004,25534157952.0,173472928.0,807980760.0,2140249.375,0.2125043368
2257,1,628381362,False,0.0407242700457573,6940,7500,2660,0.000693782479740151,5.49665446669678e-06,0.00108603062108159,197.580307006836,3.64311500854492e-06,167117360,655,84738506752.0,541051200.0,587598.1875,2973.97143554688,0.66278772
2258,1,628381808,False,0.0677673444151878,4310,5020,3050,0.000115266024366976,1.99368810172018e-06,0.000779511989094317,390.989929199219,6.05272395324707e-07,167117360,583,39874985984.0,247832096.0,193188.09375,494.099914550781,0.3035943176
2259,1,628382020,False,0.593204915523529,7920,6140,5610,0.522446011426739,0.00129412676434022,0.465592532915748,359.773513495889,0.00274341160372925,167117360,467,267431086304.0,1730525740.0,805719862.5625,2239519.67651367,2.1198940315
2260,1,628381016,False,0.00774819403886795,9640,3250,5640,4.52357597254389e-06,2.81837031934629e-07,7.74283180362545e-05,274.727264404297,2.37537095546722e-08,167117360,872,10331319296.0,68801400.0,5327.1767578125,19.3907833099365,0.084281715
2261,2,628379989,False,0.0,0,0,0,0.0,0.0,0.0,0.0,0.0,167117360,1092,7470527488.0,49785300.0,0.0,0.0,0.0609869925
2262,1,628381664,False,0.0,0,0,0,0.0,0.0,0.0,0.0,0.0,167117360,629,70479249408.0,367669792.0,0.0,0.0,0.4503954952
2263,1,628383820,False,0.0,0,0,0,0.0,0.0,0.0,0.0,0.0,167117360,93,159760128.0,26797500.0,0.0,0.0,0.0328269375
2264,3,628387644,False,0.147395223379135,9950,2780,8210,0.00224125264205416,3.26813804086014e-05,0.0083678937772796,256.0446857709,1.17690218139648e-05,167117360,484682508,47563982848.0,293970592.0,2459914.6875,9607.36474609375,0.3601139752
2265,1,628380245,False,0.0239086970686913,5790,4720,4620,1.53010385374145e-05,1.00703665850688e-07,2.78896768577397e-05,276.947967529297,8.03471473693848e-08,167117360,262,98505015296.0,651312000.0,18164.880859375,65.5895080566406,0.7978572
2266,3,628385288,False,0.152238219976425,8960,4930,4250,0.00409404276035291,1.25805128589365e-05,0.005938979147841,472.077666024742,2.1498191524601e-05,167117360,381,250129588224.0,1394978432.0,8284747.81933594,17549.5441017151,1.7088485792
2267,3,628385882,False,0.356600403785706,7470,4610,6070,0.00116457680564244,1.14135672802608e-06,0.000393638390718591,344.886380438978,6.11529890583046e-06,167117360,637,782334040064.0,4373812864.0,1721700.65708923,4992.08073945343,5.3579207584
2268,2,628378249,False,0.0944890454411507,11160,6180,8270,0.00228542560678566,2.14047595363809e-05,0.0064093372784555,299.435150146484,1.20009780761719e-05,167117360,101,57907445760.0,457688704.0,2933481.25,9796.716796875,0.5606686624
2269,1,628381210,False,0.0,0,0,0,0.0,0.0,0.0,0.0,0.0,167117360,757,2992943360.0,16888500.0,0.0,0.0,0.0206884125
2270,1,628380742,False,0.0670062229037285,10980,1580,4070,0.00272235036077276,4.55272402177798e-06,0.00107173121068627,235.404373168945,1.4295309765625e-05,167117360,1007,548993466368.0,2563221504.0,2747084.5,11669.640625,3.1399463424
2271,3,628385037,False,0.582605600357056,10800,7190,5700,0.780299184877972,0.000120021653140546,0.0274753764602796,228.92016349838,0.004097422109375,167117360,354,3782528478400.0,27868591104.0,765700032.0,3344834.375,34.1390241024
2272,2,628378931,False,0.119714938104153,10700,4050,6540,0.00026314639274007,0.000264305883320048,0.0868783965706825,328.703979492188,1.38180568237305e-06,167117360,460,428457216.0,4267800.0,370779.625,1128.00463867188,0.005228055
2273,2,628378979,False,0.0,0,0,0,0.0,0.0,0.0,0.0,0.0,167117360,510,1956310912.0,22420800.0,0.0,0.0,0.02746548
2274,1,628380769,False,0.137421384453773,3650,1960,3090,0.00368446036674639,3.09191781779515e-06,0.000716497244045474,231.73230540662,1.93474370605469e-05,167117360,985,1087380909056.0,5108100248.0,3659939.75,15793.826171875,6.2574228038
2275,1,628383697,False,0.0,0,0,0,0.0,0.0,0.0,0.0,0.0,167117360,122,19033098240.0,164670304.0,0.0,0.0,0.2017211224
2276,2,628379361,False,0.0,0,0,0,0.0,0.0,0.0,0.0,0.0,167117360,800,72617295872.0,324194400.0,0.0,0.0,0.39713814
2277,2,628379849,False,0.0188964810222387,7290,2520,10520,9.51814503675578e-05,7.4634425474447e-07,0.000168656727702617,225.977123332129,4.99806467437744e-07,167117360,1011,95406542336.0,546671696.0,92199.859375,408.005279541016,0.6696728276
2278,1,628382067,False,0.0,0,0,0,0.0,0.0,0.0,0.0,0.0,167117360,440,31850428416.0,216396000.0,0.0,0.0,0.2650851
2279,2,628379773,False,0.116393692791462,2060,3360,6120,0.00354027506579665,8.75686528161168e-05,0.0200673807412386,229.161712646484,1.85903069091797e-05,167117360,969,31377414144.0,173301296.0,3477703.25,15175.7607421875,0.2122940876
2280,1,628381865,False,0.0,0,0,0,0.0,0.0,0.0,0.0,0.0,167117360,564,32785465344.0,186825600.0,0.0,0.0,0.22886136
2281,2,628378954,False,0.0210321024060249,9050,3440,8040,3.30107993917036e-05,1.27568546304246e-06,0.000233594997553155,183.113327026367,1.73342715072632e-07,167117360,482,6110343680.0,110924096.0,25911.314453125,141.504257202148,0.1358820176
2282,2,628379381,False,0.0,0,0,0,0.0,0.0,0.0,0.0,0.0,167117360,816,24986607616.0,105716704.0,0.0,0.0,0.1295029624
2283,1,628381004,False,0.0772150978446007,4270,1910,2610,0.00122058768313873,1.48948010973982e-05,0.00302450032904744,203.057434082031,6.40941712646484e-06,167117360,878,56990633984.0,351275392.0,1062432.5,5232.17724609375,0.4303123552
2284,3,628386994,False,0.0,0,0,0,0.0,0.0,0.0,0.0,0.0,167117360,927,1429507584.0,22244400.0,0.0,0.0,0.02724939
2285,1,628382182,False,0.0,0,0,0,0.0,0.0,0.0,0.0,0.0,167117360,372,2372170240.0,24060600.0,0.0,0.0,0.029474235
2286,3,628385801,False,0.0,0,0,0,0.0,0.0,0.0,0.0,0.0,167117360,598,4912168192.0,41445000.0,0.0,0.0,0.050770125
2287,3,628384678,False,0.0324673503637314,8450,3100,3470,0.000181121288090831,7.18473954328615e-07,0.000166715213819944,232.040720217524,9.51084384918213e-07,167117360,218,154994991104.0,1080617344.0,180155.3515625,776.395416259766,1.3237562464
2288,2,628379269,False,0.0,0,0,0,0.0,0.0,0.0,0.0,0.0,167117360,725,7358232064.0,44470800.0,0.0,0.0,0.05447673
2289,3,628384298,False,0.219316035509109,5070,5500,6040,0.00610119327871033,0.000291965633115399,0.119224138171629,408.349903717968,3.20379217590332e-05,167117360,72,18700976128.0,89577000.0,10679740.625,26153.4055175781,0.109731825
2290,3,628386473,False,0.0186217948794365,5040,5220,5040,7.39709915732266e-05,4.63498080929877e-07,0.000134865119971908,290.972337364028,3.8842841591835e-07,167117360,900,19100201984.0,684111616.0,92262.7951660156,317.084421157837,0.8380367296
2291,2,628379591,False,0.0,0,0,0,0.0,0.0,0.0,0.0,0.0,167117360,854,97751105536.0,440530208.0,0.0,0.0,0.5396495048
2292,2,628378259,False,0.0,0,0,0,0.0,0.0,0.0,0.0,0.0,167117360,105,12780631040.0,87846304.0,0.0,0.0,0.1076117224
2293,3,628384477,False,0.0,0,0,0,0.0,0.0,0.0,0.0,0.0,167117360,143,3093480448.0,19692000.0,0.0,0.0,0.0241227
2294,1,628380883,False,0.0,0,0,0,0.0,0.0,0.0,0.0,0.0,167117360,182305701,24053628928.0,84568496.0,0.0,0.0,0.1035964076
2295,2,628378602,False,0.0,0,0,0,0.0,0.0,0.0,0.0,0.0,167117360,257,11197256704.0,68388304.0,0.0,0.0,0.0837756724
2296,2,628379705,False,0.0,0,0,0,0.0,0.0,0.0,0.0,0.0,167117360,182305701,22374537216.0,84568496.0,0.0,0.0,0.1035964076
2297,3,628385455,False,0.0,0,0,0,0.0,0.0,0.0,0.0,0.0,167117360,451,65876248576.0,377492416.0,0.0,0.0,0.4624282096
2298,2,628379378,False,0.0,0,0,0,0.0,0.0,0.0,0.0,0.0,167117360,812,383196832.0,20844000.0,0.0,0.0,0.0255339
2299,1,628382665,False,0.0,0,0,0,0.0,0.0,0.0,0.0,0.0,167117360,243,1920052736.0,13707000.0,0.0,0.0,0.016791075
2300,3,628385808,False,0.0,0,0,0,0.0,0.0,0.0,0.0,0.0,167117360,600,58970599424.0,294620416.0,0.0,0.0,0.3609100096
2301,1,628380124,False,0.0,0,0,0,0.0,0.0,0.0,0.0,0.0,167117360,312782574,45461550848.0,221438700.0,0.0,0.0,0.2712624075
2302,1,628380288,False,0.0,0,0,0,0.0,0.0,0.0,0.0,0.0,167117360,599626923,318977472.0,6515100.0,0.0,0.0,0.0079809975
2303,3,628384442,False,0.409030765295029,5240,6650,5540,0.0986131292284491,0.00318110589788626,1.13715009873332,357.47005451435,0.00051782652578125,167117360,133,9014775808.0,132883200.0,151108144.0,422715.53125,0.16278192
2304,2,628379888,False,0.0,0,0,0,0.0,0.0,0.0,0.0,0.0,167117360,1035,139162189824.0,525223808.0,0.0,0.0,0.6433991648
2305,3,628384231,False,0.0,0,0,0,0.0,0.0,0.0,0.0,0.0,167117360,42,43309834240.0,297262784.0,0.0,0.0,0.3641469104
2306,3,628384589,False,0.0,0,0,0,0.0,0.0,0.0,0.0,0.0,167117360,187,101366718464.0,490786208.0,0.0,0.0,0.6012131048
2307,3,628386057,False,0.159536808729172,10290,4000,7570,0.00176668100435981,1.21590746737194e-06,0.000332394535129536,273.371571479837,9.27700290832519e-06,167117360,728,376581865472.0,6228322304.0,2070260.296875,7573.06359863281,7.6296948224
2308,1,628380710,False,0.0,0,0,0,0.0,0.0,0.0,0.0,0.0,167117360,1031,16038001664.0,190610096.0,0.0,0.0,0.2334973676
2309,1,628382889,False,0.0360061675310135,12870,6490,5660,9.70173867580561e-05,1.37218585223309e-05,0.00354298367165029,258.199981689453,5.09447136688232e-07,167117360,198,21378310.0,30307500.0,107378.9765625,415.875213623047,0.0371266875
2310,3,628385981,False,0.0,0,0,0,0.0,0.0,0.0,0.0,0.0,167117360,692,25175846912.0,151536608.0,0.0,0.0,0.1856323448
2311,1,628380939,False,0.0,0,0,0,0.0,0.0,0.0,0.0,0.0,167117360,908,9583828992.0,95425200.0,0.0,0.0,0.11689587
2312,1,628382998,False,0.256216496229172,8980,4700,5650,0.00387041850754169,5.02641983338489e-05,0.0136920027083097,272.400697955411,2.03239201996803e-05,167117360,165,56822539264.0,330075000.0,4519387.79394531,16590.9552650452,0.404341875
2313,2,628379007,False,0.0,0,0,0,0.0,0.0,0.0,0.0,0.0,167117360,534,21657382912.0,116820000.0,0.0,0.0,0.1431045
2314,2,628378889,False,0.0479233451187611,10130,1840,9230,0.000463526972653745,5.55777084310673e-06,0.00117160026532762,210.803989297391,2.43402236328125e-06,167117360,425,52369921536.0,357509708.0,418858.46875,1986.95703125,0.4379493923
2315,3,628386265,False,0.035001203417778,3980,3880,5750,0.000121619832844959,1.14769064836967e-06,0.00022263012509136,193.980952452312,6.38636822509766e-07,167117360,814,77575823360.0,454248000.0,101129.2890625,521.336181640625,0.5564538
2316,1,628381181,False,0.0,0,0,0,0.0,0.0,0.0,0.0,0.0,167117360,778,148423589888.0,698709632.0,0.0,0.0,0.8559192992
2317,2,628378584,False,0.149333879351616,6920,3350,10690,0.00182929082645303,3.00736835641287e-06,0.00064274191564619,213.722377664717,9.60577278823852e-06,167117360,247,452926493888.0,2607411612.0,1675892.734375,7841.44717407227,3.1940792247
2318,1,628380781,False,0.0,0,0,0,0.0,0.0,0.0,0.0,0.0,167117360,977,28945571840.0,174786304.0,0.0,0.0,0.2141132224
2319,3,628387112,False,0.107902258634567,4360,5010,3060,0.00307604858031927,8.48687626071896e-06,0.00206228162480031,242.996546838495,1.6152611340332e-05,167117360,956,121929934848.0,1553670016.0,3204105.125,13185.8051757812,1.9032457696
2320,3,628386353,False,0.0,0,0,0,0.0,0.0,0.0,0.0,0.0,167117360,846,74203914240.0,301485600.0,0.0,0.0,0.36931986
2321,2,628379005,False,0.0,0,0,0,0.0,0.0,0.0,0.0,0.0,167117360,533,83140022272.0,471943804.0,0.0,0.0,0.5781311599
2322,1,628381785,False,0.0,0,0,0,0.0,0.0,0.0,0.0,0.0,167117360,590,49221185536.0,296878496.0,0.0,0.0,0.3636761576
2323,1,628382959,False,0.0945182293653488,7210,3300,3070,0.00183308332134129,4.30361287726555e-05,0.0105132656171918,244.289306640625,9.62568752441406e-06,167117360,178,28022151168.0,182583904.0,1919553.125,7857.7041015625,0.2236652824
2324,1,628383082,False,0.0,0,0,0,0.0,0.0,0.0,0.0,0.0,167117360,143,1435566080.0,9846000.0,0.0,0.0,0.01206135
2325,3,628384962,False,0.0,0,0,0,0.0,0.0,0.0,0.0,0.0,167117360,330,1750433792.0,27909000.0,0.0,0.0,0.034188525
2326,3,628385047,False,0.0,0,0,0,0.0,0.0,0.0,0.0,0.0,167117360,358,8955304448.0,42490800.0,0.0,0.0,0.05205123
2327,1,628382922,False,0.0,0,0,0,0.0,0.0,0.0,0.0,0.0,167117360,188,5869515264.0,69504304.0,0.0,0.0,0.0851427724
2328,3,628385771,False,0.0677673444151878,4310,5020,3050,0.000117598259939021,1.01701372686216e-06,0.000394693294705082,388.09043012905,6.17519176793098e-07,167117360,583,80830869504.0,495664192.0,195635.333007812,504.09728717804,0.6071886352
2329,3,628386302,False,0.0235037431120872,10860,1160,6780,0.000156913795219613,3.74582783640059e-07,9.57848308758156e-05,255.710713517086,8.23968634414673e-07,167117360,828,337043292160.0,1795671040.0,171998.046875,672.627456665039,2.199697024
2330,2,628379899,False,0.11495253443718,11110,6500,9530,0.00837716145161688,1.39286294142948e-05,0.00343867344781756,246.878082275391,4.39892379882812e-05,167117360,1041,409937674240.0,2578113024.0,8865289.0,35909.58203125,3.1581884544
2331,1,628380834,False,0.168212473392487,8340,6260,5580,0.00350042641393337,0.000880308449268341,0.212841287255287,241.780349731445,1.83810580078125e-05,167117360,606826655,1985039744.0,17045100.0,3627901.0,15004.9453125,0.0208802475
2332,1,628381676,False,0.546946108341217,5610,4800,4830,0.513687360661204,9.0071467550451e-05,0.0356253148456185,395.522753369862,0.00269741913059779,167117360,623,4460351672832.0,24446973724.0,870931135.940063,2201974.800488,29.9475428119
2333,1,628382177,False,0.0940721184015274,7570,2470,5130,0.000620073223918898,3.48867570156733e-07,8.73322675913046e-05,250.330713032654,3.25606099090576e-06,167117360,375,1614987898880.0,7618962608.0,665381.28125,2658.00897216797,9.3332291948
2334,2,628378198,False,0.219316035509109,5070,5500,6040,0.0052523888016393,0.000502694107126445,0.205894500017166,409.582061767578,2.75807721191406e-05,167117360,72,9421328384.0,44788500.0,9221706.0,22514.916015625,0.0548659125
2335,3,628385989,False,0.560170233249664,6160,7020,4000,1.054351131729,2.39028048164188e-05,0.00570428233897477,238.644894722,0.00553649384994109,167117360,695,34121636630516.5,189081860936.0,1078576319.95771,4519586.81627844,231.6252796466
2336,2,628379997,True,0.920122146606445,7670,6970,5720,0.962610974253419,0.115741662681103,156.593536376953,1352.95727539062,0.005054757925,167117360,1097,11664674816.0,35651232.0,5582752256.0,4126333.0,0.0436727592
2337,1,628381347,False,0.0,0,0,0,0.0,0.0,0.0,0.0,0.0,167117360,664,67645079552.0,442416608.0,0.0,0.0,0.5419603448
2338,2,628379196,False,0.0,0,0,0,0.0,0.0,0.0,0.0,0.0,167117360,670,36421177344.0,190680304.0,0.0,0.0,0.2335833724
2339,2,628379942,False,0.0,0,0,0,0.0,0.0,0.0,0.0,0.0,167117360,1061,10858091520.0,65173500.0,0.0,0.0,0.0798375375
2340,2,628379133,False,0.050979096442461,8250,2250,6960,0.000123727412812426,5.7358438425581e-06,0.00135296932421625,235.87971496582,6.49703916931152e-07,167117360,628,13027403776.0,92466000.0,125103.65625,530.370544433594,0.11327085
2341,1,628383867,False,0.0,0,0,0,0.0,0.0,0.0,0.0,0.0,167117360,74,17610522624.0,93168896.0,0.0,0.0,0.1141318976
2342,2,628379847,False,0.617005407810211,9490,6940,5760,0.464991965059919,9.53255585045554e-05,0.0234205611050129,245.69026184082,0.002441715171875,167117360,1009,947036057083.193,20909785088.0,489718880.0,1993236.875,25.6144867328
2343,3,628386329,False,0.0,0,0,0,0.0,0.0,0.0,0.0,0.0,167117360,838,140625608704.0,576842368.0,0.0,0.0,0.7066319008
2344,2,628379126,False,0.414029359817505,5430,4490,6290,0.391406335303454,6.86303493703785e-05,0.0221076664784973,322.126678376479,0.00205531032596506,167117360,623,4431746677056.0,24446973724.0,540465541.498779,1677804.34772658,29.9475428119
2345,2,628378430,False,0.0450369603931904,7120,3150,8200,0.000279805812905966,3.68998369067389e-06,0.000917876976886755,248.748247643101,1.46928581542969e-06,167117360,170,51178462720.0,325046692.0,298352.875,1199.4169921875,0.3981821977
2346,1,628383767,False,0.0,0,0,0,0.0,0.0,0.0,0.0,0.0,167117360,105,13033905152.0,87846304.0,0.0,0.0,0.1076117224
2347,1,628382151,False,0.156595274806023,10170,1740,2310,0.00339910814145263,4.57712365638459e-06,0.00107915455973342,235.771336050341,1.78490265283599e-05,167117360,385,600142146560.0,3183360336.0,3435337.8218689,14570.633900702,3.8996164116
2348,1,628383809,False,0.0174336079508066,11550,5450,3200,4.3292508068042e-05,6.73632769121468e-07,0.000162980824825354,241.943130493164,2.27332904052734e-07,167117360,96,52735123456.0,275488192.0,44899.29296875,185.577880859375,0.3374730352
2349,3,628387747,False,0.0,0,0,0,0.0,0.0,0.0,0.0,0.0,167117360,549009203,8265971712.0,55951200.0,0.0,0.0,0.06854022
2350,1,628381635,False,0.0,0,0,0,0.0,0.0,0.0,0.0,0.0,167117360,638,32945897472.0,197472608.0,0.0,0.0,0.2419039448
2351,1,628382443,False,0.0800495594739914,8560,2060,4270,0.00140059103645527,6.1868857061233e-06,0.0014305389843984,231.221175297059,7.3546311340332e-06,167117360,302,157126946816.0,970404304.0,1388201.1875,6003.78051757812,1.1887452724
2352,3,628387115,False,0.260936975479126,12770,4720,4620,0.00479857567116396,1.04288183389584e-05,0.00289340587468551,277.443309552797,2.5197758026123e-05,167117360,957,496730112000.0,1972380544.0,5706897.453125,20569.5983886719,2.4161661664
2353,1,628380887,False,0.00913280807435513,8640,6140,5460,1.31249193984836e-05,1.29553626493362e-07,1.81481773324776e-05,140.08235168457,6.89201475143432e-08,167117360,931,61981343744.0,434270688.0,7881.2216796875,56.261344909668,0.5319815928
2354,2,628379311,False,0.0,0,0,0,0.0,0.0,0.0,0.0,0.0,167117360,759,6167984128.0,33389100.0,0.0,0.0,0.0409016475
2355,1,628382201,False,0.0595102831721306,7120,5760,4440,8.86851778047986e-05,5.07366894453298e-06,0.00188757723663002,372.033966064453,4.65693948364258e-07,167117360,364,12628684800.0,74927696.0,141431.8125,380.158325195312,0.0917864276
2356,2,628379042,False,0.118483491241932,8020,7010,9500,0.00184057212952841,1.24814023365616e-05,0.00273558706976473,219.173049926758,9.66501193847656e-06,167117360,566,86842957824.0,632124928.0,1729232.75,7889.8056640625,0.7743530368
2357,2,628379390,False,0.0,0,0,0,0.0,0.0,0.0,0.0,0.0,167117360,821,160086802432.0,899568000.0,0.0,0.0,1.1019708
2358,2,628378801,False,0.798363447189331,7760,6880,5780,6.23049383501549,0.000495360167942983,0.193688996748204,391.006401569409,0.0327168907601889,167117360,343,8178866593024.0,53915650985.0,10442868348.311,26707665.9266849,66.046672456625
2359,2,628378595,False,0.0,0,0,0,0.0,0.0,0.0,0.0,0.0,167117360,252,31856285696.0,154379696.0,0.0,0.0,0.1891151276
2360,1,628380691,False,0.0,0,0,0,0.0,0.0,0.0,0.0,0.0,167117360,1046,11222187008.0,62379000.0,0.0,0.0,0.076414275
2361,2,628379859,False,0.149333879351616,6920,3350,10690,0.00110194490898163,5.77316434880667e-06,0.00125960728230735,218.183167185897,5.78641311035156e-06,167117360,1018,140284589312.0,818199908.0,1030610.5625,4723.6025390625,1.0022948873
2362,3,628385912,False,0.0,0,0,0,0.0,0.0,0.0,0.0,0.0,167117360,654,145155547136.0,493315200.0,0.0,0.0,0.60431112
2363,2,628380169,False,0.0,0,0,0,0.0,0.0,0.0,0.0,0.0,167117360,549009223,4726041088.0,31818600.0,0.0,0.0,0.038977785
2364,3,628385831,False,0.0,0,0,0,0.0,0.0,0.0,0.0,0.0,167117360,610,189297549312.0,1085390976.0,0.0,0.0,1.3296039456
2365,2,628379816,False,0.0,0,0,0,0.0,0.0,0.0,0.0,0.0,167117360,990,20337422336.0,96127200.0,0.0,0.0,0.11775582
2366,1,628382350,False,0.000346401357091963,6200,6360,3390,2.1656047282965e-07,2.68810285142251e-09,5.6046945928756e-07,208.5,1.13717877268791e-09,167117360,327,57142312960.0,345339904.0,193.552474975586,0.928309202194214,0.4230413824
2367,2,628378691,False,0.367373734712601,9620,4650,6040,0.0525841511429715,1.36336102514178e-05,0.00413958728313446,303.631042480469,0.000276124168359375,167117360,313,2591968338896.0,16533220352.0,68440712.0,225407.484375,20.2531949312
2368,2,628379188,False,0.0171293336898088,7160,7280,8310,3.52156252822131e-05,2.58971880384706e-07,5.94618068134878e-05,229.607208251953,1.84920456695557e-07,167117360,663,83759685632.0,582902976.0,34660.46484375,150.955474853516,0.7140561456
2369,1,628380073,False,0.0139522710815072,6840,3250,3440,1.23146722695849e-05,6.33829984053591e-08,1.76777502929326e-05,278.903656005859,6.46654660224915e-08,167117360,484682520,44936323072.0,832843776.0,14722.8046875,52.7881355285645,1.0202336256
2370,3,628385473,False,0.119714938104153,10700,4050,6540,0.00026314639274007,0.000132152940469548,0.0434391987675149,328.703989583376,1.38180568237305e-06,167117360,460,926573888.0,8535600.0,370779.625,1128.00463867188,0.01045611
2371,2,628378857,False,0.0,0,0,0,0.0,0.0,0.0,0.0,0.0,167117360,393,430262016.0,3960900.0,0.0,0.0,0.0048521025
2372,3,628387637,False,0.178685590624809,4910,2850,4810,0.00618381239544499,9.68510392200775e-06,0.00314612089497372,324.841211855734,3.24717622680664e-05,167117360,484682516,132175257600.0,2736941312.0,8610748.25,26507.5610351562,3.3527531072
2373,1,628381370,False,0.0331475622951984,12470,4870,5370,0.000104854249847011,1.17670413146698e-06,0.000285059562884271,242.252532958984,5.5059921875e-07,167117360,651,63697989632.0,381972608.0,108884.9453125,449.46875,0.4679164448
2374,3,628386440,False,0.0120520945638418,7770,4920,1800,4.73540052771849e-05,1.37951310481633e-06,0.00027557521000022,199.762661940721,2.48660195922852e-07,167117360,884,18772439040.0,147144608.0,40549.40625,202.987915039062,0.1802521448
2375,3,628386501,False,0.0418016090989113,5340,5180,6390,5.89909488564311e-05,1.32496916635093e-06,0.000483254038568952,364.728516588708,3.09766846847534e-07,167117360,908,17894018560.0,190850400.0,92229.2265625,252.870895385742,0.23379174
2376,1,628380597,False,0.0288130026310682,12870,6500,5130,0.000254342224785659,2.60211049862846e-06,0.000742833421099931,285.473449707031,1.33557419433594e-06,167117360,1107,37348319232.0,418992448.0,311241.59375,1090.2646484375,0.5132657488
2377,1,628380681,False,0.0,0,0,0,0.0,0.0,0.0,0.0,0.0,167117360,1051,11109.142578125,1800.0,0.0,0.0,2.205e-06
2378,3,628386113,False,0.403654038906097,11310,7210,4310,0.0376630618706199,6.36309026077483e-05,0.01418474700247,222.922297518104,0.00019777216919632,167117360,752,37108809440.0,2537236816.0,35990062.3203125,161446.668731689,3.1081150996
2379,2,628378138,False,0.110337726771832,4940,1470,5700,0.00293656622448425,8.93328815627803e-06,0.0020026393166504,224.177176602437,1.54201767822266e-05,167117360,39,260074962368.0,1409100344.0,2821919.75,12587.8994140625,1.7261479214
2380,3,628385374,False,0.151238217949867,9930,1900,1930,0.0024569973222158,1.47299174423695e-05,0.00389244796374227,264.254567547401,1.29019167850298e-05,167117360,425,106476715264.0,715019416.0,2783175.86984539,10532.1769673713,0.8758987846
2381,2,628378810,False,0.0,0,0,0,0.0,0.0,0.0,0.0,0.0,167117360,350,2592876544.0,12030300.0,0.0,0.0,0.0147371175
2382,3,628384865,False,0.0,0,0,0,0.0,0.0,0.0,0.0,0.0,167117360,312782558,32658259968.0,139320000.0,0.0,0.0,0.170667
2383,3,628385810,False,0.0,0,0,0,0.0,0.0,0.0,0.0,0.0,167117360,601,16986500096.0,100506600.0,0.0,0.0,0.123120585
2384,3,628387760,False,0.0,0,0,0,0.0,0.0,0.0,0.0,0.0,167117360,549009215,51860871168.0,289272608.0,0.0,0.0,0.3543589448
2385,1,628383861,False,0.0,0,0,0,0.0,0.0,0.0,0.0,0.0,167117360,75,388771456.0,5153400.0,0.0,0.0,0.006312915
2386,3,628384386,False,0.0,0,0,0,0.0,0.0,0.0,0.0,0.0,167117360,114,46990309376.0,303744608.0,0.0,0.0,0.3720871448
2387,3,628385836,False,0.066521018743515,9150,5250,7520,0.000264939565343589,1.74344727322242e-06,0.000380664036404986,218.339861635966,1.39122179508209e-06,167117360,612,96706785280.0,651405568.0,247966.672851562,1135.6912612915,0.7979718208
2388,2,628378134,False,0.255300402641296,4480,4650,9790,0.00338721172715368,0.000164415381732397,0.0419081263244152,254.891754150391,1.77865573730469e-05,167117360,36,13323357184.0,88310704.0,3700936.25,14519.638671875,0.1081806124
2389,3,628386310,False,0.00293790549039841,4040,4500,3320,1.76295989991812e-06,1.73911434530159e-07,3.36585504362176e-05,193.538455519902,9.25746304988861e-09,167117360,831,5573346816.0,43453800.0,1462.59191894531,7.55711269378662,0.053230905
2390,2,628379388,False,0.000162986776558682,9980,1690,7030,9.9790011958212e-08,7.18067050264892e-10,1.21564511346151e-07,169.294097900391,5.24006444215774e-10,167117360,820,129699176448.0,595710912.0,72.4173049926758,0.427760362625122,0.7297458672
2391,3,628386401,False,0.403654038906097,11310,7210,4310,0.0231655320981315,0.000388265570645833,0.0824704932941557,212.407433285872,0.000121644319555664,167117360,866,3764152576.0,255756608.0,21092373.625,99301.4853515625,0.3133018448
2392,3,628387519,False,0.0,0,0,0,0.0,0.0,0.0,0.0,0.0,167117360,1094,63000000512.0,245541600.0,0.0,0.0,0.30078846
2393,3,628387052,False,0.0,0,0,0,0.0,0.0,0.0,0.0,0.0,167117360,940,45548707840.0,1139169536.0,0.0,0.0,1.3954826816
2394,2,628378624,False,0.0,0,0,0,0.0,0.0,0.0,0.0,0.0,167117360,271,7622535168.0,44185500.0,0.0,0.0,0.0541272375
2395,2,628379106,False,0.0644776374101639,7570,2560,5970,0.00032372088852613,6.45259860903025e-05,0.0152987260371447,237.094024658203,1.69988787841797e-06,167117360,611,1093139456.0,21505500.0,329006.75,1387.66357421875,0.0263442375
2396,1,628381846,False,0.0,0,0,0,0.0,0.0,0.0,0.0,0.0,167117360,573,19134175232.0,80587800.0,0.0,0.0,0.098720055
2397,2,628380179,False,0.0,0,0,0,0.0,0.0,0.0,0.0,0.0,167117360,1029,9983010816.0,92470496.0,0.0,0.0,0.1132763576
2398,3,628386368,False,0.0,0,0,0,0.0,0.0,0.0,0.0,0.0,167117360,850,1623385920.0,76561200.0,0.0,0.0,0.09378747
2399,3,628384293,False,0.0899378657341003,1960,2350,4770,0.00108501284853835,2.01458040281676e-05,0.00426432785726043,211.673252221559,5.69750131835937e-06,167117360,68,22460379136.0,230868000.0,984496.84375,4651.021484375,0.2828133
2400,3,628387143,False,0.000136872768052854,9550,640,6970,2.87373092478671e-08,2.04304174679262e-10,4.90840768391301e-08,240.249994480962,1.50902228988707e-10,167117360,965,88535117824.0,602951424.0,29.5953140258789,0.123185493052006,0.7386154944
2401,2,628379021,False,0.0853241682052612,6670,5560,8730,0.00106223533954101,3.27124980685767e-05,0.013303798623383,406.688568115234,5.57789454345703e-06,167117360,544,31052480512.0,139194000.0,1851809.0,4553.38330078125,0.17051265
2402,1,628382124,False,0.0192840769886971,8260,1240,1900,0.000303116157941533,3.80813653836227e-06,0.000828998825618228,217.691465961656,1.59169056091309e-06,167117360,402,74003284352.0,341200800.0,282855.0625,1299.33923339844,0.41797098
2403,1,628380140,False,0.0361016169190407,8550,5150,5500,0.000105771427801222,5.28235432284418e-05,0.0154996635392308,293.423400878906,5.55415403747559e-07,167117360,607344862,1538472448.0,8583300.0,133038.265625,453.400329589844,0.0105145425
2404,3,628385341,False,0.0,0,0,0,0.0,0.0,0.0,0.0,0.0,167117360,412,130080403456.0,559069184.0,0.0,0.0,0.6848597504
2405,3,628384985,False,0.0,0,0,0,0.0,0.0,0.0,0.0,0.0,167117360,336,2853061888.0,25097400.0,0.0,0.0,0.030744315
2406,1,628380771,False,0.0890017971396446,10560,3340,4310,0.00298906397275096,1.0377435501141e-05,0.00286737666465342,276.308776855469,1.56958472412109e-05,167117360,984,321081999360.0,1234691968.0,3540327.0,12812.9365234375,1.5124976608
2407,1,628381222,False,0.151238217949867,9930,1900,1930,0.00199346073235125,9.79889809968881e-05,0.0271119419485331,276.683563232422,1.04678439208984e-05,167117360,750,10183339008.0,87205504.0,2364310.5,8545.1787109375,0.1068267424
2408,2,628379136,False,0.0,0,0,0,0.0,0.0,0.0,0.0,0.0,167117360,630,124661915648.0,543106816.0,0.0,0.0,0.6653058496
2409,3,628385516,False,0.0,0,0,0,0.0,0.0,0.0,0.0,0.0,167117360,478,88807235584.0,475266592.0,0.0,0.0,0.5822015752
2410,3,628387567,False,0.0,0,0,0,0.0,0.0,0.0,0.0,0.0,167117360,1114,20358919168.0,93736800.0,0.0,0.0,0.11482758
2411,1,628381356,False,0.186282396316528,9490,4730,3410,0.00913634143194126,0.000104212595033459,0.0239084754139185,229.420211791992,4.79757612304687e-05,167117360,658,26938832896.0,375807616.0,8984987.0,39163.88671875,0.4603643296
2412,3,628384557,False,0.0450369603931904,7120,3150,8200,0.000289884522186307,1.91144913670137e-06,0.000473889792948001,247.921738459546,1.52221003608704e-06,167117360,170,107151519232.0,650093384.0,308072.619140625,1242.62043762207,0.7963643954
2413,2,628379662,False,0.0418016090989113,5340,5180,6390,5.89909488564311e-05,2.64993832388427e-06,0.000966508057899773,364.728515625,3.09766846847534e-07,167117360,908,8310189568.0,95425200.0,92229.2265625,252.870895385742,0.11689587
2414,2,628380118,False,0.092118538916111,6960,5310,5710,0.000976200502030261,0.00010607395961415,0.0338895432651043,319.48974609375,5.1261177734375e-06,167117360,560581559,8336706560.0,39449700.0,1336932.25,4184.5859375,0.0483258825
2415,3,628387085,False,0.617005407810211,9490,6940,5760,0.399809360911357,0.00134950765367417,0.325597005451873,241.270958756997,0.00209943537899437,167117360,948,70581600928.0,1269963008.0,413496152.439453,1713824.79917908,1.5557046848
2416,2,628379613,False,0.0619307123124599,9430,3760,5730,6.79315401792151e-05,4.23240908276057e-06,0.001458655227907,344.639465332031,3.56714706420898e-07,167117360,872,10449894400.0,68801400.0,100357.5234375,291.195678710938,0.084281715
2417,2,628378840,False,0.0,0,0,0,0.0,0.0,0.0,0.0,0.0,167117360,377,7642978304.0,48273300.0,0.0,0.0,0.0591347925
2418,2,628379690,False,0.0215967353433371,5250,1570,9060,0.00015029113036616,8.61189619172364e-06,0.00214508012868464,249.083389282227,7.89192417907715e-07,167117360,182305693,13572955136.0,74808000.0,160469.15625,644.238708496094,0.0916398
2419,2,628380198,False,0.0457001850008965,8300,5550,5870,0.000174068386827241,2.06390177481808e-05,0.00481725344434381,233.405181884766,9.14048957824707e-07,167117360,607344834,8906461184.0,36153000.0,174158.171875,746.162414550781,0.044287425
2420,2,628379340,False,0.0,0,0,0,0.0,0.0,0.0,0.0,0.0,167117360,783,61693874176.0,351775808.0,0.0,0.0,0.4309253648
2421,1,628380980,False,0.114638552069664,7790,240,4440,0.00237911385043666,9.61481881836255e-06,0.00217128257646038,225.826676246215,1.24929435791016e-05,167117360,894,163986663296.0,1060687828.0,2303053.0,10198.3212890625,1.2993425893
2422,1,628380144,False,0.0137102389708161,8590,5150,5500,1.33127155536118e-05,6.64992739984882e-06,0.00203761574812233,306.411712646484,6.99062822341919e-08,167117360,607344854,1553177472.0,8581500.0,17485.798828125,57.0663528442383,0.0105123375
2423,2,628378884,False,0.0,0,0,0,0.0,0.0,0.0,0.0,0.0,167117360,422,7900325888.0,60713100.0,0.0,0.0,0.0743735475
2424,2,628379881,False,0.0,0,0,0,0.0,0.0,0.0,0.0,0.0,167117360,1031,19119128576.0,190610096.0,0.0,0.0,0.2334973676
2425,1,628380667,False,0.0,0,0,0,0.0,0.0,0.0,0.0,0.0,167117360,1060,162359216.0,3118500.0,0.0,0.0,0.0038201625
2426,2,628378437,False,0.355602353811264,6070,6840,6250,0.0430097909786751,0.002725352300331,1.04346573352814,382.873718261719,0.000225848330859375,167117360,173,9021037568.0,67648496.0,70588888.0,184365.984375,0.0828694076
2427,1,628381856,False,0.560170233249664,6160,7020,4000,1.00295382176624,3.49371713062041e-05,0.011125026041454,318.429501459909,0.00526660189274686,167117360,567,22534349677722.9,123057096224.0,1369013400.07771,4299266.85122193,150.7449428744
2428,3,628384739,False,0.0,0,0,0,0.0,0.0,0.0,0.0,0.0,167117360,238,9687516160.0,87453000.0,0.0,0.0,0.107129925
2429,3,628385826,False,0.0,0,0,0,0.0,0.0,0.0,0.0,0.0,167117360,608,27513694208.0,214903808.0,0.0,0.0,0.2632571648
2430,3,628385840,False,0.0,0,0,0,0.0,0.0,0.0,0.0,0.0,167117360,613,56428298240.0,283069792.0,0.0,0.0,0.3467604952
2431,2,628380182,False,0.0,0,0,0,0.0,0.0,0.0,0.0,0.0,167117360,1105,15824002048.0,82221296.0,0.0,0.0,0.1007210876
2432,3,628385817,False,0.0,0,0,0,0.0,0.0,0.0,0.0,0.0,167117360,604,22333746176.0,97407000.0,0.0,0.0,0.119323575
2433,2,628379033,False,0.581575453281403,7640,6510,5940,0.292873130723926,0.0198201723837423,6.52041370614133,328.978657697738,0.00153790349179687,167117360,557,8160758336.0,63341095.0,413010144.0,1255431.421875,0.077592841375
2434,3,628386272,False,0.0971002951264381,5520,4640,4270,0.00106723364970241,2.55639546627509e-06,0.000580213879350426,226.965618975946,5.60414112548828e-06,167117360,818,242681592832.0,1789554528.0,1038324.375,4574.80908203125,2.1922042968
2435,1,628382690,False,0.0,0,0,0,0.0,0.0,0.0,0.0,0.0,167117360,238,5009412608.0,43726500.0,0.0,0.0,0.0535649625
2436,1,628380146,False,0.173980623483658,8400,5580,5410,0.000554681546912768,0.000165490462677553,0.0428697392344475,259.046600341797,2.91268333740234e-06,167117360,607344850,3336916480.0,14367600.0,615935.25,2377.70068359375,0.01760031
2437,1,628383848,False,0.282363533973694,4950,2850,4810,0.028256977362929,7.27238802937791e-05,0.0248569324612617,341.798767089844,0.0001483799625,167117360,81,48795146240.0,1665567104.0,41400888.0,121126.5,2.0403197024
2438,2,628378962,False,0.0,0,0,0,0.0,0.0,0.0,0.0,0.0,167117360,488,1822876416.0,19680300.0,0.0,0.0,0.0241083675
2439,3,628386011,False,0.188298374414444,4520,5360,1810,0.0125521096224905,0.000240598413986314,0.0663648364521315,275.832393707743,6.5912271194458e-05,167117360,704,38113923072.0,223633792.0,14841420.03125,53805.9356689453,0.2739513952
2440,1,628381254,False,0.0,0,0,0,0.0,0.0,0.0,0.0,0.0,167117360,727,62214463488.0,410187584.0,0.0,0.0,0.5024797904
2441,2,628378193,False,0.0,0,0,0,0.0,0.0,0.0,0.0,0.0,167117360,67,4592153600.0,35877600.0,0.0,0.0,0.04395006
2442,1,628381943,False,0.0,0,0,0,0.0,0.0,0.0,0.0,0.0,167117360,520,23300691968.0,126495904.0,0.0,0.0,0.1549574824
2443,3,628386447,False,0.0,0,0,0,0.0,0.0,0.0,0.0,0.0,167117360,888,40260872192.0,299799008.0,0.0,0.0,0.3672537848
2444,2,628378937,False,0.26407378911972,8740,5170,7900,0.00879651830725458,6.01687570451759e-05,0.0139977764338255,232.641937255859,4.61913190429687e-05,167117360,466,53027418112.0,626690688.0,8772276.0,37707.19921875,0.7676960928
2445,1,628381617,False,0.260936975479126,12770,4720,4620,0.0180434848915257,8.47793487165076e-06,0.00236060850249981,278.44145281104,9.4747983026886e-05,167117360,645,2289536237568.0,9123128856.0,21536135.546875,77345.2922668457,11.1758328486
2446,3,628385330,False,0.383442997932434,7100,6080,3470,0.223703029106816,0.000525230887682349,0.233316691768821,444.217385611806,0.00117468498642578,167117360,403,288433356800.0,1825723776.0,425971831.5,958926.51953125,2.2365116256
2447,3,628384837,False,0.0,0,0,0,0.0,0.0,0.0,0.0,0.0,167117360,279,2361607040.0,30925800.0,0.0,0.0,0.037884105
2448,3,628384439,False,0.0,0,0,0,0.0,0.0,0.0,0.0,0.0,167117360,132,1963416576.0,19231200.0,0.0,0.0,0.02355822
2449,2,628378539,False,0.166117504239082,5560,6700,6600,0.00287769642812208,4.89526864839718e-05,0.0205428712069988,419.6474609375,1.51110461181641e-05,167117360,226,39606693888.0,251989200.0,5176581.5,12335.5478515625,0.30868677
2450,3,628384433,False,0.433098435401917,7690,6390,5720,0.0517465163741266,0.000276555787736136,0.0858744873559436,310.514157229922,0.000271725671875,167117360,129,20712740864.0,802069184.0,68877280.0,221816.875,0.9825347504
2451,2,628378841,False,0.277444154024124,4650,3890,10030,0.0247041569358835,2.60947386717666e-05,0.00580385399115634,222.414719846797,0.000129723778755951,167117360,378,852755835904.0,4058172936.0,23553043.1914062,105896.962249756,4.9712618466
2452,2,628379073,False,0.369614958763123,3460,5980,5760,0.0667949492805924,0.000441551316316074,0.107966384471306,244.51605166096,0.0003507463640625,167117360,589,90328551424.0,648449120.0,70010707.0,286323.5625,0.794350172
2453,1,628380149,False,0.151308834552765,8410,5580,5400,0.000632982274027363,9.72336856648326e-05,0.0272974316030741,280.740478515625,3.32384758911133e-06,167117360,607344846,4880423936.0,27905400.0,761745.75,2713.34497070312,0.034184115
2454,3,628384561,False,0.148318231105804,3390,2400,5690,0.00250869686390873,2.28100094961144e-05,0.00668211816032676,292.946750480969,1.31733957885742e-05,167117360,171,76652113920.0,471450592.0,3150288.5625,10753.7924804688,0.5775269752
2455,3,628384181,False,0.342620640993118,6600,6310,6830,0.0138313867561719,0.000307473522840812,0.175536878843206,570.90079568928,7.26298719726562e-05,167117360,576073704,34564149248.0,192828608.0,33848532.0,59289.69140625,0.2362150448
2456,1,628382612,False,0.0,0,0,0,0.0,0.0,0.0,0.0,0.0,167117360,255,44694073344.0,187021792.0,0.0,0.0,0.2291016952
2457,3,628384248,False,0.0737313330173492,7460,3400,6110,0.00019535093064373,5.45051672045214e-06,0.00204494486693535,375.183670066003,1.02580553436279e-06,167117360,50,15332112896.0,153635392.0,314175.90625,837.392272949219,0.1882033552
2458,2,628379070,False,0.0,0,0,0,0.0,0.0,0.0,0.0,0.0,167117360,587,7181464576.0,41567400.0,0.0,0.0,0.050920065
2459,2,628379723,False,0.0875949487090111,5630,6120,8590,0.00128208246088884,4.37343938301297e-06,0.00126930310698359,290.229953092236,6.7323318069458e-06,167117360,942,203562680320.0,1256626784.0,1595040.28125,5495.78106689453,1.5393678104
2460,2,628378837,False,0.10989423841238,8190,5490,7770,0.0016009744640844,9.00745346877216e-07,0.000234209469098368,260.017406595934,8.40686276855469e-06,167117360,375,1465204617216.0,7618962608.0,1784433.1875,6862.7451171875,9.3332291948
2461,2,628379963,False,0.222750708460808,11970,4640,9280,0.0416911236753183,1.28285956444342e-05,0.00303215436425083,236.359025437547,0.000218923888711548,167117360,1073,2773611192320.0,13930860672.0,42240519.984375,178713.378540039,17.0653043232
2462,1,628381195,False,0.240713566541672,5490,4560,5360,0.00466040877476626,7.13417454941612e-06,0.00263821716165214,369.799917758959,2.44722310653686e-05,167117360,768,178183193856.0,2800230264.0,7387615.5390625,19977.3314819336,3.4302820734
2463,1,628383941,False,0.0,0,0,0,0.0,0.0,0.0,0.0,0.0,167117360,52,92152987648.0,592686016.0,0.0,0.0,0.7260403696
2464,3,628387109,False,0.0295409541577101,12750,7190,4180,0.00127828615718117,1.1871399333563e-05,0.00307805425592017,259.283187216005,6.7123970703125e-06,167117360,955,53218596864.0,461572192.0,1420744.25,5479.5078125,0.5654259352
2465,2,628378362,False,0.186956435441971,10970,4210,6010,0.0139297062964168,0.000138041083118878,0.0374073050916195,270.986755371094,7.31461568359375e-05,167117360,145,17828964352.0,432560704.0,16180931.0,59711.1484375,0.5298868624
2466,3,628384802,False,0.211768284440041,4910,6510,6080,0.00769998206423099,0.000396237971175896,0.143599392980106,362.406945891513,4.04333073303223e-05,167117360,263,14816031744.0,83300400.0,11961886.875,33006.7814941406,0.10204299
2467,3,628387525,True,0.920122146606445,7670,6970,5720,0.982257588240376,0.114924199577553,154.341402284628,1342.9843570977,0.00515792408496094,167117360,1097,11886207616.0,36637629.75,5654703152.0,4210550.2734375,0.04488109644375
2468,3,628384392,False,0.100134707987309,5720,7010,5720,0.00455647258566525,6.97651922516799e-05,0.0124487501419821,178.437838988143,2.39264526672363e-05,167117360,117,1610659968.0,279964800.0,3485211.84375,19531.7980957031,0.34295688
2469,3,628384369,False,0.0,0,0,0,0.0,0.0,0.0,0.0,0.0,167117360,105,25814536192.0,175692608.0,0.0,0.0,0.2152234448
2470,2,628378793,False,0.0,0,0,0,0.0,0.0,0.0,0.0,0.0,167117360,336,1417861120.0,12548700.0,0.0,0.0,0.0153721575
2471,1,628380164,False,0.156522959470749,8540,5140,5490,0.00099105646400039,0.000434329907875508,0.143299251794815,329.931823730469,5.20412778320312e-06,167117360,607344830,1418857984.0,9781200.0,1401638.625,4248.267578125,0.01198197
2472,2,628379826,False,0.798363447189331,7760,6880,5780,8.61493329495832,0.000163204997079447,0.0581748113036156,356.452392578125,0.0452377996,167117360,997,36347413561876.9,226272575488.0,13163364352.0,36928816.0,277.1839049728
2473,3,628386206,False,0.058334331959486,8390,5140,6540,0.000107200696186594,7.42145303284162e-07,0.000301680515478299,406.497911046926,5.62920622253418e-07,167117360,792,36507337728.0,619187424.0,186796.78125,459.527038574219,0.7585045944
2474,1,628382393,False,0.0,0,0,0,0.0,0.0,0.0,0.0,0.0,167117360,318,2127255296.0,7812000.0,0.0,0.0,0.0095697
2475,1,628383925,False,0.0,0,0,0,0.0,0.0,0.0,0.0,0.0,167117360,58,3327422976.0,19511100.0,0.0,0.0,0.0239010975
2476,1,628380174,False,0.0,0,0,0,0.0,0.0,0.0,0.0,0.0,167117360,151,26645957120.0,293414400.0,0.0,0.0,0.35943264
2477,1,628381131,False,0.0,0,0,0,0.0,0.0,0.0,0.0,0.0,167117360,811,138349281280.0,506958304.0,0.0,0.0,0.6210239224
2478,1,628380738,False,0.534481704235077,9760,7040,5610,0.432127932679517,8.83023749338463e-05,0.0217924024909735,246.792953491211,0.00226914314375,167117360,1009,1001137341319.14,20977485824.0,457149824.0,1852361.75,25.6974201344
2479,1,628382018,True,0.493034571409225,7910,6360,5690,0.0112310543958186,0.0647118080035056,34.8654977441709,538.781079061833,5.897528984375e-05,167117360,467,145385632.0,743961.5,25938588.0,48143.09375,0.0009113528375
2480,2,628379039,False,0.0,0,0,0,0.0,0.0,0.0,0.0,0.0,167117360,564,32295899136.0,186825600.0,0.0,0.0,0.22886136
2481,1,628382108,False,0.0,0,0,0,0.0,0.0,0.0,0.0,0.0,167117360,413,307045280.0,112570200.0,0.0,0.0,0.137898495
2482,3,628384844,False,0.0338585935533047,7970,240,4180,0.00014835189309764,5.19402229406055e-06,0.00130202922263551,250.678404696953,7.79009306335449e-07,167117360,281,21405503488.0,122434200.0,159412.90625,635.925964355469,0.149981895
2483,1,628380013,False,0.0,0,0,0,0.0,0.0,0.0,0.0,0.0,167117360,560581551,14751022080.0,106070400.0,0.0,0.0,0.12993624
2484,3,628384820,False,0.0,0,0,0,0.0,0.0,0.0,0.0,0.0,167117360,271,15325540864.0,88371000.0,0.0,0.0,0.108254475
2485,3,628386494,False,0.0,0,0,0,0.0,0.0,0.0,0.0,0.0,167117360,906,51951108096.0,371014208.0,0.0,0.0,0.4544924048
2486,2,628380135,False,0.0,0,0,0,0.0,0.0,0.0,0.0,0.0,167117360,298,28343552000.0,163924192.0,0.0,0.0,0.2008071352
2487,2,628379174,False,0.0716304555535316,7330,7470,8940,0.0012655372768283,1.00265160654089e-05,0.00212940596975386,212.377456665039,6.64545153808594e-06,167117360,655,73081880576.0,541051200.0,1152117.625,5424.8583984375,0.66278772
2488,2,628379697,False,0.0,0,0,0,0.0,0.0,0.0,0.0,0.0,167117360,182305697,33877436416.0,149164192.0,0.0,0.0,0.1827261352
2489,1,628383658,False,0.366225004196167,5890,6490,5690,0.024974599382071,0.000266950140940025,0.0928036421537399,347.644104003906,0.000131143896679687,167117360,129,10088564736.0,401034592.0,37217472.0,107056.2421875,0.4912673752
2490,3,628384601,False,0.256938725709915,10330,7180,6090,0.0232732814494157,0.000197685489033733,0.0389891870853144,197.228371570871,0.00012221012121582,167117360,190,2660548096.0,504656992.0,19676165.875,99763.3642578125,0.6182048152
2491,2,628379112,False,0.423280477523804,6490,7110,6220,0.511211788377936,0.00930723734200001,2.96458745002747,318.524963378906,0.002684419675,167117360,614,32077277184.0,235447200.0,698003840.0,2191363.0,0.28842282
2492,3,628385945,False,0.255339682102203,7230,270,6940,0.00612364392692809,5.74935925598664e-05,0.0126277683815541,219.637838223541,3.21558121582031e-05,167117360,671,59075440640.0,456566400.0,5765414.75,26249.642578125,0.55929384
2493,3,628385044,False,0.155584886670113,7070,5750,4440,0.000394840275290961,0.000150978046456165,0.0559817056037251,370.793681053351,2.07334225769043e-06,167117360,356,1703775232.0,11210400.0,627577.3125,1692.52429199219,0.01373274
2494,3,628385664,False,0.0819732323288918,7100,4020,600,0.00262041467753822,4.02308958115996e-06,0.000941639577265226,234.058814318951,1.37600362060547e-05,167117360,541,440887980032.0,2792053816.0,2629108.375,11232.6826171875,3.4202659246
2495,3,628385688,False,0.55791974067688,7530,4620,6060,0.0843232730422663,1.98090143276123e-05,0.00871581507610213,439.992365695497,0.0004427891890625,167117360,549,3047569988352.0,18247276544.0,159039888.0,361460.5625,22.3529137664
2496,1,628382011,False,0.0,0,0,0,0.0,0.0,0.0,0.0,0.0,167117360,469,1526300928.0,12598200.0,0.0,0.0,0.015432795
2497,1,628380861,False,0.0984489470720291,4270,5320,3080,0.00317594005949373,1.08337659690383e-05,0.00265544137088837,245.107876474102,1.66771505981445e-05,167117360,942,190446907392.0,1256626784.0,3336898.75,13614.0004882812,1.5393678104
2498,1,628381926,False,0.0,0,0,0,0.0,0.0,0.0,0.0,0.0,167117360,530,389100544.0,16888500.0,0.0,0.0,0.0206884125
2499,1,628382838,False,0.0261844154447317,10820,4950,3830,0.000206794332801923,6.85018085277989e-06,0.00136449851561338,199.191604614258,1.08589588165283e-06,167117360,209,16049861632.0,129404704.0,176572.53125,886.445617675781,0.1585207624
2500,3,628384507,False,0.0,0,0,0,0.0,0.0,0.0,0.0,0.0,167117360,154,62155617792.0,246627008.0,0.0,0.0,0.3021180848
2501,1,628380824,False,0.260936975479126,12770,4720,4620,0.00455562390950624,1.98016150534386e-05,0.00556719489395618,281.148529052734,2.39219961914062e-05,167117360,957,245268594688.0,986190272.0,5490313.5,19528.16015625,1.2080830832
2502,2,628378295,False,0.0,0,0,0,0.0,0.0,0.0,0.0,0.0,167117360,121,1530950912.0,17208000.0,0.0,0.0,0.0210798
2503,3,628385955,False,0.137149438261986,5200,4420,1080,0.00188359802023726,3.81832287007591e-06,0.00085133730401933,222.961057246163,9.89094481048584e-06,167117360,677,405435866624.0,2114603960.0,1800241.234375,8074.24066162109,2.590389851
2504,1,628382641,False,0.0,0,0,0,0.0,0.0,0.0,0.0,0.0,167117360,249,7454443520.0,35722800.0,0.0,0.0,0.04376043
2505,2,628379172,False,0.0,0,0,0,0.0,0.0,0.0,0.0,0.0,167117360,654,70117040128.0,246657600.0,0.0,0.0,0.30215556
2506,1,628382376,False,0.0,0,0,0,0.0,0.0,0.0,0.0,0.0,167117360,321,2877625856.0,12087000.0,0.0,0.0,0.014806575
2507,2,628378161,False,0.0725731253623962,7440,3400,6110,0.000116185437777817,6.91313258017861e-07,0.000224837772431927,325.232837392102,6.10100318908691e-07,167117360,51,115230313984.0,720427492.0,161979.3125,498.041076660156,0.8825236777
2508,2,628380129,False,0.228028833866119,6180,6940,5790,0.00757002548744591,0.00109630357474089,0.329977065324783,300.990600585938,3.97508935058594e-05,167117360,286,3064376320.0,29599200.0,9767057.0,32449.708984375,0.03625902
2509,1,628381082,False,0.0515494532883167,9170,3720,710,0.000269010664693272,9.91234264802188e-06,0.0022615185007453,228.151779174805,1.41259950866699e-06,167117360,836,14077411328.0,116334000.0,263091.5,1153.14245605469,0.14250915
2510,1,628381307,False,0.0,0,0,0,0.0,0.0,0.0,0.0,0.0,167117360,690,4396459008.0,58300200.0,0.0,0.0,0.071417745
2511,1,628380783,False,0.00183624343480915,8680,4070,5690,7.75755565972148e-07,2.90269611014082e-07,0.00012654994498007,435.973785400391,4.07356315255165e-09,167117360,975,1618020096.0,11456100.0,1449.76879882812,3.32535767555237,0.0140337225
2512,2,628378914,False,0.056879535317421,6220,5330,6190,0.000504265421687174,2.38097703704645e-06,0.000813404671660845,341.626424364788,2.6479436706543e-06,167117360,444,161026374656.0,907857000.0,738455.125,2161.58666992188,1.112124825
2513,2,628379980,False,0.0,0,0,0,0.0,0.0,0.0,0.0,0.0,167117360,1086,15993250816.0,68735696.0,0.0,0.0,0.0842012276
2514,1,628381038,False,0.0,0,0,0,0.0,0.0,0.0,0.0,0.0,167117360,857,42592534528.0,240640192.0,0.0,0.0,0.2947842352
2515,3,628386418,False,0.0,0,0,0,0.0,0.0,0.0,0.0,0.0,167117360,874,4774614016.0,40287600.0,0.0,0.0,0.04935231
2516,2,628379634,False,0.0,0,0,0,0.0,0.0,0.0,0.0,0.0,167117360,889,66138550272.0,362163584.0,0.0,0.0,0.4436503904
2517,1,628380615,True,0.707801640033722,7660,6980,5660,0.0196466139869561,0.0853786170482635,72.9430847167969,854.348449707031,0.000103166159960937,167117360,1097,221532800.0,986397.75,71950896.0,84217.2734375,0.00120833724375
2518,2,628379933,False,0.255300402641296,4480,4650,9790,0.00339200256522599,1.82724896441772e-05,0.00465573062774135,254.794541871581,1.78117145002365e-05,167117360,1057,156282468608.0,795741324.0,3704757.25390625,14540.1751022339,0.9747831219
2519,3,628387736,False,0.00607960857450962,8290,5480,5460,3.5827502269974e-06,4.50006885252338e-07,0.000115325793602966,256.27562017923,1.88133478503674e-08,167117360,607344858,7265152768.0,34128000.0,3935.83868408203,15.3578349798918,0.0418068
2520,1,628381014,False,0.426997363567352,5270,3620,1090,0.013777022273472,0.000106001789390575,0.0234677586704493,221.390213012695,7.23443991210937e-05,167117360,873,89278021632.0,557128832.0,13074565.0,59056.65234375,0.6824828192
2521,3,628387543,False,0.0,0,0,0,0.0,0.0,0.0,0.0,0.0,167117360,1102,290800041984.0,1486512000.0,0.0,0.0,1.8209772
2522,3,628384513,False,0.0,0,0,0,0.0,0.0,0.0,0.0,0.0,167117360,156,31553136640.0,166084192.0,0.0,0.0,0.2034531352
2523,3,628385799,False,0.212077394127846,3980,4490,5730,0.0173970126405569,0.000114547370631924,0.0272111269274107,237.553483570116,9.13532983398437e-05,167117360,597,98663972864.0,651033024.0,17715342.25,74574.12109375,0.7975154544
2524,3,628387245,False,0.798363447189331,7760,6880,5780,13.3377029634988,0.000126275132276706,0.0423685621812853,335.525779442015,0.0700374934,167117360,997,73402068236446.4,452768989184.0,19183171072.0,57173464.0,554.6420117504
2525,1,628380903,False,0.0,0,0,0,0.0,0.0,0.0,0.0,0.0,167117360,182305693,14354923520.0,74808000.0,0.0,0.0,0.0916398
2526,1,628381297,False,0.0921381637454033,8620,2040,1200,0.000685597291216393,5.79551960981917e-05,0.0135770663619041,234.268325805664,3.60013383789062e-06,167117360,696,8824881152.0,50709600.0,688487.625,2938.884765625,0.06211926
2527,3,628385919,False,0.0528658777475357,4040,3090,9420,0.000541166587052708,1.72150918009158e-06,0.000589427013318138,342.389700929031,2.84171505188942e-06,167117360,657,323894231040.0,1347519616.0,794264.462646484,2319.76738929749,1.6507115296
2528,3,628385262,False,0.0,0,0,0,0.0,0.0,0.0,0.0,0.0,167117360,368,1501395712.0,11833200.0,0.0,0.0,0.01449567
2529,3,628385923,False,0.186282396316528,9490,4730,3410,0.0135259102692779,7.71408453507765e-05,0.0177836324104725,230.534580345942,7.1025787109375e-05,167117360,658,49792268288.0,751615232.0,13366449.0,57980.234375,0.9207286592
2530,2,628378059,True,0.920122146606445,7670,6970,5720,0.962611005236563,0.11574167212934,156.593516371915,1352.9570939404,0.00505475808769531,167117360,8,11664674672.0,35651231.375,5582751684.0,4126333.1328125,0.043672758434375
2531,1,628381656,False,0.129071488976479,5740,7240,3500,0.00576823189526823,1.68283008844798e-05,0.00402051408064886,238.913845684613,3.02895111999512e-05,167117360,631,226659454976.0,1469318368.0,5907415.1875,24726.1315917969,1.7999150008
2532,3,628387249,False,0.0675194784998894,5840,5680,3300,0.00033222000920132,3.69299199928193e-06,0.000903540221483268,244.663465736983,1.74451753540039e-06,167117360,998,74843607040.0,385621184.0,348424.25,1424.09594726562,0.4723859504
2533,1,628382718,False,0.0,0,0,0,0.0,0.0,0.0,0.0,0.0,167117360,233,22025195520.0,91323904.0,0.0,0.0,0.1118717824
2534,1,628382204,False,0.0,0,0,0,0.0,0.0,0.0,0.0,0.0,167117360,363,84284301312.0,440747104.0,0.0,0.0,0.5399152024
2535,1,628380283,False,0.0,0,0,0,0.0,0.0,0.0,0.0,0.0,167117360,563807435,14547483648.0,125820896.0,0.0,0.0,0.1541305976
2536,2,628379830,False,0.0484637282788754,8640,4990,6270,0.000540661560290736,4.19152543764209e-06,0.00116234968534548,277.309467075393,2.83906311035156e-06,167117360,1000,32460468573.1934,552925796.0,642693.125,2317.6025390625,0.6773341001
2537,3,628385006,False,0.798363447189331,7760,6880,5780,8.61907429516595,0.000342523465196465,0.12666892649801,369.810945435096,0.0452595443693583,167117360,343,16317095131975.5,107865797781.0,13663244810.7707,36946566.8321292,132.135602281725
2538,1,628381034,False,0.0,0,0,0,0.0,0.0,0.0,0.0,0.0,167117360,859,2247504896.0,12558600.0,0.0,0.0,0.015384285
2539,1,628380627,False,0.0,0,0,0,0.0,0.0,0.0,0.0,0.0,167117360,1090,255730057216.0,983482176.0,0.0,0.0,1.2047656656
2540,3,628384613,False,0.108458831906319,8760,4070,5700,0.000785631668752232,6.72226339575773e-05,0.0284346330961962,422.991951105943,4.12542346801758e-06,167117360,197,4596023552.0,50097600.0,1424506.875,3367.69262695312,0.06136956
2541,1,628378621,False,0.0,0,0,0,0.0,0.0,0.0,0.0,0.0,167117360,312782578,5592089088.0,33368400.0,0.0,0.0,0.04087629
2542,2,628378050,False,0.0391879417002201,6850,5790,7430,0.000252105856886874,1.14505689907674e-06,0.000280061591183767,244.583129882812,1.32383082275391e-06,167117360,6,29825957888.0,943776896.0,264315.65625,1080.67822265625,1.1561266976
2543,3,628384240,False,0.156141951680183,7650,5700,6060,0.00102659225040834,1.87772199020808e-05,0.00493276335541221,262.699344265845,5.3907294351384e-06,167117360,46,19443355968.0,234358200.0,1156033.54100037,4400.59545725584,0.287088795
2544,2,628378814,False,0.582605600357056,10800,7190,5700,0.314619496080754,9.67857558862306e-05,0.0218982193619013,226.25456237793,0.0016520956375,167117360,354,1919625589504.0,13934380032.0,305138112.0,1348649.5,17.0696155392
2545,1,628381647,False,0.0,0,0,0,0.0,0.0,0.0,0.0,0.0,167117360,633,1138734592.0,8169300.0,0.0,0.0,0.0100073925
2546,3,628386437,False,0.0,0,0,0,0.0,0.0,0.0,0.0,0.0,167117360,882,17974148096.0,165409200.0,0.0,0.0,0.20262627
2547,2,628379254,False,0.356600403785706,7470,4610,6070,0.00116452999154686,3.91370445793531e-06,0.00134979664823881,344.889774572018,6.11505308074951e-06,167117360,709,228371045888.0,1275487232.0,1721648.390625,4991.88006591797,1.5624718592
2548,1,628381880,False,0.0,0,0,0,0.0,0.0,0.0,0.0,0.0,167117360,556,10845811712.0,63430200.0,0.0,0.0,0.077701995
2549,2,628378546,False,0.220406651496887,10630,7130,5700,0.00128161376964117,0.00018327051657252,0.0447901748120785,244.393783569336,6.7298706665039e-06,167117360,230,782490112.0,29976300.0,1342643.75,5493.77197265625,0.0367209675
2550,1,628381789,False,0.191553667187691,2600,6260,5170,0.0161002058533447,0.000106431207210598,0.0237547770131911,223.193719546814,8.45436477539062e-05,167117360,589,90683240448.0,648449120.0,15403764.25,69015.22265625,0.794350172
2551,2,628379394,False,0.339522838592529,7750,5600,6310,0.00780312390851083,9.05500546314855e-05,0.0271135422522054,299.431539412652,4.09749145514294e-05,167117360,824,30556357184.0,369396904.0,10015658.5644379,33448.9098379016,0.4525112074
2552,1,628380306,False,0.226013273000717,11210,6250,3190,0.00216857495691682,2.37797103181947e-05,0.00646754866465926,271.977600097656,1.13873846679687e-05,167117360,1123,1255745664.0,390914112.0,2528256.0,9295.82421875,0.4788697872
2553,3,628384735,False,0.0,0,0,0,0.0,0.0,0.0,0.0,0.0,167117360,237,847011328.0,8380800.0,0.0,0.0,0.01026648
2554,2,628380086,False,0.0,0,0,0,0.0,0.0,0.0,0.0,0.0,167117360,919,49019813888.0,314517600.0,0.0,0.0,0.38528406
2555,3,628386444,False,0.0945035666227341,8800,880,5460,0.00456164808068208,4.99788779851205e-06,0.00107595393176116,215.281730030331,2.39536296630859e-05,167117360,886,694379544192.0,3912449456.0,4209615.375,19553.9833984375,4.7927505836
2556,2,628379641,False,0.0411861576139927,9030,3940,10650,0.000968577281673806,5.38853980913458e-06,0.00129681794277136,240.662218097195,5.08608754882812e-06,167117360,895,103969126400.0,770507104.0,999207.4375,4151.908203125,0.9438712024
2557,1,628382129,False,0.0,0,0,0,0.0,0.0,0.0,0.0,0.0,167117360,398,56406103040.0,404388912.0,0.0,0.0,0.4953764172
2558,1,628383762,False,0.0,0,0,0,0.0,0.0,0.0,0.0,0.0,167117360,106,721115904.0,3250800.0,0.0,0.0,0.00398223
2559,3,628387119,False,0.199870944023132,7270,3400,6280,0.00092168366655375,6.6038484211944e-06,0.00176067506464257,266.613488430754,4.83984490356445e-06,167117360,958,61420142592.0,598271424.0,1053361.578125,3950.89379882812,0.7328824944
2560,1,628380911,False,0.0,0,0,0,0.0,0.0,0.0,0.0,0.0,167117360,182305689,133757599744.0,568049388.0,0.0,0.0,0.6958605003
2561,1,628382385,False,0.000346401357091963,6200,6360,3390,2.1656047282965e-07,1.38898870910787e-09,2.89604155302478e-07,208.500006806021,1.13717877268791e-09,167117360,319,116412481536.0,668334592.0,193.552474975586,0.928309202194214,0.8187098752
2562,2,628379345,False,0.0,0,0,0,0.0,0.0,0.0,0.0,0.0,167117360,786,4136538112.0,40391100.0,0.0,0.0,0.0494790975
2563,3,628386184,False,0.0,0,0,0,0.0,0.0,0.0,0.0,0.0,167117360,781,5111426048.0,21128400.0,0.0,0.0,0.02588229
2564,2,628379969,False,0.123669669032097,8640,3990,8250,0.00181759607780976,6.26312612439506e-05,0.012384737841785,197.740509033203,9.54436259765625e-06,167117360,1079,18525089792.0,124399800.0,1540658.875,7791.31640625,0.152389755
2565,2,628379065,False,0.00214662309736013,5790,4870,9340,2.33223557204413e-06,4.03392981240813e-08,9.87458588497248e-06,244.788238525391,1.22467814683914e-08,167117360,583,40955883520.0,247832096.0,2447.2392578125,9.9973726272583,0.3035943176
2566,2,628378314,False,0.245771840214729,6190,4630,6210,0.012238151813143,0.000283905995311015,0.118280485468809,416.618484365696,6.42636501342773e-05,167117360,127,39372392448.0,184779904.0,21855856.75,52460.1225585938,0.2263553824
