,hemisphere_id,id,is_injection,max_voxel_density,max_voxel_x,max_voxel_y,max_voxel_z,normalized_projection_volume,projection_density,projection_energy,projection_intensity,projection_volume,experiment_id,structure_id,sum_pixel_intensity,sum_pixels,sum_projection_pixel_intensity,sum_projection_pixels,volume
0,2,633077188,False,0.000230861216550693,4500,5190,9500,9.2479955164091e-09,9.66398183699368e-10,1.83287582444791e-07,189.660522460938,3.16934203356504e-10,113225519,694,40104058880.0,267717600.0,49.0693130493164,0.258721798658371,0.32795406
1,1,633078130,False,0.163860201835632,8000,4460,4600,0.000357572461171174,0.000164765791851096,0.0315310060977936,191.368637084961,1.22542169189453e-05,113225519,422,4552238080.0,60713100.0,1914345.125,10003.4423828125,0.0743735475
2,3,633079188,False,0.16192564368248,6520,4800,7470,9.36068469641787e-05,2.63003727654988e-05,0.00514277871680998,195.540145482514,3.20796127319336e-06,113225519,1092,6972194048.0,99570600.0,512069.5625,2618.74389648438,0.121973985
3,2,633078260,False,0.0,0,0,0,0.0,0.0,0.0,0.0,0.0,113225519,312782616,19331760128.0,109932304.0,0.0,0.0,0.1346670724
4,1,633078090,False,0.0,0,0,0,0.0,0.0,0.0,0.0,0.0,113225519,488,1431791104.0,19680300.0,0.0,0.0,0.0241083675
5,2,633077594,False,0.0753649324178696,8950,5200,5880,3.23256532073516e-05,5.29970711795613e-05,0.0115711847320199,218.336303710938,1.10781900024414e-06,113225519,607344858,2197869056.0,17064000.0,197450.703125,904.342041015625,0.0209034
6,2,633077237,False,0.153845623135567,4020,3170,6110,0.000263594385188524,1.63455169968074e-05,0.00378224137239158,231.393188476562,9.03353341064453e-06,113225519,772,77849313280.0,451152000.0,1706365.75,7374.31298828125,0.5526612
7,1,633077534,False,0.150242879986763,7680,2410,5170,2.44217603148734e-05,1.1432261999289e-06,0.000181040042662062,158.358901977539,8.36947978210449e-07,113225519,484682470,90966925312.0,597627008.0,108194.421875,683.222839355469,0.7320930848
8,3,633078910,False,0.0,0,0,0,0.0,0.0,0.0,0.0,0.0,113225519,727,90702151680.0,820375168.0,0.0,0.0,1.0049595808
9,3,633078626,False,0.0,0,0,0,0.0,0.0,0.0,0.0,0.0,113225519,312782558,23556064256.0,139320000.0,0.0,0.0,0.170667
10,3,633078775,False,0.0,0,0,0,0.0,0.0,0.0,0.0,0.0,113225519,530,1200080768.0,33777000.0,0.0,0.0,0.041376825
11,3,633078887,False,0.0,0,0,0,0.0,0.0,0.0,0.0,0.0,113225519,692,19007400960.0,151536608.0,0.0,0.0,0.1856323448
12,1,633078356,False,0.0653450712561607,10680,6420,2930,0.000415790358834488,2.54149726970354e-05,0.00301706441678107,118.71208190918,1.42493782470703e-05,113225519,101,26064504832.0,457688704.0,1380876.25,11632.1455078125,0.5606686624
13,3,633078730,False,0.00308227422647178,7610,1980,5730,8.07686991558666e-07,2.63227590312229e-08,4.22217025708919e-06,160.399988925212,2.76799045562744e-08,113225519,443,36322334720.0,858414592.0,3624.37255859375,22.5958404541016,1.0515578752
14,1,633078022,False,0.278825789690018,10720,4850,5680,0.0020216186885288,0.0011612466769293,0.334523141384125,288.072418212891,6.92820522460937e-05,113225519,604,5217748480.0,48703500.0,16292448.0,56556.77734375,0.0596617875
15,1,633078052,False,0.328095138072968,4500,5000,5600,0.00586467475970397,0.000878199061844498,0.241843044757843,275.385223388672,0.0002009858265625,113225519,564,18268672000.0,186825600.0,45182472.0,164070.0625,0.22886136
16,1,633078005,False,0.541790068149567,6380,5740,3890,0.12118711536244,0.000138680932615119,0.0404960076509121,292.008475046102,0.00415315316668549,113225519,623,2998826420160.0,24446973724.0,990004834.96875,3390329.11566162,29.9475428119
17,1,633077620,False,0.0,0,0,0,0.0,0.0,0.0,0.0,0.0,113225519,526157192,21663621120.0,167212800.0,0.0,0.0,0.20483568
18,3,633078752,False,0.130205482244492,7010,3040,5930,0.000138219828013406,1.34253386223424e-05,0.00200761266596694,149.539071038839,4.73687416930231e-06,113225519,483,18619226112.0,288025216.0,578243.071759462,3866.83605657332,0.3528308896
19,3,633078800,False,0.347603172063828,9660,5860,6040,0.0048360865657976,0.000217971348638612,0.0333271913529229,152.897119557571,0.000165735508886719,113225519,574,28192374784.0,620697600.0,20686107.6875,135294.29296875,0.76035456
20,3,633078903,False,0.194182857871056,2740,3220,6180,0.00112782748116962,5.93770524321873e-06,0.00130248985147336,219.359129178885,3.86513059650421e-05,113225519,714,843861926216.0,5313851936.0,6921238.21887207,31552.0865020752,6.5094686216
21,3,633078683,False,0.375365734100342,6960,5050,5900,0.00173391814965133,0.000175943593247108,0.0687589831349854,390.801289583845,5.94223868804932e-05,113225519,366,36445177856.0,275702400.0,18957016.671875,48508.0709228516,0.33773544
22,2,633077277,False,0.684102892875671,6870,6000,6330,0.178020638590163,0.0295981261879206,11.4418954849243,386.574981689453,0.006100871175,113225519,830,22229178080.0,168264128.0,1925260544.0,4980303.0,0.2061235568
23,2,633077334,False,0.187878713011742,8960,6060,9970,0.00138067842960009,7.53145973182659e-06,0.00118084162203966,156.787882307813,4.73166555282593e-05,113225519,909,564894722048.0,5128599584.0,6056063.8515625,38625.8412475586,6.2825344904
24,3,633078426,False,0.858463883399963,6940,5680,7000,11.1135275637794,0.000773171290439386,0.244615391067359,316.37929924732,0.380867075319975,113225519,8,48738175374755.1,402125508364.0,98366088486.6205,310911898.220388,492.6037477459
25,2,633077023,False,0.0,0,0,0,0.0,0.0,0.0,0.0,0.0,113225519,441,777420416.0,10631700.0,0.0,0.0,0.0130238325
26,1,633077751,False,0.0,0,0,0,0.0,0.0,0.0,0.0,0.0,113225519,977,21781762048.0,174786304.0,0.0,0.0,0.2141132224
27,2,633076749,False,0.396463394165039,8360,4600,5830,0.00817596734611363,0.00195197567594979,0.391915563440921,200.778917621616,0.000280195172338867,113225519,46,5871360256.0,117179100.0,45924313.0,228730.752929688,0.1435443975
28,2,633077560,False,0.144202649593353,8410,1880,6630,0.000831934637094882,2.39840159043052e-05,0.00381699242236667,159.147343697413,2.85108855194092e-05,113225519,302,125842284544.0,970404304.0,3704025.875,23274.1922607422,1.1887452724
29,3,633079129,False,0.0869756266474724,7170,2590,10530,0.000466803835645,1.19443698540801e-05,0.00125052111715694,104.695445003302,1.59976398681641e-05,113225519,1011,156635403264.0,1093343392.0,1367249.0,13059.2978515625,1.3393456552
30,2,633077600,False,0.0,0,0,0,0.0,0.0,0.0,0.0,0.0,113225519,312782562,27190722560.0,159857104.0,0.0,0.0,0.1958249524
31,2,633077258,False,0.0,0,0,0,0.0,0.0,0.0,0.0,0.0,113225519,805,12288467968.0,85792496.0,0.0,0.0,0.1050958076
32,2,633077580,False,0.0,0,0,0,0.0,0.0,0.0,0.0,0.0,113225519,151,24387068928.0,293414400.0,0.0,0.0,0.35943264
33,2,633077542,False,0.153789013624191,6140,440,6410,0.00202922150490456,1.20105442226225e-05,0.00156470804356655,130.277863730716,6.95426052001953e-05,113225519,254,584603481179.344,4726636244.0,7395805.75,56769.4736328125,5.7901293989
34,1,633077832,False,0.146486014127731,8860,1190,5160,0.00123308749470915,1.76343948303967e-05,0.00268979403022545,152.531122054101,4.22586280574083e-05,113225519,886,246438626560.0,1956224728.0,5261841.59515381,34496.8392305374,2.3963752918
35,3,633078802,False,0.118680112063885,10460,6340,6860,0.000164872530133933,0.000910619855877876,0.142664177894668,156.667106448204,5.65027782514095e-06,113225519,576,357333152.0,5065200.0,722622.59387207,4612.47169399261,0.00620487
36,3,633078997,False,0.307526558637619,10730,5480,4430,0.0250530825992694,0.000349123947815884,0.0555790327869062,159.195704375503,0.000858583761328125,113225519,852,105646006272.0,2007552640.0,111577834.0,700884.703125,2.459251984
37,2,633077004,False,0.0119449850171804,9260,1810,9760,6.5010293925249e-06,3.29759854676835e-07,3.31958288014165e-05,100.666677070041,2.2279407119751e-07,113225519,409,81873274112.0,551530784.0,18308.521484375,181.872711181641,0.6756252104
38,3,633078833,False,0.617332100868225,6970,6460,6880,0.174724901381208,0.0103929386007122,2.75949742629578,265.516571617836,0.0059879243375,113225519,614,39133805280.0,470329104.0,1297871952.0,4888101.5,0.5761531524
39,3,633078616,False,0.520042836666107,4560,5220,6010,0.119247606617913,0.00104003348904562,0.313512838945368,301.444946001751,0.00408668507013864,113225519,275,313386640128.0,3207655792.0,1005641273.70947,3336069.44501114,3.9293783452
40,1,633078272,False,0.0,0,0,0,0.0,0.0,0.0,0.0,0.0,113225519,217,10024740864.0,159162304.0,0.0,0.0,0.1949738224
41,3,633078427,False,0.0,0,0,0,0.0,0.0,0.0,0.0,0.0,113225519,9,31914236928.0,209615392.0,0.0,0.0,0.2567788552
42,2,633076980,False,0.0,0,0,0,0.0,0.0,0.0,0.0,0.0,113225519,368,547732160.0,5916600.0,0.0,0.0,0.007247835
43,2,633076783,False,0.581259965896606,7670,5330,7130,0.0189938252247491,0.0105089209973812,2.70508790016174,257.40869140625,0.000650929475,113225519,102,3714293760.0,50563800.0,136779520.0,531371.0,0.061940655
44,2,633076836,False,0.0600792989134789,2480,2520,5730,8.06497420680638e-05,9.57154861680465e-06,0.0010868584504351,113.550956726074,2.76391372680664e-06,113225519,171,35293700096.0,235725296.0,256200.03125,2256.25610351562,0.2887634876
45,3,633078679,False,0.0252190735191107,6730,590,8090,4.03397000358805e-05,8.94583971816757e-07,5.99739189651587e-05,67.0411284514312,1.38246506195068e-06,113225519,361,199129970304.0,1261528200.0,75658.7900390625,1128.54290771484,1.545372045
46,2,633077151,False,0.00182308338116854,10330,6840,6140,8.24867233290232e-08,3.32010756665113e-08,2.28866088036739e-06,68.9333343505859,2.82686814665794e-09,113225519,642,1964133504.0,69505200.0,159.073837280273,2.30764746665955,0.08514387
47,2,633077506,False,0.281444847583771,5960,4240,6170,0.00366833298273271,0.00204428262077272,0.75371527671814,368.694274902344,0.000125715912109375,113225519,1113,6072467456.0,50201100.0,37837336.0,102625.234375,0.0614963475
48,1,633077604,False,0.0,0,0,0,0.0,0.0,0.0,0.0,0.0,113225519,560581563,7000551424.0,79039800.0,0.0,0.0,0.096823755
49,2,633077152,False,0.0,0,0,0,0.0,0.0,0.0,0.0,0.0,113225519,643,9693960192.0,66125700.0,0.0,0.0,0.0810039825
50,2,633077183,False,0.391437888145447,4440,3840,9890,0.109299500564933,3.10720065428826e-05,0.00608522700704118,195.842743488192,0.00374575767011849,113225519,688,13749472140143.3,98408880004.0,598840374.333015,3057761.36336203,120.5508780049
51,2,633077348,False,0.187878713011742,8960,6060,9970,0.000886009911172327,1.09751783975845e-05,0.00178277049474531,162.436584642459,3.03640767196655e-05,113225519,926,251397220352.0,2258460000.0,4026315.8515625,24787.0014038086,2.7666135
52,1,633077747,False,0.0,0,0,0,0.0,0.0,0.0,0.0,0.0,113225519,982,2333822464.0,27756000.0,0.0,0.0,0.0340011
53,1,633078288,False,0.112567111849785,12910,7420,5380,0.000463426916089115,0.000427776132710278,0.0367166846990585,85.8315353393555,1.58819108642578e-05,113225519,198,537433088.0,30307500.0,1112790.875,12964.8251953125,0.0371266875
54,2,633076961,True,1.0,6890,5910,6630,0.997403811958112,0.301705439480698,515.403365203791,1708.29987716136,0.0341816107076172,113225519,343,65970497952.0,92485424.6171875,47667299080.0,27903355.6796875,0.113294645156055
55,1,633078121,False,0.217419981956482,7320,6270,4810,0.000984411774899186,0.000226986914640293,0.0532423220574856,234.561187744141,3.3736366015625e-05,113225519,436,6851969536.0,121328096.0,6459789.5,27539.890625,0.1486269176
56,2,633077129,False,0.617332100868225,6970,6460,6880,0.150346243723361,0.0179072301834822,4.7818341255188,267.033721923828,0.0051524535125,113225519,614,20820423392.0,234881904.0,1123166336.0,4206084.5,0.2877303324
57,3,633079231,False,0.199324354529381,5420,2810,8330,0.000617353150848231,6.31035214413925e-06,0.000887632295712156,140.662878304905,2.11570527587891e-05,113225519,484682516,132171624448.0,2736941312.0,2429397.5,17271.0634765625,3.3527531072
58,1,633078220,False,0.0,0,0,0,0.0,0.0,0.0,0.0,0.0,113225519,288,32669315072.0,235492192.0,0.0,0.0,0.2884779352
59,1,633078238,False,0.109307564795017,6180,6720,3830,0.000194846530469699,0.000108638290839735,0.0178672820329666,164.465805053711,6.67750430908203e-06,113225519,260,5672692224.0,50175900.0,896507.0,5451.02392578125,0.0614654775
60,1,633078409,False,0.240904077887535,8550,2310,5400,0.00521447762781858,0.000155123241711408,0.0478656366467476,308.565216064453,0.00017870319140625,113225519,17,124629458944.0,940414528.0,45013540.0,145880.15625,1.1520077968
61,3,633078559,False,0.472791761159897,10880,4380,6560,0.0122376428645193,0.000209340026857943,0.0620531769835184,296.422895873741,0.000419391162695312,113225519,202,152982519808.0,1635426048.0,101483382.0,342360.1328125,2.0033969088
62,2,633077205,False,0.0,0,0,0,0.0,0.0,0.0,0.0,0.0,113225519,721,77520633856.0,460638016.0,0.0,0.0,0.5642815696
63,1,633077860,False,0.0344979725778103,10020,2890,2940,2.38802868501383e-05,1.59143360178859e-06,0.000290064519504085,182.266189575195,8.18391366577148e-07,113225519,843,51617423360.0,419794208.0,121767.40625,668.074584960938,0.5142479048
64,1,633078357,False,0.299852758646011,9070,4920,5670,0.00177969259705104,0.000311690644593909,0.0569504611194134,182.714691162109,6.099110390625e-05,113225519,100,19589368640.0,159737408.0,9097119.0,49788.65625,0.1956783248
65,1,633078224,False,0.00938130915164948,7750,490,3300,2.67411197255698e-06,1.2220591543155e-06,0.00014933459169697,122.199150085449,9.16433778762817e-08,113225519,281,9122826240.0,61217100.0,9141.8310546875,74.810920715332,0.0749909475
66,3,633078764,False,0.0,0,0,0,0.0,0.0,0.0,0.0,0.0,113225519,510,3165075584.0,44841600.0,0.0,0.0,0.05493096
67,3,633078809,False,0.0,0,0,0,0.0,0.0,0.0,0.0,0.0,113225519,496345672,8627367424.0,86265000.0,0.0,0.0,0.105674625
68,2,633076827,False,0.222766101360321,3710,5140,6290,0.00296181159730296,3.78042277588975e-05,0.0101611549034715,268.783538818359,0.000101503011914062,113225519,159,240494542848.0,2191807744.0,22271298.0,82859.6015625,2.6849644864
69,2,633077294,False,0.141013339161873,10740,3840,6930,0.000395747674543376,0.000289217830868438,0.0349671766161919,120.902565002441,1.35625037597656e-05,113225519,850,857679744.0,38280600.0,1338564.5,11071.431640625,0.046893735
70,1,633078176,False,0.208316266536713,6140,6030,5580,0.00226295861882005,0.00128597405273467,0.314364105463028,244.456039428711,7.75529125e-05,113225519,347,4758328832.0,49230000.0,15476145.0,63308.5,0.06030675
71,2,633077022,False,0.0328866839408875,3740,4210,7220,1.85973922177513e-05,2.40429767472961e-06,0.000432994682341814,180.09196472168,6.3734348449707e-07,113225519,440,21594933248.0,216396000.0,93698.3203125,520.280395507812,0.2650851
72,1,633077561,False,0.246673792600632,8230,5290,5530,0.000549375103933478,0.00179060618393123,0.425930291414261,237.869323730469,1.88274054199219e-05,113225519,607344862,969937792.0,8583300.0,3655887.5,15369.310546875,0.0105145425
73,3,633079030,False,0.557220995426178,4620,6250,6030,0.104010662146317,0.00279898887623119,0.758627562656392,271.036290675752,0.00356450609101562,113225519,904,101833179136.0,1039590016.0,788661640.0,2909800.890625,1.2734977696
74,1,633078312,False,0.180988237261772,2870,5720,5650,0.000342871516273058,4.37637345385156e-06,0.00102356378920376,233.884017944336,1.17504069580078e-05,113225519,159,248835850240.0,2191807744.0,2243455.0,9592.1689453125,2.6849644864
75,3,633078478,False,0.449654877185822,6630,6150,6180,0.0427078799808357,0.00186822588343274,0.670836432253535,359.076725251722,0.00146362397070312,113225519,88,80712519680.0,639534592.0,429023104.0,1194795.078125,0.7834298752
76,1,633076927,False,0.116521291434765,6720,350,4340,0.00011313961605328,2.93472021439811e-05,0.00446587475016713,152.173782348633,3.87736066894531e-06,113225519,312782550,15700894720.0,107853296.0,481659.3125,3165.1923828125,0.1321202876
77,2,633077421,False,0.0,0,0,0,0.0,0.0,0.0,0.0,0.0,113225519,1005,2057753344.0,24860700.0,0.0,0.0,0.0304543575
78,1,633077687,False,0.0,0,0,0,0.0,0.0,0.0,0.0,0.0,113225519,1061,7163418624.0,65173500.0,0.0,0.0,0.0798375375
79,1,633077908,False,0.239003449678421,12840,5680,5570,0.000730312227022009,0.000160636700456962,0.0662718117237091,412.55712890625,2.50282262207031e-05,113225519,773,13491690496.0,127188896.0,8429039.0,20431.205078125,0.1558063976
80,1,633078119,False,0.0,0,0,0,0.0,0.0,0.0,0.0,0.0,113225519,440,20715286528.0,216396000.0,0.0,0.0,0.2650851
81,2,633077456,False,0.0339078269898891,10610,5590,9380,6.67240548558234e-05,3.10196946884389e-06,0.000208010009373538,67.0574035644531,2.28667229919434e-06,113225519,1049,64677523456.0,601769728.0,125174.125,1866.67126464844,0.7371679168
82,1,633078279,False,0.0,0,0,0,0.0,0.0,0.0,0.0,0.0,113225519,209,6051989504.0,129404704.0,0.0,0.0,0.1585207624
83,3,633079022,False,0.0541716106235981,9290,3700,10600,0.000328866934494855,5.97033882319987e-06,0.00069448931794015,116.323267155536,1.12704617675781e-05,113225519,895,174822339072.0,1541014208.0,1070217.90625,9200.376953125,1.8877424048
84,1,633078028,False,0.1164905205369,3730,4740,5340,0.00018111174620284,1.5565354260616e-05,0.00395694142207503,254.21467590332,6.20680523681641e-06,113225519,597,42830761984.0,325516512.0,1288049.75,5066.77978515625,0.3987577272
85,2,633077349,False,0.0,0,0,0,0.0,0.0,0.0,0.0,0.0,113225519,927,791125760.0,11122200.0,0.0,0.0,0.013624695
86,3,633079100,False,0.147021055221558,8410,5910,5450,0.000579326554749227,0.000234302681331427,0.0457988360931125,195.468681078937,1.98538591186523e-05,113225519,606826659,7724208896.0,69172200.0,3168006.25,16207.2319335938,0.084735945
87,2,633077507,False,0.0,0,0,0,0.0,0.0,0.0,0.0,0.0,113225519,1114,8058403840.0,46868400.0,0.0,0.0,0.05741379
88,3,633079161,False,0.251498281955719,3520,3730,6390,0.00371787742623135,0.000563537902818142,0.179181734251367,317.958620627493,0.000127413829101562,113225519,1054,22158342144.0,184568400.0,33071286.0,104011.2890625,0.22609629
89,1,633077690,False,0.0,0,0,0,0.0,0.0,0.0,0.0,0.0,113225519,1058,48248803328.0,317895296.0,0.0,0.0,0.3894217376
90,2,633076797,False,0.0964121073484421,10450,6980,6850,7.36400421322831e-05,1.25107735584606e-05,0.00133878295309842,107.010406494141,2.52368721923828e-06,113225519,122,5213735424.0,164670304.0,220457.796875,2060.15283203125,0.2017211224
91,1,633078303,False,0.0443163961172104,2280,2180,5360,0.000133973043723239,1.58999828272499e-05,0.00163967779371887,103.124504089355,4.59133439331055e-06,113225519,171,37290549248.0,235725296.0,386513.53125,3748.02807617188,0.2887634876
92,2,633077498,False,0.0,0,0,0,0.0,0.0,0.0,0.0,0.0,113225519,1102,99092250624.0,743256000.0,0.0,0.0,0.9104886
93,2,633077436,False,0.115382023155689,5880,5500,7570,0.000113237321220088,4.49882645625621e-06,0.00132268259767443,294.006164550781,3.88070908203125e-06,113225519,1022,59467296768.0,704167168.0,931389.6875,3167.92578125,0.8626047808
94,2,633076757,False,0.262443274259567,8110,5720,6530,0.00438680434886417,0.0062900185585022,1.65961670875549,263.849273681641,0.000150338345117187,113225519,58,1916919808.0,19511100.0,32380948.0,122725.1796875,0.0239010975
95,2,633077372,False,0.0,0,0,0,0.0,0.0,0.0,0.0,0.0,113225519,951,108969590784.0,561608128.0,0.0,0.0,0.6879699568
96,1,633077889,False,0.235085889697075,7710,5220,4590,0.00177404517557669,0.000457989808637649,0.106383226811886,232.282943725586,6.07975634765625e-05,113225519,804,8722329600.0,108366304.0,11528357.0,49630.6640625,0.1327487224
97,1,633078225,False,0.378348171710968,10760,4410,4870,0.00298349732714478,0.011915753595531,3.11570858955383,261.478088378906,0.00010224619453125,113225519,280,717236928.0,7004700.0,21824604.0,83466.28125,0.0085807575
98,2,633076897,False,0.0,0,0,0,0.0,0.0,0.0,0.0,0.0,113225519,252,25931257856.0,154379696.0,0.0,0.0,0.1891151276
99,2,633076989,False,0.0,0,0,0,0.0,0.0,0.0,0.0,0.0,113225519,380,207679920.0,10040400.0,0.0,0.0,0.01229949
100,2,633076933,False,0.273479908704758,10930,6530,5970,0.00523359167668541,0.000610063609201461,0.0740295797586441,121.347312927246,0.000179358241015625,113225519,307,9635096576.0,239999392.0,17767054.0,146414.890625,0.2939992552
101,3,633078536,False,0.538526177406311,9670,3460,5650,0.214366153566849,0.00908445753240119,2.6243353056952,288.881894855591,0.00734645318401794,113225519,165,72029727872.0,660150000.0,1732454952.05469,5997104.64001465,0.80868375
102,1,633078189,False,0.698794782161713,7860,5630,5670,0.0531826754757053,0.00325484718288822,0.919390285740527,282.468034313272,0.00182260132526588,113225519,331,38113496448.0,457114492.0,420266623.416016,1487837.81654358,0.5599652527
103,3,633079056,False,0.0,0,0,0,0.0,0.0,0.0,0.0,0.0,113225519,182305701,32857801728.0,169136992.0,0.0,0.0,0.2071928152
104,3,633078753,False,0.0801581293344498,2390,3910,5560,0.000207601645030791,1.53339705809769e-05,0.00183507326200434,119.673717404995,7.11462952880859e-06,113225519,484,112425467904.0,378757792.0,695048.296875,5807.86083984375,0.4639782952
105,2,633077175,False,0.138096332550049,4120,5010,8050,0.000321097471292962,0.000118873940664344,0.0342584811151028,288.191680908203,1.10041977294922e-05,113225519,675,10009597952.0,75567600.0,2588831.25,8983.0185546875,0.09257031
106,2,633077447,False,0.0,0,0,0,0.0,0.0,0.0,0.0,0.0,113225519,1038,81865162752.0,583219776.0,0.0,0.0,0.7144442256
107,3,633078522,False,0.0,0,0,0,0.0,0.0,0.0,0.0,0.0,113225519,148,22150368256.0,131967000.0,0.0,0.0,0.161659575
108,3,633078787,False,0.67411595582962,6770,5310,6490,0.390394542846614,0.000598537128193589,0.181255080780125,302.83013741714,0.0133790488125,113225519,549,1834421253888.0,18247276544.0,3307411584.0,10921672.5,22.3529137664
109,3,633078908,False,0.121316090226173,7650,4440,6710,0.000179085467930821,5.63301385557173e-05,0.0120004044437586,213.037012715471,6.1373634979248e-06,113225519,725,8623570944.0,88941600.0,1067335.171875,5010.09265136719,0.10895346
110,1,633077678,False,0.0,0,0,0,0.0,0.0,0.0,0.0,0.0,113225519,1074,6060627968.0,53051400.0,0.0,0.0,0.064987965
111,2,633077433,False,0.0230764094740152,7940,3650,10850,4.08020433112602e-05,1.39510821967996e-06,5.39727511189112e-05,38.6871429452925,1.39830983581543e-06,113225519,1018,116492515584.0,818199908.0,44160.5,1141.47741699219,1.0022948873
112,1,633078348,False,0.105965174734592,10430,6760,4220,0.000149810714408493,2.75962265732232e-05,0.00527022266760468,190.976211547852,5.13410061035156e-06,113225519,114,7972567552.0,151872304.0,800400.875,4191.1025390625,0.1860435724
113,2,633078402,True,0.82045841217041,6770,6200,6800,0.0165635110246342,0.188633099198341,251.128890991211,1331.30871582031,0.0005676411890625,113225519,576073704,1109684096.0,2456517.75,616902592.0,463380.5625,0.00300923424375
114,3,633079175,False,0.0842703059315681,8450,1380,9650,5.59969901055922e-05,1.47646531940898e-05,0.00186478864718933,126.300877011848,1.9190495300293e-06,113225519,1074,13709855232.0,106102800.0,197859.296875,1566.57104492188,0.12997593
115,3,633078431,False,0.353503286838531,8360,2570,5790,0.0120916770002709,0.000179855044599013,0.0673067547506029,374.227783828156,0.00041438882734375,113225519,17,254454898688.0,1880829056.0,126592500.0,338276.59375,2.3040155936
116,3,633078529,False,0.0387785024940968,12520,5200,7540,9.56810396894277e-05,2.89786088254813e-05,0.00411018461231171,141.835125249269,3.27904506835937e-06,113225519,589508451,2356344448.0,92370600.0,379660.21875,2676.771484375,0.113153985
117,1,633077633,False,0.0294947754591703,8400,3120,5690,1.47756833292367e-05,6.34471216471866e-05,0.00866268295794725,136.533905029297,5.06371290588379e-07,113225519,599626923,297192256.0,6515100.0,56438.24609375,413.364318847656,0.0079809975
118,2,633077296,False,0.300076365470886,11580,5780,6800,0.0178719367299123,0.000498104083817452,0.0796012356877327,159.808441162109,0.0006124817015625,113225519,852,55111757824.0,1003776320.0,79901832.0,499985.0625,1.229625992
119,1,633078315,False,0.0,0,0,0,0.0,0.0,0.0,0.0,0.0,113225519,156,10231568384.0,83042096.0,0.0,0.0,0.1017265676
120,3,633078713,False,0.0119735980406404,7820,1240,9510,8.25829174653758e-06,2.52248564923582e-07,3.67700717912448e-05,145.769201114719,2.83016477584839e-07,113225519,417,147726980096.0,915897616.0,33677.62109375,231.03385925293,1.1219745796
121,2,633076805,False,0.0313520990312099,3910,3250,6530,1.13721699646074e-05,3.30866168951616e-05,0.00598785094916821,180.975021362305,3.8973090133667e-07,113225519,132,746942848.0,9615600.0,57576.78125,318.147674560547,0.01177911
122,3,633078633,False,0.116521291434765,6720,350,4340,0.00011313961605328,2.44369674470993e-06,0.000371866588712563,152.173787323477,3.87736066894531e-06,113225519,312782546,200710826496.0,1295247616.0,481659.3125,3165.1923828125,1.5866783296
123,1,633077668,False,0.293312042951584,8830,5230,3530,0.0165847245302901,2.41798115894198e-05,0.00373403751291335,154.42790222168,0.00056836818828125,113225519,1089,2503570015744.0,19188488192.0,71650536.0,463974.03125,23.5058980352
124,1,633078397,False,0.0672284662723541,6200,6360,5600,1.65578197684821e-05,2.0270583263482e-05,0.00403427798300982,199.021301269531,5.67446146392822e-07,113225519,30,1309308288.0,22851900.0,92190.9140625,463.221343994141,0.0279935775
125,3,633078747,False,0.12521581351757,7570,5530,7140,0.00037204779121661,5.942905117173e-05,0.014576110718568,245.269113862308,1.27502949272156e-05,113225519,470,18808989184.0,175140000.0,2552860.03125,10408.4040222168,0.2145465
126,3,633078464,True,0.686500310897827,6700,5710,6600,0.00318300799649105,0.259092771808668,450.973603450195,1740.58735912256,0.000109083541601562,113225519,63,233741520.0,343690.75,154995456.0,89047.7890625,0.00042102116875
127,1,633077783,False,0.0360249243676662,12920,2530,4330,1.76410263200238e-05,1.04112837107095e-06,0.000139846859383397,134.322402954102,6.04568267059326e-07,113225519,944,73095266304.0,474029088.0,66291.4765625,493.525115966797,0.5806856328
128,3,633079144,False,0.0572809353470802,5410,910,7860,0.000101222563720688,1.05031372701943e-05,0.00133005676999522,126.634236588495,3.46895633087158e-06,113225519,1030,36880076800.0,269614784.0,358602.96875,2831.80108642578,0.3302781104
129,3,633078760,False,0.0,0,0,0,0.0,0.0,0.0,0.0,0.0,113225519,501,12663360000.0,88936200.0,0.0,0.0,0.108946845
130,3,633078881,False,0.396463394165039,8360,4600,5830,0.00817065060025384,0.00385976129936527,0.761393372035298,197.264367659344,0.000280012964355469,113225519,681,2691511168.0,59221800.0,45091086.0,228582.01171875,0.072546705
131,3,633078805,False,0.172701224684715,8940,3150,7670,0.000447244414932155,0.000158114067634723,0.037678974680729,238.302481520969,1.53273271057129e-05,113225519,580,4730801408.0,79133400.0,2981665.375,12512.1037597656,0.096938415
132,3,633078481,False,0.20947177708149,4450,5180,9580,0.00665123920936062,2.61904230204215e-05,0.00448917355428121,171.405156410832,0.000227941849280953,113225519,95,965401014888.0,7104695440.0,31894210.8804703,186074.97900486,8.703251914
133,1,633078011,False,0.248835995793343,10370,3500,4550,0.00214416533290911,0.000241736575844698,0.0718640983104706,297.282684326172,7.3481797265625e-05,113225519,616,16795320320.0,248142592.0,17832544.0,59985.140625,0.3039746752
134,2,633077377,False,0.0855007246136665,12840,4810,6480,0.000182484226284485,5.17666467203526e-06,0.000667655258439481,128.974029541016,6.25384093017578e-06,113225519,957,162210447360.0,986190272.0,658435.125,5105.17626953125,1.2080830832
135,3,633079224,False,0.299557626247406,10830,4660,5830,0.00259652957145067,0.00168051221281717,0.558097433253634,332.099599751229,8.89845837142944e-05,113225519,599626927,5421726464.0,43225200.0,24123873.171875,72640.4765014648,0.05295087
136,1,633078258,False,0.0,0,0,0,0.0,0.0,0.0,0.0,0.0,113225519,234,17820649472.0,140768096.0,0.0,0.0,0.1724409176
137,1,633077943,False,0.121724121272564,12610,5090,4980,5.49344507799607e-05,1.02520752989221e-05,0.00356239289976656,347.480163574219,1.88263568725586e-06,113225519,711,8058992640.0,149905792.0,534023.3125,1536.84545898438,0.1836345952
138,1,633078317,False,0.164501771330833,12070,5180,5580,0.00059402884357336,0.000134766610546968,0.0308101008953569,228.618207212529,2.03577151367187e-05,113225519,154,10228070400.0,123313504.0,3799301.5,16618.54296875,0.1510590424
139,3,633079115,False,0.133131548762321,4500,4970,9680,0.00149322649349092,0.00010100424037597,0.0114156492164131,113.021484780445,5.1173743359375e-05,113225519,996,50047268864.0,413591392.0,4721414.25,41774.484375,0.5066494552
140,1,633077629,False,0.0,0,0,0,0.0,0.0,0.0,0.0,0.0,113225519,563807439,575670848.0,10125000.0,0.0,0.0,0.012403125
141,2,633077300,False,0.179321184754372,12500,5040,6400,0.000378612513102877,0.000843410787638277,0.20297172665596,240.655838012695,1.29752717773437e-05,113225519,859,1058243712.0,12558600.0,2549040.75,10592.05859375,0.015384285
142,1,633078068,False,0.203426837921143,9790,4880,4130,0.00165751820272391,0.000396941497456282,0.114333905279636,288.037170410156,5.68041161132812e-05,113225519,534,9375215616.0,116820000.0,13356487.0,46370.70703125,0.1431045
143,1,633077529,False,0.00245820451527834,7890,4100,1620,2.21283960413323e-07,7.4331314436904e-09,8.81454809587012e-07,118.584587097168,7.58353046178818e-09,113225519,484682520,35573452800.0,832843776.0,734.114135742188,6.19063711166382,1.0202336256
144,1,633078327,False,0.300353676080704,8590,3250,5690,0.00279171650136328,0.000428267143433914,0.160291522741318,374.279296875,9.56737537109375e-05,113225519,140,3901928192.0,182365200.0,29231596.0,78101.0234375,0.22339737
145,3,633078491,False,0.232110813260078,11870,4740,7470,0.00519935472505824,0.000111767059930852,0.0138833455449201,124.216791186146,0.000178184920703125,113225519,108,42411350016.0,1301430656.0,18068211.5,145457.078125,1.5942525536
146,1,633078384,False,0.543859720230103,6580,4440,5610,0.011752690621906,0.000456386130487578,0.139584579403683,305.847548992249,0.000402771566329169,113225519,51,70216417280.0,720427492.0,100560568.46167,328793.11537075,0.8825236777
147,2,633077259,False,0.0211445409804583,4390,3660,9750,6.86167499361132e-06,1.98758613123573e-07,3.84861705242656e-05,193.632720947266,2.35153606414795e-07,113225519,806,159898107904.0,965805312.0,37170.1484375,191.962127685547,1.1831115072
148,3,633079121,False,0.501634955406189,7540,6750,6340,0.0235182152039189,0.00374855283249569,1.13515851156811,302.825800326882,0.000805982959960937,113225519,1004,17204302848.0,175519808.0,199242804.0,657945.2734375,0.2150117648
149,3,633078645,False,0.151382729411125,3100,2830,2620,0.00275401955111734,6.44155630950586e-05,0.00784171158102094,121.736288627158,9.43818572265625e-05,113225519,320,171706572800.0,1196083840.0,9379344.5,77046.4140625,1.465202704
150,1,633077873,False,0.0,0,0,0,0.0,0.0,0.0,0.0,0.0,113225519,827,22764752896.0,151294496.0,0.0,0.0,0.1853357576
151,3,633078888,False,0.361296027898788,6750,7020,5080,0.0133136566367492,0.000753197565546725,0.254662446644407,338.108430368538,0.000456266782617187,113225519,693,55294361600.0,494508608.0,125932772.0,372462.6796875,0.6057730448
152,3,633078699,False,0.0,0,0,0,0.0,0.0,0.0,0.0,0.0,113225519,393,719425376.0,7921800.0,0.0,0.0,0.009704205
153,1,633077961,False,0.329030096530914,5730,7250,3630,0.0602169675797318,1.70933909371568e-05,0.0024082303891985,140.886638470522,0.00206367062079169,113225519,688,13114382800963.8,98554411140.0,237341727.896912,1684629.0781973,120.7291536465
154,1,633078394,False,0.00539541384205222,8860,3780,5530,8.22021020655414e-07,1.57088743435452e-06,0.000385477964300662,245.388656616211,2.81711400985718e-08,113225519,35,1121408000.0,14639400.0,5643.166015625,22.9968490600586,0.017933265
155,1,633077568,False,0.144582390785217,8510,5800,5600,0.000302025764822467,0.000274231017101556,0.0310676954686642,113.290237426758,1.035059921875e-05,113225519,607344838,4453897728.0,30811500.0,957242.3125,8449.46875,0.0377440875
156,2,633076963,False,0.0,0,0,0,0.0,0.0,0.0,0.0,0.0,113225519,344,45074182144.0,338659200.0,0.0,0.0,0.41485752
157,2,633077503,False,0.260049492120743,4330,3840,6030,0.00176314855361509,0.000132164728711359,0.0238552205264568,180.496109008789,6.04241298828125e-05,113225519,1108,19224297472.0,373214688.0,8903119.0,49325.8203125,0.4571879928
158,1,633078107,False,0.220952093601227,5260,4220,1030,0.0100697998778779,1.87882078327072e-05,0.00228224721558712,121.472321144654,0.000345097918418312,113225519,453,2281404495616.0,14994117000.0,34220281.7734375,281712.586463928,18.367793325
159,1,633078144,False,0.22305166721344,12610,5680,4530,0.00186276900698613,5.68710713829782e-05,0.0117914284634203,207.336140794942,6.38381809570312e-05,113225519,395,49436248064.0,916332320.0,10804867.0,52112.80078125,1.122507092
160,3,633078666,False,0.858463883399963,6940,5680,7000,9.81092827240492,0.00254586861248906,0.81383036494206,319.667071957178,0.336226237424671,113225519,343,8838781291632.0,107810118932.0,87739148434.8764,274470397.897691,132.0673956917
161,1,633078118,False,0.0,0,0,0,0.0,0.0,0.0,0.0,0.0,113225519,441,817590144.0,10631700.0,0.0,0.0,0.0130238325
162,2,633077482,False,0.0,0,0,0,0.0,0.0,0.0,0.0,0.0,113225519,1086,12589369344.0,68735696.0,0.0,0.0,0.0842012276
163,3,633078493,False,0.0,0,0,0,0.0,0.0,0.0,0.0,0.0,113225519,113,94651555840.0,581914816.0,0.0,0.0,0.7128456496
164,2,633077654,False,0.0,0,0,0,0.0,0.0,0.0,0.0,0.0,113225519,560581551,8777786368.0,106070400.0,0.0,0.0,0.12993624
165,1,633077755,False,0.0,0,0,0,0.0,0.0,0.0,0.0,0.0,113225519,973,16615086080.0,135714592.0,0.0,0.0,0.1662503752
166,1,633077989,False,0.0,0,0,0,0.0,0.0,0.0,0.0,0.0,113225519,648,250565820416.0,1472779776.0,0.0,0.0,1.8041552256
167,3,633079158,False,0.0413301289081573,10110,4490,2770,0.000142097665555548,3.30302622641672e-06,0.00040772627254025,123.440216513985,4.86976992492676e-06,113225519,1049,131569102848.0,1203539456.0,490714.65625,3975.32238769531,1.4743358336
168,1,633077714,False,0.0480552278459072,13160,3330,4290,0.00041937511567625,5.33911224920303e-06,0.000606239947956055,113.54695892334,1.43722299560547e-05,113225519,1025,310945218560.0,2197449984.0,1332182.0,11732.4326171875,2.6918762304
169,1,633078136,False,0.0,0,0,0,0.0,0.0,0.0,0.0,0.0,113225519,1105,10707085312.0,82221296.0,0.0,0.0,0.1007210876
170,1,633078145,False,0.00938130915164948,7750,490,3300,2.67411197255698e-06,2.09759399915862e-07,2.56324207458984e-05,122.199151771887,9.16433778762817e-08,113225519,394,49890854528.0,356651100.0,9141.8310546875,74.810920715332,0.4368975975
171,2,633077222,False,0.604962766170502,8540,4960,6340,0.188720082519096,0.0273728873580694,8.19198226928711,299.273590087891,0.0064675473625,113225519,749,17409271808.0,192878096.0,1580054016.0,5279630.5,0.2362756676
172,3,633078555,False,0.363223612308502,8460,4480,5640,0.0124269511456866,0.00693957831812302,1.50828243269139,217.34496875011,0.00042587886796875,113225519,197,3250826624.0,50097600.0,75561330.0,347656.21875,0.06136956
173,2,633077347,False,0.0445984788239002,4920,1670,8930,7.60863889159896e-05,2.84540656139143e-05,0.00419502099975944,147.431335449219,2.60752495117187e-06,113225519,182305693,12135730176.0,74808000.0,313821.125,2128.591796875,0.0916398
174,1,633078039,False,0.0,0,0,0,0.0,0.0,0.0,0.0,0.0,113225519,582,19131852800.0,142635600.0,0.0,0.0,0.17472861
175,1,633077810,False,0.0189140122383833,5390,5730,5200,8.28366544063054e-06,4.41441807197407e-05,0.0155768301337957,352.862579345703,2.8388604888916e-07,113225519,914,764975936.0,5249700.0,81773.6875,231.743713378906,0.0064308825
176,1,633077988,False,0.0,0,0,0,0.0,0.0,0.0,0.0,0.0,113225519,649,898271296.0,10012500.0,0.0,0.0,0.0122653125
177,1,633078018,False,0.296653479337692,7550,3940,5690,0.00880282516064136,0.0041262898594141,1.27763593196869,309.633087158203,0.00030167795546875,113225519,609,6285300224.0,59682600.0,76252632.0,246267.71875,0.073111185
178,2,633077207,False,0.121316090226173,7650,4440,6710,0.000157874410140224,9.93166831904091e-05,0.0206226799637079,207.64567565918,5.41044816894531e-06,113225519,725,4210195968.0,44470800.0,917107.0625,4416.6923828125,0.05447673
179,2,633076816,False,0.4162637591362,9180,5250,6170,0.0246642306963881,0.000648883637040854,0.111660361289978,172.080703735352,0.0008452575796875,113225519,146,54092615680.0,1063374272.0,118736752.0,690006.1875,1.3026334832
180,1,633077738,False,0.296874105930328,8260,4700,5590,0.0109111506576163,9.63047665942717e-05,0.0219648517687196,228.076475812009,0.000373931500641251,113225519,991,182845169216.0,3169627168.0,69620390.9072266,305250.204605103,3.8827932808
181,2,633076729,False,0.299838185310364,4890,2730,5730,0.00219525714140748,0.00108581932727247,0.156947240233421,144.542678833008,7.5232743359375e-05,113225519,19,11201694720.0,56560500.0,8877014.0,61414.484375,0.0692866125
182,2,633077107,False,0.219277694821358,3900,4610,6150,0.0036874069581692,0.000159085492561467,0.0345913508217885,217.438751106881,0.000126369588378906,113225519,589,90773516288.0,648449120.0,22430731.0,103158.84765625,0.794350172
183,2,633077153,False,0.348689407110214,10420,3410,6510,0.0114345753699311,3.5064015031791e-05,0.0105957088239854,302.181846955597,0.000391869570996094,113225519,645,1590542447616.0,9123128856.0,96666016.921875,319893.52734375,11.1758328486
184,3,633079237,False,0.0,0,0,0,0.0,0.0,0.0,0.0,0.0,113225519,526157196,9988278784.0,100999800.0,0.0,0.0,0.123724755
185,1,633077527,False,0.0,0,0,0,0.0,0.0,0.0,0.0,0.0,113225519,484682528,1457597568.0,15807600.0,0.0,0.0,0.01936431
186,3,633078488,False,0.183045834302902,4510,4540,8890,0.00279939082533204,2.33625887218108e-05,0.00486763219337328,208.351576588298,9.5936757271982e-05,113225519,104,471355863936.0,3352185032.0,16317203.7799072,78315.7202220261,4.1064266642
187,3,633079156,False,0.0,0,0,0,0.0,0.0,0.0,0.0,0.0,113225519,1047,229560672256.0,1153443584.0,0.0,0.0,1.4129683904
188,2,633077444,False,0.122428365051746,12780,4870,7920,0.000364292021442714,9.0367811935721e-06,0.00128118309658021,141.774276733398,1.24845001708984e-05,113225519,1033,179881115648.0,1127772032.0,1444882.5,10191.4287109375,1.3815207392
189,3,633079240,False,0.0,0,0,0,0.0,0.0,0.0,0.0,0.0,113225519,496345668,34436712448.0,377254784.0,0.0,0.0,0.4621371104
190,2,633076793,False,0.371510922908783,6320,6280,5770,0.0232820698793022,0.00705934409052134,1.79790341854095,254.684188842773,0.000797890121875,113225519,118,6157543424.0,92266200.0,165885712.0,651338.875,0.113026095
191,3,633079230,False,0.151738122105598,7290,4100,8510,0.000391432981299221,6.57429649821665e-06,0.00133711893413714,203.385858015355,1.34146367042899e-05,113225519,484682520,71202664448.0,1665687552.0,2227222.36413574,10950.7238402367,2.0404672512
192,2,633077178,False,0.554003715515137,9130,5580,5830,0.0177502944604737,0.00183414260391146,0.382637023925781,208.619018554688,0.00060831295,113225519,679,16800188416.0,270743392.0,103596448.0,496582.0,0.3316606552
193,2,633077064,False,0.554297864437103,5410,6050,6520,0.13180026686866,0.0147496489807963,5.22309684753418,354.11669921875,0.0045168720625,113225519,523,33345189888.0,249988496.0,1305714176.0,3687242.5,0.3062359076
194,2,633077566,False,0.21821765601635,7980,3530,6310,0.0015538820285992,0.00155390345025808,0.365251213312149,235.053985595703,5.32524439453125e-05,113225519,549009203,2877123584.0,27975600.0,10218122.0,43471.3828125,0.03427011
195,1,633077999,False,0.0738606750965118,8660,5460,3630,3.79995735865867e-05,1.47231617120269e-06,0.000236844134633429,160.865005493164,1.30226756286621e-06,113225519,632,62845165568.0,722043008.0,171011.65625,1063.07556152344,0.8845026848
196,2,633077127,False,0.0,0,0,0,0.0,0.0,0.0,0.0,0.0,113225519,613,22175492096.0,141534896.0,0.0,0.0,0.1733802476
197,3,633078640,False,0.699556529521942,7790,5460,6850,3.32011068359649,0.00280899205194335,0.834234991079836,296.987309203202,0.1137821307,113225519,313,3264966219712.0,33066441728.0,27585182720.0,92883372.0,40.5063911168
198,1,633077818,False,0.0,0,0,0,0.0,0.0,0.0,0.0,0.0,113225519,905,11464784896.0,89691296.0,0.0,0.0,0.1098718376
199,1,633078146,False,0.0,0,0,0,0.0,0.0,0.0,0.0,0.0,113225519,393,364228736.0,3960900.0,0.0,0.0,0.0048521025
200,1,633078016,False,0.0219412874430418,7670,2460,5590,1.6269716719399e-05,2.11648821277777e-05,0.00326131260953844,154.090744018555,5.57572686767578e-07,113225519,611,855692160.0,21505500.0,70136.15625,455.161376953125,0.0263442375
201,2,633077189,False,0.391437888145447,4440,3840,9890,0.0988001589807744,2.92798986581173e-05,0.00532058807632089,181.714702583025,0.00338593910675103,113225519,695,13258640526191.3,94400324132.0,502265238.977547,2764031.92387839,115.6403970617
202,3,633078950,False,0.473622024059296,8280,5030,6410,0.0172201071817093,0.00077803500058323,0.0974302405849574,125.226038047031,0.000590143122546387,113225519,792,16371263952.0,619187424.0,60327579.6875,481749.487792969,0.7585045944
203,3,633079235,False,0.0,0,0,0,0.0,0.0,0.0,0.0,0.0,113225519,526157192,43563966464.0,334425600.0,0.0,0.0,0.40967136
204,1,633077844,False,0.154368504881859,12200,7290,4120,0.00140029732558429,0.000306343601550907,0.0240463111549616,78.4945755004883,4.79890065429687e-05,113225519,866,2097207040.0,127878304.0,3075001.5,39174.69921875,0.1566509224
205,2,633077215,False,0.0360743999481201,7890,2970,10760,0.000149279270209831,2.47488496825099e-05,0.0022999276407063,92.9306869506836,5.11588770751953e-06,113225519,735,21377693696.0,168744608.0,388100.375,4176.23486328125,0.2067121448
206,2,633076744,False,0.589123845100403,6380,5680,6040,0.0458385978755215,0.0150979245081544,5.41240167617798,358.486450195312,0.0015709155,113225519,38,8827239424.0,84937504.0,459715872.0,1282380.0,0.1040484424
207,2,633076909,False,0.144435852766037,9340,3950,7360,0.00059482486666156,0.000376612530089915,0.113136619329453,300.405883789062,2.03849953125e-05,113225519,271,3878153984.0,44185500.0,4998998.0,16640.8125,0.0541272375
208,3,633078577,False,0.0,0,0,0,0.0,0.0,0.0,0.0,0.0,113225519,312782624,2263922688.0,25666200.0,0.0,0.0,0.031441095
209,2,633077626,False,0.151738122105598,7290,4100,8510,0.000391211697338807,1.31411597976694e-05,0.00267335632815957,203.433822631836,1.34070531738281e-05,113225519,484682520,35629211648.0,832843776.0,2226488.25,10944.533203125,1.0202336256
210,1,633078158,False,0.0,0,0,0,0.0,0.0,0.0,0.0,0.0,113225519,372,1097676032.0,24060600.0,0.0,0.0,0.029474235
211,1,633078240,False,0.0,0,0,0,0.0,0.0,0.0,0.0,0.0,113225519,257,8338583552.0,68388304.0,0.0,0.0,0.0837756724
212,3,633078655,False,0.698794782161713,7860,5630,5670,0.180674201666114,0.00552874513225803,1.62730240937621,294.334857268343,0.00619181033019752,113225519,331,81435919616.0,914228984.0,1487727028.38477,5054539.0450592,1.1199305054
213,2,633077253,False,0.00423926580697298,10390,6030,7210,7.7347496583206e-07,4.44985801095754e-07,5.63785906706471e-05,126.69750213623,2.65074384689331e-08,113225519,798,893056160.0,48627900.0,2741.57250976562,21.6387252807617,0.0595691775
214,3,633078987,False,0.278606206178665,10290,7170,5550,0.00350503452209433,0.000363847681590948,0.0299230109386737,82.24048812908,0.000120119578564453,113225519,841,4088458752.0,269499584.0,8064239.0,98056.798828125,0.3301369904
215,1,633077576,False,0.0,0,0,0,0.0,0.0,0.0,0.0,0.0,113225519,151,26595382784.0,293414400.0,0.0,0.0,0.35943264
216,3,633078966,False,0.0,0,0,0,0.0,0.0,0.0,0.0,0.0,113225519,816,37580722176.0,211433408.0,0.0,0.0,0.2590059248
217,1,633076825,False,0.0282075386494398,12310,5310,3380,4.84942744011275e-05,2.93746106763138e-05,0.00350008183158934,119.153305053711,1.66192708435059e-06,113225519,589508451,1074840064.0,46185300.0,161652.328125,1356.67517089844,0.0565769925
218,1,633077562,False,0.0156984683126211,8350,5400,5410,5.42088267254013e-06,8.88739668880589e-06,0.00115146057214588,129.561065673828,1.85776812744141e-07,113225519,607344858,1930071808.0,17064000.0,19648.5234375,151.654541015625,0.0209034
219,2,633077001,False,0.0842703059315681,8450,1380,9650,5.59969901055922e-05,4.59134634186636e-06,0.000579891069642861,126.300877011848,1.9190495300293e-06,113225519,402,50986096448.0,341200800.0,197859.296875,1566.57104492188,0.41797098
220,2,633077199,False,0.0743383020162582,3270,3300,5720,4.37553861849463e-05,1.7984704754781e-05,0.00317365466617048,176.464111328125,1.49952261962891e-06,113225519,707,10567588864.0,68063400.0,216009.734375,1224.10009765625,0.083377665
221,2,633077515,False,0.0,0,0,0,0.0,0.0,0.0,0.0,0.0,113225519,1127,37583384576.0,315718208.0,0.0,0.0,0.3867548048
222,2,633077050,False,0.0969698280096054,3770,4200,7200,6.30595045884894e-05,8.96404962986708e-05,0.0156938061118126,175.074951171875,2.16108602294922e-06,113225519,488,1471733504.0,19680300.0,308858.8125,1764.15185546875,0.0241083675
223,1,633077899,False,0.130777522921562,7850,7190,2130,0.000341668440683916,1.78255486389389e-05,0.00245683430694044,137.826583862305,1.17091768554687e-05,113225519,788,54281445376.0,536225408.0,1317417.0,9558.51171875,0.6568761248
224,1,633078157,False,0.186143606901169,8000,5300,4280,0.00129333617377159,0.000408579799113795,0.132066920399666,323.234100341797,4.43233854492187e-05,113225519,374,10045266944.0,88556400.0,11695371.0,36182.35546875,0.10848159
225,1,633078297,False,0.0,0,0,0,0.0,0.0,0.0,0.0,0.0,113225519,184,51673470412.0,438244200.0,0.0,0.0,0.536849145
226,3,633079281,False,0.0,0,0,0,0.0,0.0,0.0,0.0,0.0,113225519,151,50982451712.0,586828800.0,0.0,0.0,0.71886528
227,2,633076937,False,0.0,0,0,0,0.0,0.0,0.0,0.0,0.0,113225519,314,22925766656.0,196082096.0,0.0,0.0,0.2402005676
228,3,633078573,False,0.199438408017159,7300,3340,4740,0.000546632181476196,1.41517019598761e-05,0.00387044777989423,273.496982261779,1.87334038665771e-05,113225519,218,91650772992.0,1080617344.0,4182473.0,15292.5745849609,1.3237562464
229,3,633078849,False,0.67411595582962,6770,5310,6490,0.0307592591976671,0.000196743813680439,0.0609564160654451,309.826341805357,0.0010541377634052,113225519,637,416276241408.0,4373812864.0,266611956.73038,860520.623187922,5.3579207584
230,1,633077814,False,0.0962866023182869,10280,3830,2060,0.000520423898103829,2.83885917822624e-06,0.000435669657624321,153.466456161638,1.78352307005949e-05,113225519,909,523400026112.0,5128599584.0,2234375.22485352,14559.3720004857,6.2825344904
231,3,633078815,False,0.319185554981232,8150,5110,5920,0.00581863346008531,0.00107902836333154,0.243409656202134,225.582259441817,0.000199407964355469,113225519,595,8531536128.0,150859808.0,36720734.0,162782.01171875,0.1848032648
232,3,633079227,False,0.0,0,0,0,0.0,0.0,0.0,0.0,0.0,113225519,563807439,1276093952.0,20250000.0,0.0,0.0,0.02480625
233,1,633078032,False,0.421811401844025,9170,4170,5590,0.0133276175496587,0.0099615603685379,1.97856557369232,198.620040893555,0.00045674523125,113225519,591,2525696512.0,37429200.0,74056128.0,372853.25,0.04585077
234,3,633078879,False,0.554003715515137,9130,5580,5830,0.0198556085328632,0.00102584265155629,0.208116023012669,202.873240547114,0.000680463291894531,113225519,679,31200109568.0,541486784.0,112692076.0,555480.23828125,0.6633213104
235,2,633077263,False,0.132375001907349,9150,4690,5750,0.000422392142316887,0.000566917937248945,0.0664851889014244,117.274803161621,1.44756252197266e-05,113225519,812,440007936.0,20844000.0,1385817.25,11816.8369140625,0.0255339
236,2,633077134,False,0.194182857871056,2740,3220,6180,0.000315402890232911,4.16187103837729e-05,0.0131285600364208,315.448516845703,1.08090411132812e-05,113225519,620,31143409664.0,212012992.0,2783425.25,8823.70703125,0.2597159152
237,2,633077574,False,0.162982821464539,9880,6100,7420,0.000846564131380884,0.000744327728170902,0.139549776911736,187.484313964844,2.90122468261719e-05,113225519,549009223,1985234816.0,31818600.0,4440278.5,23683.466796875,0.038977785
238,3,633079105,False,0.165526211261749,10820,2730,4300,0.00200994782555263,2.2770972394266e-05,0.00475075597964852,208.632108343551,6.88820849609375e-05,113225519,984,427773198336.0,2469383936.0,11731440.5,56230.2734375,3.0249953216
239,3,633078600,False,0.0,0,0,0,0.0,0.0,0.0,0.0,0.0,113225519,251,62835089408.0,424987200.0,0.0,0.0,0.52060932
240,2,633076800,False,0.51826149225235,7450,7010,5780,0.0207511023924917,0.0103572020307183,2.83757877349854,273.971557617188,0.0007111523890625,113225519,126,4248389120.0,56051100.0,159049408.0,580532.5625,0.0686625975
241,3,633078445,False,0.0,0,0,0,0.0,0.0,0.0,0.0,0.0,113225519,33,120861515776.0,963777600.0,0.0,0.0,1.18062756
242,3,633078720,False,0.322377115488052,12570,5440,4100,0.0126528975728413,0.000233986341582226,0.0481511957770482,205.786352534288,0.000433622183886719,113225519,429,91863478272.0,1512811776.0,72843696.0,353977.29296875,1.8531944256
243,1,633077902,False,0.0,0,0,0,0.0,0.0,0.0,0.0,0.0,113225519,783,43480604672.0,351775808.0,0.0,0.0,0.4309253648
244,1,633078051,False,0.0,0,0,0,0.0,0.0,0.0,0.0,0.0,113225519,565,17855234048.0,129204000.0,0.0,0.0,0.1582749
245,2,633077250,False,0.0599030442535877,12250,5600,8210,0.0001345155098606,5.15652436661185e-06,0.000536083825863898,103.962242126465,4.60992502441406e-06,113225519,794,6257653760.0,729794688.0,391231.125,3763.2041015625,0.8939984928
246,2,633076881,False,0.0,0,0,0,0.0,0.0,0.0,0.0,0.0,113225519,233,14426620928.0,91323904.0,0.0,0.0,0.1118717824
247,2,633077578,False,0.0209271386265755,8320,4200,7210,6.98388281155304e-06,2.11290102924977e-06,0.000255921651842073,121.123352050781,2.39341739654541e-07,113225519,1029,6136261632.0,92470496.0,23665.203125,195.381011962891,0.1132763576
248,3,633078634,False,0.355732411146164,6250,6080,8800,0.00122309177889151,4.94004871632505e-05,0.0231341364021037,468.297738150918,4.19160690429687e-05,113225519,303,105325522944.0,692649024.0,16023837.0,34217.19921875,0.8484950544
249,2,633076988,False,0.415922820568085,10040,6360,5750,0.0153742723581365,0.00427582569350003,0.664646847835596,155.442923888588,0.0005268852859375,113225519,379,4641240064.0,100591200.0,66857624.0,430110.4375,0.12322422
250,3,633079029,False,0.0406963489949703,12860,4840,6700,7.77536491336906e-05,1.18057864701675e-05,0.00137581739665015,116.537547085639,2.66466293182373e-06,113225519,903,12343321600.0,184251600.0,253496.556640625,2175.23504638672,0.22570821
251,3,633079234,False,0.150242879986763,7680,2410,5170,5.98976502842197e-05,1.40195794315273e-06,0.000199583274972657,142.360386734449,2.0527274307251e-06,113225519,484682470,183018020864.0,1195254016.0,238552.7109375,1675.69586181641,1.4641861696
252,1,633077916,False,0.0,0,0,0,0.0,0.0,0.0,0.0,0.0,113225519,759,5326806016.0,33389100.0,0.0,0.0,0.0409016475
253,1,633078265,False,0.463990271091461,5620,6020,4310,0.0297910494407175,0.00330741959623992,1.00615966320038,304.212890625,0.00102095665,113225519,226,24371193856.0,251989200.0,253541376.0,833434.0,0.30868677
254,1,633077804,False,0.103825487196445,5650,1230,2620,0.000109599575295362,5.39769307875744e-06,0.000666446398407175,123.46874649653,3.75604140625e-06,113225519,182305689,91186518656.0,568049388.0,378574.46875,3066.15625,0.6958605003
255,2,633077081,False,0.67411595582962,6770,5310,6490,0.287977833087396,0.000883031927514821,0.273800939321518,310.069122314453,0.0098691684,113225519,549,937739429440.0,9123638272.0,2498060800.0,8056464.0,11.1764568832
256,1,633076867,False,0.0103932162746787,10100,2390,1620,2.58777536173158e-06,6.4443383962498e-07,3.43391147907823e-05,53.2857131958008,8.86845718383789e-08,113225519,312782632,9225530368.0,112339800.0,3857.6494140625,72.3955688476562,0.137616255
257,1,633078184,False,0.137051463127136,8360,2610,5630,0.000670360071374661,0.0014944962458685,0.359032094478607,240.236206054688,2.2973630859375e-05,113225519,336,1135742720.0,12548700.0,4505386.0,18753.984375,0.0153721575
258,1,633077647,False,0.0,0,0,0,0.0,0.0,0.0,0.0,0.0,113225519,1114,7090719744.0,46868400.0,0.0,0.0,0.05741379
259,1,633077615,False,0.344278961420059,8920,5720,4120,0.00665606131187088,0.000249092980570717,0.0277357171187051,111.346843476511,0.000228107105548096,113225519,933,23364204352.0,747551704.0,20733882.59375,186209.882080078,0.9157508374
260,2,633077394,False,0.0,0,0,0,0.0,0.0,0.0,0.0,0.0,113225519,974,100583522304.0,547686016.0,0.0,0.0,0.6709153696
261,2,633077413,False,0.188566267490387,3190,2570,6620,0.00167599040474244,7.95436206568394e-06,0.00109995842895957,138.283676286866,5.74371692565918e-05,113225519,993,819568603904.0,5894562596.0,6483773.8125,46887.4851074219,7.2208391801
262,1,633078085,False,0.193474143743515,8310,2220,4170,0.00383030001412051,0.000113512280222494,0.0179988257586956,158.562789916992,0.000131266616796875,113225519,502,131907362816.0,944007296.0,16991022.0,107156.421875,1.1564089376
263,2,633077488,False,0.381664365530014,10130,5590,6500,0.0307736801122115,0.000814442522823811,0.120338432490826,147.755584716797,0.0010546319765625,113225519,1093,45184585728.0,1057071616.0,127206344.0,860924.0625,1.2949127296
264,2,633076926,False,0.168613195419312,4180,3050,5850,0.000292174420591291,3.61638267349917e-05,0.010787888430059,298.306030273438,1.0012987902832e-05,113225519,296,34078351360.0,226023296.0,2438314.0,8173.86767578125,0.2768785376
265,1,633077939,False,0.0,0,0,0,0.0,0.0,0.0,0.0,0.0,113225519,721,73524871168.0,460638016.0,0.0,0.0,0.5642815696
266,3,633078499,False,0.20708055794239,5000,5020,1380,0.0019732792405136,0.000145338235553945,0.0176079750299899,121.151704937648,6.76254311523437e-05,113225519,120,48342433792.0,379834208.0,6688111.25,55204.43359375,0.4652969048
267,2,633077220,False,0.0,0,0,0,0.0,0.0,0.0,0.0,0.0,113225519,744,475271552.0,30121200.0,0.0,0.0,0.03689847
268,2,633077223,False,0.0,0,0,0,0.0,0.0,0.0,0.0,0.0,113225519,750,8986757120.0,87205504.0,0.0,0.0,0.1068267424
269,1,633077648,False,0.13050776720047,5990,4300,5280,0.000141658624997359,7.89432888268493e-05,0.0276456791907549,350.196716308594,4.8547237487793e-06,113225519,1113,5870826496.0,50201100.0,1387843.5,3963.03979492188,0.0614963475
270,1,633078209,False,0.0,0,0,0,0.0,0.0,0.0,0.0,0.0,113225519,304,25372131328.0,189279904.0,0.0,0.0,0.2318678824
271,1,633078354,False,0.110491663217545,3820,5030,2220,0.000664275045156184,1.10875441454699e-05,0.00122513868085779,110.496848065164,2.27650934597261e-05,113225519,104,224188016640.0,1676092516.0,2053445.77404785,18583.7497630417,2.0532133321
272,2,633077383,False,0.0365561954677105,11750,6890,7590,1.4503249235763e-05,1.58529164764332e-05,0.000952824659179896,60.104061126709,4.97034815216064e-07,113225519,963,336685504.0,25594200.0,24386.78515625,405.742706298828,0.031352895
273,1,633077841,False,0.538526177406311,9670,3460,5650,0.0447141067021434,0.0181816257536411,6.22906351089478,342.602142333984,0.00153237853125,113225519,872,7771383296.0,68801400.0,428568288.0,1250921.25,0.084281715
274,1,633078355,False,0.194885909557343,6570,5390,4210,0.00145400549623434,0.000804473529569805,0.176585346460342,219.50422668457,4.98296168945312e-05,113225519,102,3446889984.0,50563800.0,8928826.0,40677.23828125,0.061940655
275,3,633078870,False,0.0,0,0,0,0.0,0.0,0.0,0.0,0.0,113225519,667,22080086016.0,209347200.0,0.0,0.0,0.25645032
276,3,633078999,False,0.543859720230103,6580,4440,5610,0.277257319901367,0.000679991988360984,0.203827802170633,299.750299502687,0.00950177015676358,113225519,856,1194634471296.0,11406821256.0,2325027306.36374,7756547.06674578,13.9733560386
277,3,633078996,False,0.0486468523740768,8360,2170,6980,8.10928307670399e-05,3.92399057164713e-06,0.000554599502816214,141.335584958711,2.77909863510132e-06,113225519,851,62248679424.0,578149184.0,320641.25,2268.65194702148,0.7082327504
278,3,633078430,False,0.278906375169754,5960,4630,6060,0.00973128367539127,0.00131545453794584,0.493012145529888,374.784632466094,0.000333496770605469,113225519,15,30197945344.0,206956800.0,102032216.0,272242.26171875,0.25352208
279,3,633078667,False,0.0,0,0,0,0.0,0.0,0.0,0.0,0.0,113225519,344,89193275392.0,677318400.0,0.0,0.0,0.82971504
280,1,633078138,False,0.276765674352646,7570,4840,5270,0.000941492502686355,0.000285530726842728,0.0794565058907448,278.276551071542,3.22654975097656e-05,113225519,406,8211122176.0,92246400.0,7329576.625,26339.181640625,0.11300184
281,1,633077653,False,0.0,0,0,0,0.0,0.0,0.0,0.0,0.0,113225519,1106,32186818560.0,242915392.0,0.0,0.0,0.2975713552
282,3,633079183,False,0.0,0,0,0,0.0,0.0,0.0,0.0,0.0,113225519,1086,24977408000.0,137471392.0,0.0,0.0,0.1684024552
283,3,633078867,False,0.0677852556109428,7310,6980,3420,0.000191324388362828,4.59123451566546e-06,0.000592362304219905,129.020267250288,6.55679844360351e-06,113225519,663,127528734720.0,1165805952.0,690579.5,5352.48852539062,1.4281122912
284,1,633077720,False,0.136078402400017,12470,1900,4120,0.000563735481397937,3.2433819438715e-06,0.000403686324692119,124.464627255788,1.93195439361572e-05,113225519,1017,705822752768.0,4862534400.0,1962938.640625,15771.0562744141,5.95660464
285,2,633076874,False,0.0812105163931847,12020,5140,6900,0.00028005564627254,2.32432648772374e-05,0.00504032941535115,216.851181030273,9.59767043457031e-06,113225519,225,21304375296.0,337079712.0,1698992.75,7834.8330078125,0.4129226472
286,3,633079049,False,0.187878713011742,8960,6060,9970,0.001366920079176,8.46615344536422e-06,0.00136383118182232,161.092187924979,4.68451488300323e-05,113225519,926,493726765056.0,4516920000.0,6160316.34179688,38240.9378204346,5.533227
287,1,633077704,False,0.0,0,0,0,0.0,0.0,0.0,0.0,0.0,113225519,1039,1858252544.0,36730800.0,0.0,0.0,0.04499523
288,3,633078978,False,0.684102892875671,6870,6000,6330,0.188650301691424,0.01563793456463,5.99691052854249,383.484820438267,0.0064651559328125,113225519,830,42165739232.0,337492032.0,2023909520.0,5277678.3125,0.4134277392
289,3,633079245,False,0.153789013624191,6140,440,6410,0.00462191468889977,1.36780806407899e-05,0.00187051214196988,136.752530643207,0.000158395713677526,113225519,254,1163395327955.09,9453272488.0,17682460.9701538,129302.623410225,11.5802587978
290,3,633079252,False,0.43670579791069,4190,4770,6290,0.026085880877048,0.00133533708525487,0.459463953336508,344.080875465847,0.000893978361035156,113225519,266,61451401216.0,546512384.0,251102740.5,729778.25390625,0.6694776704
291,2,633077136,False,0.0,0,0,0,0.0,0.0,0.0,0.0,0.0,113225519,622,1645019136.0,21735000.0,0.0,0.0,0.026625375
292,3,633078756,False,0.0969698280096054,3770,4200,7200,6.30595045884894e-05,4.48202480518272e-05,0.00784690305788022,175.074958282394,2.16108602294922e-06,113225519,488,2903524608.0,39360600.0,308858.8125,1764.15185546875,0.048216735
293,1,633078053,False,0.248371824622154,6050,5720,3470,0.000911949727554919,7.579468365293e-05,0.0236135721206665,311.546569824219,3.12530493652344e-05,113225519,559,44781342720.0,336602688.0,7948392.0,25512.693359375,0.4123382928
294,1,633077150,False,0.0,0,0,0,0.0,0.0,0.0,0.0,0.0,113225519,496345664,8555576832.0,93286800.0,0.0,0.0,0.11427633
295,1,633077813,False,0.0,0,0,0,0.0,0.0,0.0,0.0,0.0,113225519,910,8328611840.0,84020400.0,0.0,0.0,0.10292499
296,2,633077145,False,0.0,0,0,0,0.0,0.0,0.0,0.0,0.0,113225519,633,637209728.0,8169300.0,0.0,0.0,0.0100073925
297,2,633077424,False,0.110654026269913,9030,3570,8100,0.000149600419439729,6.53964541221615e-06,0.000900538400166736,137.704469187965,5.12689367904663e-06,113225519,1008,60241790976.0,639976492.0,576323.40625,4185.21932983398,0.7839712027
298,2,633076845,False,0.0,0,0,0,0.0,0.0,0.0,0.0,0.0,113225519,188,5551973888.0,69504304.0,0.0,0.0,0.0851427724
299,1,633077911,False,0.217419981956482,7320,6270,4810,0.0011740194897645,1.17291616828355e-05,0.00261826387265685,223.226854864525,4.02343330566406e-05,113225519,768,158962528192.0,2800230264.0,7331741.73535156,32844.353515625,3.4302820734
300,1,633077923,False,0.431704580783844,8780,4960,4780,0.0188376511079172,0.00273230555467308,0.719440519809723,263.308959960938,0.000645577296875,113225519,749,14920723456.0,192878096.0,138764320.0,527001.875,0.2362756676
301,2,633076896,False,0.0,0,0,0,0.0,0.0,0.0,0.0,0.0,113225519,251,34225608704.0,212493600.0,0.0,0.0,0.26030466
302,1,633077973,False,0.0,0,0,0,0.0,0.0,0.0,0.0,0.0,113225519,670,28977735680.0,190680304.0,0.0,0.0,0.2335833724
303,3,633079019,False,0.0,0,0,0,0.0,0.0,0.0,0.0,0.0,113225519,889,96888930304.0,724327168.0,0.0,0.0,0.8873007808
304,2,633076829,False,0.46874275803566,10540,4100,6450,0.0385644263548419,0.0117827476933599,4.02359819412231,341.482147216797,0.001321625396875,113225519,162,9526878208.0,91564200.0,368417536.0,1078877.875,0.112166145
305,1,633078006,False,0.0,0,0,0,0.0,0.0,0.0,0.0,0.0,113225519,622,1667589376.0,21735000.0,0.0,0.0,0.026625375
306,3,633078671,False,0.388453662395477,6870,6540,7120,0.00763386169508932,0.00948115055582192,1.69639483778168,178.922887870398,0.0002616168953125,113225519,349,896569056.0,22525200.0,38211633.0,213564.8125,0.02759337
307,3,633078609,False,0.0,0,0,0,0.0,0.0,0.0,0.0,0.0,113225519,312782582,14657383424.0,105526800.0,0.0,0.0,0.12927033
308,2,633077403,False,0.291493654251099,8680,5290,7730,0.0143484164072753,6.43386638192277e-05,0.00869065708910373,135.076741934241,0.000491728603825378,113225519,983,269380958336.0,6239033908.0,54221304.2617188,401411.105163574,7.6428165373
309,3,633079016,False,0.143972933292389,6240,6000,8890,0.000117247980434202,2.22918663094165e-05,0.0100958252578307,452.89277791721,4.01815671386719e-06,113225519,884,12334103040.0,147144608.0,1485546.25,3280.1279296875,0.1802521448
310,3,633079062,False,0.188025772571564,3650,3480,6580,0.000167391374233497,4.110835740233e-06,0.000808243941643259,196.61304725288,5.73660008239746e-06,113225519,940,48115501056.0,1139169536.0,920726.875976562,4682.93884277344,1.3954826816
311,1,633078381,False,0.244586661458015,4660,6060,4640,0.0032293580151148,4.56143643532414e-05,0.0183101668953896,401.412292480469,0.000110671983789062,113225519,56,307021512704.0,1980614656.0,36265384.0,90344.4765625,2.4262529536
312,3,633078727,False,0.0328866839408875,3740,4210,7220,1.85973922177513e-05,1.20214882786145e-06,0.000216497348177647,180.091967949411,6.3734348449707e-07,113225519,440,42310219776.0,432792000.0,93698.3203125,520.280395507812,0.5301702
313,2,633077161,False,0.144009470939636,2670,2380,8170,0.00149125172511056,3.99536220356822e-05,0.00485879136249423,121.610786437988,5.11060668945312e-05,113225519,656,134140952576.0,1044191680.0,5073509.5,41719.23828125,1.279134808
314,1,633077650,False,0.225429520010948,4820,5670,5140,0.00419444853219032,0.00269746640697122,1.06792509555817,395.899322509766,0.000143746199023437,113225519,1109,6914891264.0,43501500.0,46456344.0,117343.8359375,0.0532893375
315,2,633077468,False,0.590985715389252,10580,4470,6580,0.922708935987857,0.001203241808383,0.300213270698233,249.503689621357,0.0316217737171644,113225519,1065,1179058995360.0,21453454036.0,6440611603.92177,25813692.8303383,26.2804811941
316,1,633077769,False,0.0261509194970131,7010,3120,720,5.31805836935847e-05,1.15880138764624e-05,0.00064441398717463,55.6103935241699,1.82252963867187e-06,113225519,959,13201472512.0,128389504.0,82735.9921875,1487.779296875,0.1572771424
317,2,633077543,False,0.520042836666107,4560,5220,6010,0.0871670509687691,0.00287955556996167,0.838710308074951,291.263793945312,0.00298726570625,113225519,258,87417356288.0,846861312.0,710271296.0,2438584.25,1.0374051072
318,3,633078450,False,0.0,0,0,0,0.0,0.0,0.0,0.0,0.0,113225519,41,32824442880.0,262985408.0,0.0,0.0,0.3221571248
319,2,633077375,False,0.103306420147419,12710,7290,7150,0.000107818419529404,1.30697935674107e-05,0.00116868258919567,89.4185943603516,3.69500015869141e-06,113225519,955,9082259456.0,230786096.0,269715.6875,3016.32666015625,0.2827129676
320,3,633078561,False,0.0,0,0,0,0.0,0.0,0.0,0.0,0.0,113225519,312782644,46737897472.0,346651200.0,0.0,0.0,0.42464772
321,2,633077382,False,0.0,0,0,0,0.0,0.0,0.0,0.0,0.0,113225519,962,246087794688.0,1711904384.0,0.0,0.0,2.0970828704
322,2,633077596,False,0.0,0,0,0,0.0,0.0,0.0,0.0,0.0,113225519,312782546,102207566592.0,647623808.0,0.0,0.0,0.7933391648
323,1,633078306,False,0.158521696925163,9630,3950,5340,0.000289194430457258,0.00111214199569076,0.207226648926735,186.331115722656,9.91086190185547e-06,113225519,606826663,384728576.0,7274700.0,1507511.75,8090.49951171875,0.0089115075
324,1,633077631,False,0.0,0,0,0,0.0,0.0,0.0,0.0,0.0,113225519,204,13620733952.0,124780496.0,0.0,0.0,0.1528561076
325,3,633078663,False,0.400947093963623,10500,3820,6470,0.00688136547698803,3.11955115407717e-05,0.00991479053403949,317.827470823202,0.000235828410771223,113225519,339,748219773856.0,6171175880.0,61185916.1989168,192512.988384672,7.559690453
326,2,633077070,False,0.0610689409077168,8200,2400,6120,3.73164882811878e-05,5.29808057763148e-05,0.0105070397257805,198.317855834961,1.27885783081055e-06,113225519,531,2641321472.0,19704600.0,207037.015625,1043.96557617188,0.024138135
327,1,633078217,False,0.0433503240346909,6440,7110,3820,3.31522615209321e-05,8.25802635517903e-05,0.011340357363224,137.325271606445,1.13614734954834e-06,113225519,292,1284595456.0,11231100.0,127364.6875,927.467224121094,0.0137580975
328,3,633078610,False,0.320834934711456,5820,6830,7710,0.00106711485265886,0.000221755655732993,0.0752902181685427,339.518818222146,3.65706487548828e-05,113225519,268,19874074624.0,134623808.0,10135855.875,29853.5908203125,0.1649141648
329,3,633078676,False,0.0,0,0,0,0.0,0.0,0.0,0.0,0.0,113225519,355,1792127936.0,18567000.0,0.0,0.0,0.022744575
330,2,633076804,False,0.10408042371273,7750,5510,9330,0.000158437829305945,1.17220515676308e-05,0.00216266559436917,184.495483398438,5.42975687255859e-06,113225519,131,48619831296.0,378129600.0,817767.875,4432.45458984375,0.46320876
331,3,633078923,False,0.604962766170502,8540,4960,6340,0.207557733627013,0.0150525966800294,4.45571159101446,296.009498276529,0.007113124659375,113225519,749,32329995264.0,385756192.0,1718818336.0,5806632.375,0.4725513352
332,1,633078122,False,0.0,0,0,0,0.0,0.0,0.0,0.0,0.0,113225519,434,56018694144.0,437602496.0,0.0,0.0,0.5360630576
333,3,633078595,False,0.0119735980406404,7820,1240,9510,8.25829174653758e-06,1.50348066099807e-06,0.000219161174845119,145.769201114719,2.83016477584839e-07,113225519,312782604,22939846656.0,153666000.0,33677.62109375,231.03385925293,0.18824085
334,3,633079247,False,0.00336625194177032,3680,2950,2270,1.82633099498139e-07,1.53879004379392e-09,1.95985894102486e-07,127.363635404918,6.25894290208816e-09,113225519,943,548347527168.0,3320362752.0,650.744262695312,5.10934114456177,4.0674443712
335,1,633078129,False,0.0,0,0,0,0.0,0.0,0.0,0.0,0.0,113225519,423,39237124096.0,214168496.0,0.0,0.0,0.2623564076
336,1,633076918,False,0.0,0,0,0,0.0,0.0,0.0,0.0,0.0,113225519,312782562,26911924224.0,159857104.0,0.0,0.0,0.1958249524
337,2,633076748,False,0.251498281955719,3520,3730,6390,0.00632781904989703,0.000465928040673117,0.151369734703253,324.877924248929,0.000216858051672363,113225519,44,52668126208.0,379944896.0,57512158.109375,177026.980957031,0.4654324976
338,3,633079187,False,0.197917655110359,10150,3890,3640,0.0040193488652057,1.85761714317632e-05,0.00294601027591375,158.590820866155,0.00013774543125,113225519,1091,1056957759488.0,6053198336.0,17832784.5,112445.25,7.4151679616
339,2,633077470,False,0.36353862285614,10670,6900,6420,0.000891357988398245,0.000586548005230725,0.0722097381949425,123.109680175781,3.05473584472656e-05,113225519,1069,1155305472.0,42514200.0,3069939.25,24936.619140625,0.052079895
340,1,633078262,False,0.254302203655243,12270,7280,5670,0.00388907810203638,0.00362956058233976,0.349612772464752,96.3237152099609,0.000133280976171875,113225519,230,720411520.0,29976300.0,10480097.0,108800.796875,0.0367209675
341,3,633078556,False,0.112567111849785,12910,7420,5380,0.000517058037889769,0.000238640744704023,0.0199141964138415,83.448433914922,1.77198807067871e-05,113225519,198,1135372224.0,60615000.0,1207099.015625,14465.2087402344,0.074253375
342,1,633078044,False,0.00181515491567552,10410,6310,4520,1.68392695929145e-07,1.86012471203867e-06,0.000442245654994622,237.750549316406,5.77091596126556e-09,113225519,576,190245088.0,2532600.0,1120.03137207031,4.71095180511475,0.003102435
343,1,633076901,False,0.0,0,0,0,0.0,0.0,0.0,0.0,0.0,113225519,312782590,9135825920.0,66575700.0,0.0,0.0,0.0815552325
344,1,633077583,False,0.0794599503278732,10140,5580,4510,4.61983033392713e-05,0.000206447366508655,0.0561692155897617,272.075225830078,1.58324281616211e-06,113225519,549009219,493508480.0,6260400.0,351641.75,1292.44311523438,0.00766899
345,1,633077732,False,0.049732580780983,7730,2940,650,7.48904692965496e-05,2.16652567778824e-06,0.000243292729257786,112.296259283739,2.56654008789062e-06,113225519,1002,133707646464.0,967048204.0,235275.796875,2095.134765625,1.1846340499
346,1,633077926,False,0.0,0,0,0,0.0,0.0,0.0,0.0,0.0,113225519,743,30401857536.0,280165504.0,0.0,0.0,0.3432027424
347,2,633077292,False,0.465430498123169,4860,7060,6200,0.00870156476845767,0.000413791596656665,0.0662016794085503,159.98796081543,0.000298207702734375,113225519,848,12587267424.0,588303040.0,38946648.0,243434.859375,0.720671224
348,3,633078715,False,0.343213021755219,7750,4510,6620,0.00348842076904133,0.00080371462415288,0.16137257959979,200.783430772928,0.000119550215551758,113225519,422,9068177920.0,121426200.0,19594859.125,97592.0126953125,0.148747095
349,2,633077194,False,0.472791761159897,10880,4380,6560,0.0104659827212835,0.000202857391305222,0.0740614051308888,365.090986600805,0.000358675335668945,113225519,701,110348594688.0,1443359744.0,106897250.75,292796.192382812,1.7681156864
350,3,633078750,False,0.0,0,0,0,0.0,0.0,0.0,0.0,0.0,113225519,478,64880369664.0,475266592.0,0.0,0.0,0.5822015752
351,3,633079164,False,0.0,0,0,0,0.0,0.0,0.0,0.0,0.0,113225519,1058,97970630656.0,635790592.0,0.0,0.0,0.7788434752
352,2,633076718,False,0.0,0,0,0,0.0,0.0,0.0,0.0,0.0,113225519,2,4329090048.0,51414300.0,0.0,0.0,0.0629825175
353,3,633079203,False,0.167925164103508,12700,6730,6400,0.00069209488069649,2.3104586845929e-05,0.00327517570812499,141.754350768755,2.37184954589844e-05,113225519,1107,42531766272.0,838017024.0,2744653.0,19362.037109375,1.0265708544
354,2,633077476,False,0.0381678193807602,9020,3750,8120,1.7762429091374e-05,3.99455211663735e-06,0.000518432818353176,129.784973144531,6.08728810882568e-07,113225519,1079,13104322560.0,124399800.0,64492.9375,496.921478271484,0.152389755
355,3,633079178,False,0.299838185310364,4890,2730,5730,0.0217209803470895,2.84700797889419e-05,0.00426964413314562,149.969517640903,0.000744390672574648,113225519,1080,3135865903104.0,21344016584.0,91131355.1856384,607665.855162978,26.1464203154
356,1,633077809,False,0.160230979323387,8670,2960,3690,0.0012666612320393,0.000392212619772181,0.0545566193759441,139.099594116211,4.34092196289062e-05,113225519,916,3072884992.0,90349200.0,4929147.0,35436.09765625,0.11067777
357,2,633077130,False,0.326339721679688,9770,3720,6800,0.0195585885957437,0.00220506615005434,0.564424932003021,255.967361450195,0.0006702842453125,113225519,616,19567341568.0,248142592.0,140057872.0,547170.8125,0.3039746752
358,2,633077432,False,0.106735050678253,10780,3940,9360,0.00149115454355129,8.5791721147001e-06,0.000881947668072024,102.801022788765,5.11027364257812e-05,113225519,1017,749594116096.0,4862534400.0,4288500.875,41716.51953125,5.95660464
359,1,633077793,False,0.0,0,0,0,0.0,0.0,0.0,0.0,0.0,113225519,182305701,15857310720.0,84568496.0,0.0,0.0,0.1035964076
360,2,633077212,False,0.194182857871056,2740,3220,6180,0.000869486150983418,3.86280705264879e-05,0.00945802968140641,244.84861792206,2.97977978149414e-05,113225519,731,120919579152.0,629716488.0,5955877.234375,24324.7329101562,0.7714026978
361,3,633078988,False,0.0672142133116722,8460,1880,6650,8.85997222416294e-05,2.38897849097007e-06,0.000415142385161177,173.774015433937,3.03636418685913e-06,113225519,842,145694539776.0,1037541632.0,430727.5078125,2478.66464233398,1.2709884992
362,1,633077754,False,0.0,0,0,0,0.0,0.0,0.0,0.0,0.0,113225519,974,94853537792.0,547686016.0,0.0,0.0,0.6709153696
363,1,633078191,False,0.124778866767883,6350,1730,1640,0.000599550808681335,5.92790944370625e-06,0.000806971191020078,136.130822962697,2.05469561035156e-05,113225519,329,445881328640.0,2829500948.0,2283325.75,16773.025390625,3.4661386613
364,1,633078208,False,0.0,0,0,0,0.0,0.0,0.0,0.0,0.0,113225519,305,6590014464.0,74012400.0,0.0,0.0,0.09066519
365,1,633077802,False,0.458993494510651,8430,5700,3960,0.00748736049449284,0.000525536888744682,0.0698752477765083,132.959732055664,0.000256596213671875,113225519,924,8079096320.0,398575808.0,27850582.0,209466.296875,0.4882553648
366,2,633076776,False,0.0180696174502373,8920,6030,7690,2.05271172595501e-05,2.1429848857224e-05,0.00054624438052997,25.4898872375488,7.03476287841797e-07,113225519,93,230797536.0,26797500.0,14637.984375,574.266357421875,0.0328269375
367,3,633079018,False,0.0,0,0,0,0.0,0.0,0.0,0.0,0.0,113225519,888,30266036224.0,299799008.0,0.0,0.0,0.3672537848
368,1,633077711,False,0.28454327583313,9320,3520,5440,0.00636775409075476,0.00940055120736361,2.72318410873413,289.683441162109,0.000218226648828125,113225519,614454277,1980168448.0,18950400.0,51605428.0,178144.203125,0.02321424
369,3,633079184,False,0.00492695579305291,8980,3740,3310,3.63847822532128e-07,4.51839782966663e-08,5.51813669797465e-06,122.125959377548,1.2469277215004e-08,113225519,1088,15486026240.0,225279008.0,1243.12036132812,10.1790018081665,0.2759667848
370,1,633077931,False,0.207270830869675,7760,5920,5660,0.000929791549730268,0.000751112005673349,0.237748146057129,316.528228759766,3.18644990234375e-05,113225519,732,3035670272.0,34631100.0,8233480.0,26011.8359375,0.0424230975
371,1,633078343,False,0.20708055794239,5000,5020,1380,0.00122565745583339,0.00018054706742987,0.0212497897446156,117.696670532227,4.20039962890625e-05,113225519,120,22773180416.0,189917104.0,4035698.5,34288.9765625,0.2326484524
372,2,633077079,False,0.322197139263153,6090,6170,8220,0.00197271723508824,0.000396487710531801,0.144499257206917,364.448272705078,6.76061708984375e-05,113225519,544,21409875968.0,139194000.0,20113430.0,55188.7109375,0.17051265
373,3,633078455,False,0.447287082672119,7880,3230,5830,0.0200076760306726,0.00364326519609818,0.98468515639938,270.275454406653,0.000685674733789062,113225519,50,12142623232.0,153635392.0,151282490.0,559734.4765625,0.1882033552
374,3,633079265,False,0.0753649324178696,8950,5200,5880,3.77465358798918e-05,3.09422345883512e-05,0.0063613228598951,205.587054216503,1.29359581298828e-06,113225519,607344858,4127940864.0,34128000.0,217099.2265625,1055.99658203125,0.0418068
375,1,633078153,False,0.305736929178238,10190,6510,5670,0.00820564322228152,0.00228211776819195,0.340380883218413,149.151322496422,0.000281212181933594,113225519,379,4494415424.0,100591200.0,34239321.5,229560.96484375,0.12322422
376,3,633078892,False,0.473622024059296,8280,5030,6410,0.0172201071817093,0.000804113105237456,0.100695898310582,125.226038047031,0.000590143122546387,113225519,697,16028146688.0,599106624.0,60327579.6875,481749.487792969,0.7339056144
377,3,633078619,False,0.452920019626617,10590,4400,6410,0.0184919405566596,0.036927368855911,12.1305132268334,328.496548837967,0.00063372959453125,113225519,280,1623551040.0,14009400.0,169941212.0,517330.28125,0.017161515
378,2,633077197,False,0.20947177708149,4450,5180,9580,0.000744746620775524,0.000186331599252298,0.0260656233876944,139.888366699219,2.55229013183594e-05,113225519,704,17869119488.0,111816896.0,2914577.0,20835.021484375,0.1369756976
379,3,633078422,False,0.0812273845076561,10850,1120,6400,0.000123084351049566,8.60634342388445e-07,0.000125620706720094,145.962925871015,4.21817254088521e-06,113225519,4,488301445120.0,4001009472.0,502609.637466431,3443.40615582466,4.9012366032
380,2,633077312,False,0.109377205371857,7130,330,6030,0.00078145325462906,1.27868180891987e-05,0.00161401109393765,126.22460745735,2.67808590820312e-05,113225519,879,200341978971.344,1709723688.0,2759513.0,21861.92578125,2.0944115178
381,2,633077525,False,5.11218386236578e-05,8270,4190,7290,1.66749565147329e-09,3.70763808543728e-10,4.51713937366094e-08,121.833335876465,5.71460491046309e-11,113225519,563807435,6710282752.0,125820896.0,5.68350505828857,0.0466498360037804,0.1541305976
382,2,633076745,False,0.137973338365555,3390,2670,6620,0.000897719959627708,1.7823146285812e-05,0.00306372219578423,171.895699370604,3.07653869140625e-05,113225519,39,202496478976.0,1409100344.0,4317092.0,25114.6015625,1.7261479214
383,1,633077944,False,0.112230844795704,7440,4580,5380,0.000546070437854601,1.19772733663317e-05,0.00336984781308654,281.353502589266,1.87141525848389e-05,113225519,709,115598195200.0,1275487232.0,4298197.859375,15276.8592529297,1.5624718592
384,3,633078827,False,0.307214319705963,7570,4040,5710,0.0325932082123271,0.0076389697855824,2.39653399818373,313.724764654376,0.00111698826640625,113225519,609,13652589568.0,119365200.0,286062760.0,911827.15625,0.14622237
385,2,633077269,False,0.0,0,0,0,0.0,0.0,0.0,0.0,0.0,113225519,821,128008134656.0,899568000.0,0.0,0.0,1.1019708
386,1,633078203,False,0.0,0,0,0,0.0,0.0,0.0,0.0,0.0,113225519,314,21628614656.0,196082096.0,0.0,0.0,0.2402005676
387,1,633077599,False,0.475278496742249,7010,5890,4540,0.203147102193097,0.00222130476113431,0.566009765584486,254.809594562545,0.00696196974614792,113225519,290,219419403168.0,2558514576.0,1448144235.40625,5683240.60910034,3.1341803556
388,3,633078854,False,0.348689407110214,10420,3410,6510,0.0188889425494258,2.8961380027691e-05,0.0078499424479513,271.048632366472,0.000647335084508514,113225519,645,3090821032960.0,18246257712.0,143232072.929688,528436.80368042,22.3516656972
389,1,633077759,False,0.0304201021790504,2690,4070,4710,6.83501682477387e-06,1.10337509795499e-06,1.09210086520761e-05,9.89781951904297,2.34240015411377e-07,113225519,969,54310768640.0,173301296.0,1892.62487792969,191.216339111328,0.2122940876
390,3,633078862,False,0.264428585767746,5950,860,5650,0.00312680731432594,4.1886715440622e-05,0.00529197330896182,126.340135608476,0.000107157511425781,113225519,656,259764461568.0,2088383360.0,11051669.0,87475.51953125,2.558269616
391,3,633078734,False,0.00353633332997561,5950,2690,6000,2.20406236004581e-07,1.05885294836057e-07,1.5024940238338e-05,141.898270780672,7.55345033407211e-09,113225519,449,2278946432.0,58233600.0,874.956359863281,6.16608190536499,0.07133616
392,2,633077510,False,0.143477454781532,6390,4470,5700,0.00048023957019266,0.00068836915306747,0.219745606184006,319.226409912109,1.64580903320312e-05,113225519,1120,2950096128.0,19517400.0,4288863.0,13435.17578125,0.023908815
393,3,633079261,False,0.353503286838531,8360,2570,5790,0.0409696805585039,0.000225304559293972,0.0727986031391057,323.111983917377,0.00140405486210937,113225519,294,653304549376.0,5087190592.0,370340369.0,1146167.234375,6.2318084752
394,1,633078161,False,0.0,0,0,0,0.0,0.0,0.0,0.0,0.0,113225519,368,604476544.0,5916600.0,0.0,0.0,0.007247835
395,3,633079127,False,0.581259965896606,7670,5330,7130,0.333800502123433,0.000223919622044598,0.0433831346926348,193.744229721834,0.011439538009375,113225519,1009,1678211051230.77,41704243200.0,1809260800.0,9338398.375,51.08769792
396,1,633078369,False,0.146615266799927,8660,3080,3760,0.000134046340051929,0.000727690174244344,0.184109717607498,253.005630493164,4.59384630126953e-06,113225519,75,251035616.0,5153400.0,948791.0,3750.07861328125,0.006312915
397,1,633077798,False,0.197917655110359,10150,3890,3640,0.00219489047650139,2.02881925071949e-05,0.00337356036701322,166.281957637026,7.52201775390625e-05,113225519,928,520935505920.0,3026599168.0,10210415.0,61404.2265625,3.7075839808
398,3,633078733,False,0.00647596782073379,2250,4130,7540,1.46381741718121e-06,1.21203379876482e-07,6.78950460910435e-06,56.017452780801,5.01658771514892e-08,113225519,448,51074666496.0,337876192.0,2294.01196289062,40.9517364501953,0.4138983352
399,1,633078391,False,0.145816057920456,4340,1740,5690,0.000372156606680888,7.38872024729809e-06,0.00100377530317316,135.852389801904,1.27540240966797e-05,113225519,39,197538123648.0,1409100344.0,1414420.125,10411.4482421875,1.7261479214
400,1,633077092,False,0.0770916268229485,5280,2350,5690,0.000103866002927229,1.35020718516898e-05,0.00180042302235961,133.344207763672,3.55954853515625e-06,113225519,588,28498276352.0,215208000.0,387465.4375,2905.75390625,0.2636298
401,1,633077845,False,0.296653479337692,7550,3940,5690,0.0111027877586166,0.000103319256385338,0.0304726438034472,294.936731733693,0.000380499015929437,113225519,864,271610641536.0,3006326724.0,91610723.4172363,310611.44157505,3.6827502369
402,1,633078199,False,0.151382729411125,3100,2830,2620,0.00123767976418984,5.7897803344531e-05,0.00748744420707226,129.321731567383,4.24160078125e-05,113225519,320,82502909952.0,598041920.0,4477805.5,34625.3125,0.732601352
403,1,633078325,False,0.0,0,0,0,0.0,0.0,0.0,0.0,0.0,113225519,143,707609152.0,9846000.0,0.0,0.0,0.01206135
404,3,633078564,False,0.0,0,0,0,0.0,0.0,0.0,0.0,0.0,113225519,312782640,7933510656.0,54568800.0,0.0,0.0,0.06684678
405,2,633078227,False,0.0,0,0,0,0.0,0.0,0.0,0.0,0.0,113225519,312782570,1692502784.0,17712000.0,0.0,0.0,0.0216972
406,3,633078685,False,0.119746178388596,5110,1040,3470,0.00133547136114811,1.10128089276792e-05,0.00139408460439042,126.587559408807,4.57673829101562e-05,113225519,369,555791438080.0,3392515856.0,4729454.125,37361.12890625,4.1558319236
407,2,633077195,False,0.0,0,0,0,0.0,0.0,0.0,0.0,0.0,113225519,702,49195753472.0,255314704.0,0.0,0.0,0.3127605124
408,2,633077360,False,0.16393093764782,11520,6480,7120,0.00069324828338375,0.00203217915259302,0.502063810825348,247.056854248047,2.37580232421875e-05,113225519,939,745224576.0,9543600.0,4791496.0,19394.3046875,0.01169091
409,2,633077191,False,0.473622024059296,8280,5030,6410,0.0170363384065026,0.0015910635702312,0.199742868542671,125.540466308594,0.000583845259375,113225519,697,8828923904.0,299553312.0,59833636.0,476608.375,0.3669528072
410,2,633077336,False,0.266251772642136,9880,3630,6570,0.00143788634286282,0.0131381182000041,2.88080215454102,219.270538330078,4.92772041015625e-05,113225519,911,147345376.0,3061800.0,8820440.0,40226.2890625,0.003750705
411,3,633079279,False,0.0697181671857834,8410,6230,5770,8.88433911913451e-05,7.29089744737915e-05,0.00918436173784915,125.970249947085,3.04471486396789e-06,113225519,606826655,2742027776.0,34090200.0,313096.728515625,2485.48152160645,0.041760495
412,1,633078025,False,0.0,0,0,0,0.0,0.0,0.0,0.0,0.0,113225519,600,19214819328.0,147310208.0,0.0,0.0,0.1804550048
413,1,633077746,False,0.458993494510651,8430,5700,3960,0.00984394011054923,4.41404776284651e-05,0.00551483346689775,124.938237264143,0.000337357572383153,113225519,983,255823584128.0,6239033908.0,34407232.9969482,275393.936639309,7.6428165373
414,2,633077276,True,0.995573461055756,7060,5960,6350,0.0065044745817771,0.188807234168053,288.490081787109,1527.9609375,0.00022291213984375,113225519,830,435042592.0,963782.4375,278041664.0,181969.09375,0.0011806334859375
415,2,633076815,False,0.313526332378387,10490,3700,6300,0.00774523734715751,0.000500925409141928,0.120124883949757,239.805923461914,0.00026543380390625,113225519,145,16249060864.0,432560704.0,51961304.0,216680.65625,0.5298868624
416,2,633078273,False,0.0254837162792683,9570,3420,10440,3.01970009346339e-05,7.51996094550123e-06,0.00123250100295991,163.897277832031,1.03486884460449e-06,113225519,312782632,12054221824.0,112339800.0,138458.921875,844.790893554688,0.137616255
417,3,633079232,False,0.132160782814026,3830,4150,7760,8.52446425743723e-05,2.46912047996174e-06,0.000434366759859076,175.919629432504,2.92138364868164e-06,113225519,484682512,55123761152.0,965851200.0,419533.65625,2384.80297851562,1.18316772
418,2,633076878,False,0.32224914431572,12240,7270,5720,0.00419223402137137,0.0039124870672822,0.396915286779404,101.448333740234,0.000143670306445312,113225519,230,735461120.0,29976300.0,11898052.0,117281.8828125,0.0367209675
419,2,633077181,False,0.67411595582962,6770,5310,6490,0.0222397697304177,0.00148872227873653,0.481576383113861,323.483001708984,0.0007621698875,113225519,685,42409852928.0,417928512.0,201264496.0,622179.5,0.5119624272
420,1,633078007,False,0.0911815837025642,10490,5030,4310,4.33015929843415e-05,7.58830128688714e-06,0.00163840700406581,215.912216186523,1.48397086181641e-06,113225519,621,10685190144.0,159641104.0,261557.09375,1211.40478515625,0.1955603524
421,1,633077974,False,0.0471569523215294,10370,2090,2550,0.000121058888008236,5.58802170316152e-07,6.11123061545532e-05,109.363043668885,4.14875874042511e-06,113225519,669,778589830208.0,6060717028.0,370384.39453125,3386.74182891846,7.4243783593
422,1,633077888,False,0.0375647358596325,8390,310,3930,6.06658894473724e-05,1.97824774659239e-05,0.00185432680882514,93.7358245849609,2.07905543518066e-06,113225519,805,9945263104.0,85792496.0,159087.328125,1697.18811035156,0.1050958076
423,2,633076819,False,0.400716632604599,7100,3550,5740,0.0528178155446168,0.00738749513402581,1.89630949497223,256.691802978516,0.0018100973625,113225519,149,21355315200.0,200017792.0,379295648.0,1477630.5,0.2450217952
424,2,633076990,False,0.194664403796196,8000,5620,6760,0.00276311328760011,0.000110827262687963,0.0300287995487452,270.951385498047,9.46935048828125e-05,113225519,381,75376345088.0,697489216.0,20944764.0,77300.8203125,0.8544242896
425,3,633078569,False,0.47401550412178,8510,4470,6920,0.0224049532480114,0.000884076254303421,0.175692672156487,198.730224119545,0.000767830823046875,113225519,214,47093045248.0,708989376.0,124564238.0,626800.671875,0.8685119856
426,1,633078008,False,0.0,0,0,0,0.0,0.0,0.0,0.0,0.0,113225519,620,31432151040.0,212012992.0,0.0,0.0,0.2597159152
427,2,633076904,False,0.489313393831253,5300,6500,6420,0.0221744748928838,0.0148943541571498,4.96961545944214,333.657653808594,0.0007599321953125,113225519,263,5253385216.0,41650200.0,206985472.0,620352.8125,0.051021495
428,2,633076954,False,0.0,0,0,0,0.0,0.0,0.0,0.0,0.0,113225519,334,43155525632.0,322994688.0,0.0,0.0,0.3956684928
429,3,633078636,False,0.0,0,0,0,0.0,0.0,0.0,0.0,0.0,113225519,305,13235395072.0,148024800.0,0.0,0.0,0.18133038
430,3,633078872,False,0.0,0,0,0,0.0,0.0,0.0,0.0,0.0,113225519,670,57449844736.0,381360608.0,0.0,0.0,0.4671667448
431,1,633078244,False,0.0,0,0,0,0.0,0.0,0.0,0.0,0.0,113225519,251,28609480704.0,212493600.0,0.0,0.0,0.26030466
432,2,633077495,False,0.493698984384537,6960,6330,6690,0.0117529524913481,0.000172422216041366,0.0422505513055202,245.041226563193,0.000402780540747774,113225519,1099,84526225872.0,1906949400.0,80569663.461731,328800.441426754,2.336013015
433,2,633077593,False,0.294422060251236,8980,4980,5750,0.00090090963712759,0.00293699651956558,0.662844359874725,225.687835693359,3.08746990234375e-05,113225519,607344854,832219008.0,8581500.0,5688199.0,25203.8359375,0.0105123375
434,3,633079122,False,0.0,0,0,0,0.0,0.0,0.0,0.0,0.0,113225519,1005,4466848000.0,49721400.0,0.0,0.0,0.060908715
435,2,633077303,False,0.67411595582962,6770,5310,6490,0.0645592255735021,0.000600769043242402,0.184121027160272,306.47555700699,0.00221248233632314,113225519,864,296983708416.0,3006326724.0,553527964.402255,1806108.02965154,3.6827502369
436,2,633076947,False,0.269946098327637,6540,6760,8580,0.00657425094133151,0.000532580073922873,0.169120967388153,317.550323486328,0.00022530341640625,113225519,327,43189964800.0,345339904.0,58404220.0,183921.15625,0.4230413824
437,3,633078532,False,0.0949936136603355,8540,5950,7930,0.000311734993240722,2.2998628720924e-05,0.00323533772195323,140.675244650989,1.06833401428223e-05,113225519,589508447,42312581120.0,379200608.0,1226842.03125,8721.09399414062,0.4645207448
438,3,633078975,False,0.217304468154907,3240,3780,6020,0.0024200900298622,0.000223750394231129,0.0771662308191304,344.876401600524,8.293789765625e-05,113225519,827,45396637696.0,302588992.0,23349652.0,67704.40625,0.3706715152
439,3,633078811,False,0.219277694821358,3900,4610,6150,0.00456450119651095,9.84629482698706e-05,0.0201135510832369,204.275328300235,0.000156428119787598,113225519,589,206521499648.0,1296898240.0,26085229.0,127696.424316406,1.588700344
440,2,633077589,False,0.237172737717628,9000,5200,5870,0.000266744303422599,0.000660474295727909,0.133751064538956,202.507598876953,9.14148294677734e-06,113225519,607344842,1324978048.0,11298600.0,1511199.75,7462.43505859375,0.013840785
441,3,633079039,False,0.105522289872169,5430,5700,6220,0.000223095613182247,0.000594445385950998,0.175296130016953,294.890218950078,7.64561685943603e-06,113225519,914,1537333888.0,10499400.0,1840504.1875,6241.31988525391,0.012861765
442,3,633078621,False,0.0,0,0,0,0.0,0.0,0.0,0.0,0.0,113225519,312782566,29394617344.0,201036608.0,0.0,0.0,0.2462698448
443,1,633077835,False,0.128744795918465,10580,4220,5610,0.000605260225288329,0.000362738705007359,0.115512639284134,318.445831298828,2.07426211425781e-05,113225519,880,4455058432.0,46680300.0,5392164.5,16932.751953125,0.0571833675
444,2,633076772,False,0.302803933620453,11480,6910,5750,0.00183478099717431,0.000222890972509049,0.0313464477658272,140.635787963867,6.28790155273437e-05,113225519,83,13163918336.0,230291104.0,7218808.0,51329.80859375,0.2821066024
445,3,633078953,False,0.629528760910034,6690,5500,6820,0.112374340037553,0.00194088499334468,0.613836340671366,316.26620988684,0.00385113421328125,113225519,797,158876456960.0,1619767808.0,994272344.0,3143783.03125,1.9842155648
446,3,633079267,False,0.25512883067131,8510,5750,5910,0.000489818991938562,0.0004768774727743,0.0726085172758498,152.258224431194,1.67863827056885e-05,113225519,607344850,4006218496.0,28735200.0,2086420.265625,13703.1695556641,0.03520062
447,1,633078198,False,0.0,0,0,0,0.0,0.0,0.0,0.0,0.0,113225519,321,1192202752.0,12087000.0,0.0,0.0,0.014806575
448,2,633077086,False,0.121200583875179,5290,1680,9240,0.00090374005004127,0.000138958377647214,0.0183136500418186,131.792343139648,3.09716989257812e-05,113225519,558,26666121216.0,181946704.0,3332108.25,25283.01953125,0.2228847124
449,1,633078243,False,0.0,0,0,0,0.0,0.0,0.0,0.0,0.0,113225519,252,23707635712.0,154379696.0,0.0,0.0,0.1891151276
450,1,633077703,False,0.212703138589859,11060,4310,2140,0.00652608965950831,7.08168299752288e-05,0.00725975399836898,102.514526367188,0.000223652901171875,113225519,1041,84319535104.0,2578113024.0,18716466.0,182573.796875,3.1581884544
451,3,633078477,False,0.184222638607025,3130,3070,6540,0.000417755492836122,2.79180523314388e-05,0.00580712594452662,208.006127203478,1.43167245361328e-05,113225519,84,48034965504.0,418622400.0,2430993.0,11687.1220703125,0.51281244
452,3,633078712,False,0.25289061665535,8830,4180,7870,0.00128574526074055,0.000227543542541226,0.0542534077768415,238.430883034231,4.40632404296875e-05,113225519,560581563,12606851072.0,158079600.0,8576357.0,35969.9921875,0.19364751
453,3,633079141,False,0.0,0,0,0,0.0,0.0,0.0,0.0,0.0,113225519,1026,4406784256.0,65919600.0,0.0,0.0,0.08075151
454,2,633077255,False,0.43086701631546,6270,5460,6830,0.00620900131151401,0.00142595684155822,0.31752410531044,222.674407958984,0.0002127860984375,113225519,802,8112030720.0,121815000.0,38679200.0,173702.9375,0.149223375
455,1,633078125,False,0.322377115488052,12570,5440,4100,0.00169343265327787,6.2632308981847e-05,0.0153826298192143,245.602142333984,5.80349252929687e-05,113225519,429,45393354752.0,756405888.0,11635512.0,47375.44921875,0.9265972128
456,1,633077867,False,0.541790068149567,6380,5740,3890,0.025106480933885,0.000460236704007839,0.169243021330158,367.73038711679,0.000860413753417969,113225519,835,171466876928.0,1526124640.0,258285945.0,702378.57421875,1.869502684
457,1,633077702,False,0.218010365962982,9560,4420,5230,0.000717879061283162,8.86255947989412e-05,0.0139967482537031,157.931228637695,2.4602134375e-05,113225519,1043,6272000512.0,226609200.0,3171792.0,20083.375,0.27759627
458,3,633079210,False,0.618896305561066,10530,4670,4970,0.143629928980792,0.00128961191748248,0.368230178485405,285.535651069546,0.00492228148671875,113225519,1117,177918232320.0,3115812528.0,1147336203.3125,4018188.96875,3.8168703468
459,3,633078504,False,0.51826149225235,7450,7010,5780,0.022897904612968,0.00571435237360418,1.54009443168823,269.513381569232,0.000784724554003906,113225519,126,7880459264.0,112102200.0,172647974.0,640591.47265625,0.137325195
460,1,633078319,False,0.300393313169479,7740,6070,4990,0.00192375727723197,0.000562395027372986,0.115643613040447,205.627014160156,6.59282845703125e-05,113225519,606826647,6871475712.0,95696096.0,11066642.0,53819.0078125,0.1172277176
461,1,633077712,False,0.024819141253829,8760,2300,1050,1.29263953139432e-05,1.31266577393125e-06,4.16841497090872e-05,31.7553413343361,4.42995111083984e-07,113225519,1027,36378323328.0,275491804.0,11483.6416015625,361.628662109375,0.3374774599
462,2,633076848,True,1.0,6890,5910,6630,0.778814999817847,0.313664793968201,537.029052734375,1712.11145019531,0.02669044455,113225519,194,50947563520.0,69463064.0,37303685120.0,21788118.0,0.0850922534
463,3,633078691,False,0.391437888145447,4440,3840,9890,0.019998534304468,6.89323417922333e-05,0.00921680339012018,133.707968574465,0.00068536144149704,113225519,378,1204994951680.0,8116345872.0,74806764.1484375,559478.727752686,9.9425236932
464,3,633078472,False,0.0,0,0,0,0.0,0.0,0.0,0.0,0.0,113225519,74,24045021184.0,186337792.0,0.0,0.0,0.2282637952
465,1,633078292,False,0.115377217531204,12580,7390,5370,0.000868898226984865,9.63358688750304e-05,0.00498659256845713,51.7625732421875,2.97776493164062e-05,113225519,190,2460115968.0,252328496.0,1258259.375,24308.28515625,0.3091024076
466,1,633078075,False,0.698794782161713,7860,5630,5670,0.0410609334841418,0.0100215589627624,3.05286383628845,304.629638671875,0.001407182153125,113225519,525,10717669376.0,114624896.0,349934208.0,1148720.125,0.1404154976
467,3,633079060,False,0.29041051864624,11780,5400,5240,0.00323258804530236,0.000106106591579294,0.0185585963816235,174.905216588308,0.000110782678808594,113225519,938,35293841408.0,852301808.0,15817525.25,90434.83984375,1.0440697148
468,2,633076866,False,0.263266623020172,8320,3240,6870,0.00299148073638718,0.000145747209899127,0.0329356119036674,225.977645874023,0.000102519790625,113225519,215,55329034240.0,574210816.0,18911984.0,83689.625,0.7034082496
469,3,633079023,False,0.16192564368248,6520,4800,7470,0.000564108790443949,7.4024136697478e-06,0.00149887301218902,202.484362406631,1.93323374550223e-05,113225519,896,96136586496.0,2131939752.0,3195506.95788574,15781.4999632835,2.6116261962
470,2,633077142,False,0.0,0,0,0,0.0,0.0,0.0,0.0,0.0,113225519,630,83960848384.0,543106816.0,0.0,0.0,0.6653058496
471,2,633077396,False,0.348689407110214,10420,3410,6510,0.00753307324783425,0.000350630085449666,0.118160881102085,336.995849609375,0.00025816281640625,113225519,976,95424053248.0,601046976.0,71020240.0,210745.15625,0.7362825456
472,2,633077571,False,0.351518511772156,9830,5200,7200,0.012703143371185,0.00245707994326949,0.572456955909729,232.982620239258,0.00043534413671875,113225519,549009215,9868388352.0,144636304.0,82798056.0,355382.96875,0.1771794724
473,2,633077385,False,0.0,0,0,0,0.0,0.0,0.0,0.0,0.0,113225519,965,34947670016.0,301475712.0,0.0,0.0,0.3693077472
474,2,633077236,False,0.590985715389252,10580,4470,6580,0.628721776661761,0.00233926577493548,0.63769006729126,272.602661132812,0.0215466622,113225519,771,422903466496.0,7519073792.0,4794838528.0,17589112.0,9.2108653952
475,1,633077893,False,0.0,0,0,0,0.0,0.0,0.0,0.0,0.0,113225519,798,802964368.0,48627900.0,0.0,0.0,0.0595691775
476,3,633078702,False,0.400877594947815,8670,4780,5840,0.00424802813973592,0.00353446283369952,0.418383780930288,118.372663857485,0.000145582403442383,113225519,397,1153659968.0,33624000.0,14067736.25,118842.778320312,0.0411894
477,2,633077430,False,0.0,0,0,0,0.0,0.0,0.0,0.0,0.0,113225519,1015,89381240832.0,538884928.0,0.0,0.0,0.6601340368
478,3,633078656,False,0.135548561811447,6230,6260,6070,0.000246153784380575,0.00123134051671045,0.407266464907311,330.750478344796,8.43583384284973e-06,113225519,332,794962080.0,5592600.0,2277678.43164062,6886.39497375488,0.006850935
479,1,633077866,False,0.0323555842041969,9120,3860,750,0.000119488217836911,2.87345119431848e-05,0.00317194545641541,110.388000488281,4.09493095703125e-06,113225519,836,10436970496.0,116334000.0,369005.09375,3342.80078125,0.14250915
480,1,633078196,False,0.575094401836395,8350,4410,5690,0.427346404887394,0.00124742619868475,0.389234332156308,312.029948197902,0.0146454106892607,113225519,323,919366022208.0,9584083860.0,3730454480.57715,11955437.2973557,11.7405027285
481,2,633078235,False,0.0,0,0,0,0.0,0.0,0.0,0.0,0.0,113225519,312782582,8113897984.0,52763400.0,0.0,0.0,0.064635165
482,1,633077688,False,0.195270135998726,8990,4260,5600,0.00083059082016261,0.00745120970532298,1.19485437870026,160.35710144043,2.84648321289062e-05,113225519,1060,117743488.0,3118500.0,3726153.5,23236.59765625,0.0038201625
483,2,633077285,False,0.341673612594604,5390,7170,8300,0.00592152956731417,6.90768295787667e-05,0.00772070691856109,111.769850551079,0.000202934273999023,113225519,840,125817495040.0,2398208384.0,18515864.0625,165660.631835938,2.9378052704
484,3,633079035,False,0.187878713011742,8960,6060,9970,0.00190110232770392,5.18515945502641e-06,0.000808255639831992,155.878646904191,6.51518862288542e-05,113225519,909,1088294748160.0,10257199168.0,8290439.07641602,53185.2132480443,12.5650689808
485,2,633077406,False,0.0,0,0,0,0.0,0.0,0.0,0.0,0.0,113225519,986,15814332416.0,335231104.0,0.0,0.0,0.4106581024
486,3,633078820,False,0.0,0,0,0,0.0,0.0,0.0,0.0,0.0,113225519,600,42281336832.0,294620416.0,0.0,0.0,0.3609100096
487,2,633077176,False,0.109608121216297,6130,4590,10630,0.000255613576530241,6.76348113165124e-06,0.000694601165411607,102.698765900457,8.76002644042969e-06,113225519,677,150458712704.0,1057301980.0,734403.1875,7151.0419921875,1.2951949255
488,3,633078565,False,0.0,0,0,0,0.0,0.0,0.0,0.0,0.0,113225519,209,11947232768.0,258809408.0,0.0,0.0,0.3170415248
489,1,633078353,False,0.120836310088634,10440,6830,4610,0.000216312135702062,6.88878790242597e-05,0.011636040173471,168.912734985352,7.41314312744141e-06,113225519,105,3412551168.0,87846304.0,1022183.125,6051.54541015625,0.1076117224
490,3,633079120,False,0.049732580780983,7730,2940,650,0.00022416973950638,3.24253206973861e-06,0.00032230873771159,99.400323814707,7.68242779541016e-06,113225519,1002,280281604352.0,1934096408.0,623376.171875,6271.36962890625,2.3692680998
491,3,633079148,False,0.162013649940491,9240,2290,7620,0.00272353065206982,7.80761695437856e-05,0.0120106421260131,153.832369033902,9.33369848632812e-05,113225519,1037,114755092480.0,975886208.0,11721020.0,76193.45703125,1.1954606048
492,1,633078175,False,0.538526177406311,9670,3460,5650,0.0807319234101813,0.00275349584313803,0.789062827386813,286.567647942245,0.00276673012936096,113225519,348,67690677824.0,820250088.0,647228853.601562,2258555.2076416,1.0048063578
493,2,633077323,False,0.109608121216297,6130,4590,10630,0.000255613576530241,4.74265216325875e-05,0.00487064523622394,102.698768615723,8.76002644042969e-06,113225519,897,17721350144.0,150781504.0,734403.1875,7151.0419921875,0.1847073424
494,2,633077351,False,0.0,0,0,0,0.0,0.0,0.0,0.0,0.0,113225519,182305697,27992139776.0,149164192.0,0.0,0.0,0.1827261352
495,3,633078607,False,0.0,0,0,0,0.0,0.0,0.0,0.0,0.0,113225519,312782586,8525075968.0,51530400.0,0.0,0.0,0.06312474
496,1,633077736,False,0.110491663217545,3820,5030,2220,0.000626223935240823,8.47175906528719e-05,0.00932277459651232,110.045333862305,2.14610597167969e-05,113225519,996,23920594944.0,206795696.0,1927909.75,17519.232421875,0.2533247276
497,3,633078500,False,0.0,0,0,0,0.0,0.0,0.0,0.0,0.0,113225519,121,3166158592.0,34416000.0,0.0,0.0,0.0421596
498,3,633078657,False,0.00303169735707343,4500,3900,5800,9.4286677721467e-07,7.92206614721592e-07,9.36875900294401e-05,118.261559911823,3.23125946998596e-08,113225519,333,3674251008.0,33296400.0,3119.45947265625,26.377628326416,0.04078809
499,1,633077957,False,0.361296027898788,6750,7020,5080,0.00347338258598082,0.000393001479096711,0.153594523668289,390.824310302734,0.000119034848242187,113225519,693,28432826368.0,247254304.0,37976908.0,97171.3046875,0.3028865224
500,3,633078789,False,0.0532004199922085,12080,7080,7670,0.000370451958703193,7.8776870448433e-05,0.00383412750297586,48.6707263331268,1.26956048156738e-05,113225519,553,1420411968.0,131558400.0,504411.6796875,10363.7590332031,0.16115904
501,2,633077291,False,0.0,0,0,0,0.0,0.0,0.0,0.0,0.0,113225519,847,52430401536.0,321251392.0,0.0,0.0,0.3935329552
502,1,633078013,False,0.431156635284424,6930,6930,4720,0.0243786576578468,0.00289668771438301,0.742016136646271,256.160217285156,0.000835470825,113225519,614,18313381888.0,235447200.0,174705616.0,682017.0,0.28842282
503,3,633078936,False,0.493698984384537,6960,6330,6690,0.016652749754977,8.32036209890173e-05,0.0203320778547934,244.365300609659,0.000570699452429902,113225519,768,287983923344.0,5599240736.0,113844198.572083,465877.10402441,6.8590699016
504,3,633079270,False,0.299852758646011,9070,4920,5670,0.000569128634687882,0.000704597696112516,0.145148923317933,206.002551695478,1.95043704467773e-05,113225519,607344842,2541998080.0,22597200.0,3279959.25,15921.9350585938,0.02768157
505,1,633077987,False,0.543903529644012,12190,5170,5580,0.0218949740262525,0.00160360580775887,0.410605609416962,256.051452636719,0.0007503535375,113225519,651,33877370880.0,381972608.0,156840096.0,612533.5,0.4679164448
506,1,633077530,False,0.119979798793793,5430,2590,5000,0.00022587839308175,4.61768831883091e-06,0.000648429442662746,140.422958374023,7.74098435058594e-06,113225519,484682516,63012679680.0,1368470656.0,887356.625,6319.1708984375,1.6763765536
507,1,633077952,False,0.329030096530914,5730,7250,3630,0.0205398788319375,2.89043255179422e-05,0.00433598412200809,150.011596679688,0.000703913634375,113225519,698,2393054895104.0,19880185856.0,86200168.0,574623.375,24.3532276736
508,2,633076854,False,0.0,0,0,0,0.0,0.0,0.0,0.0,0.0,113225519,201,128110395392.0,682217984.0,0.0,0.0,0.8357170304
509,1,633078171,False,0.0774233192205429,5140,1810,2060,0.000251285366797211,5.17446534770318e-06,0.000628364722646011,121.435680871827,8.61169616699219e-06,113225519,353,216173685888.0,1358585976.0,853687.5,7029.9560546875,1.6642678206
510,3,633079068,True,0.457272201776505,7100,5860,6400,0.000830205026127758,0.206513106577369,507.835737463749,2459.09688678036,2.84516107421875e-05,113225519,946,80595728.0,112466.4921875,57114504.0,23225.8046875,0.000137771452929687
511,1,633078067,False,0.248371824622154,6050,5720,3470,0.000911949727554919,4.30485008827318e-05,0.0134116126121417,311.546565783469,3.12530493652344e-05,113225519,536,83500634112.0,592649984.0,7948392.0,25512.693359375,0.7259962304
512,3,633078813,False,0.467327982187271,9070,4520,5880,0.0515847893249777,0.0192782022458401,4.5365485770468,235.320105017868,0.001767840834375,113225519,591,5442183168.0,74858400.0,339598768.0,1443135.375,0.09170154
513,3,633079096,False,0.575094401836395,8350,4410,5690,0.0128650266253666,0.0157083044186067,5.96326847705589,379.62521721901,0.0004408919703125,113225519,975,3056798464.0,22912200.0,136631600.0,359911.8125,0.028067445
514,1,633076853,False,0.0,0,0,0,0.0,0.0,0.0,0.0,0.0,113225519,312782648,10010803200.0,81117904.0,0.0,0.0,0.0993694324
515,2,633077313,False,0.362717986106873,10470,4000,6030,0.00278261634196136,0.00166765076573938,0.677909076213837,406.505401611328,9.53618859375e-05,113225519,880,4953691648.0,46680300.0,31644998.0,77846.4375,0.0571833675
516,2,633077324,False,0.590985715389252,10580,4470,6580,0.120658926102412,0.0138546787202358,4.43478536605835,320.092956542969,0.0041350518125,113225519,898,25541332992.0,243639904.0,1080490624.0,3375552.5,0.2984588824
517,2,633076717,False,0.375820130109787,7640,6550,6790,0.0312848640501964,0.0180418193340302,4.49364280700684,249.068145751953,0.0010721505484375,113225519,1,4152738816.0,48510900.0,217990656.0,875224.9375,0.0594258525
518,3,633078925,False,0.370254218578339,9820,4170,6640,0.0159555833592788,0.00017592886224275,0.0187782846842419,106.737941943439,0.000546807153192139,113225519,752,44701087200.0,2537236816.0,47644955.2421875,446373.186279297,3.1081150996
519,2,633076830,False,0.0,0,0,0,0.0,0.0,0.0,0.0,0.0,113225519,163,44739821568.0,361639808.0,0.0,0.0,0.4430087648
520,3,633078638,False,0.174108311533928,5530,3150,5930,0.000754175291547505,4.94252945586558e-05,0.00952646893129809,192.744808429872,2.58460273681641e-05,113225519,310,24862100480.0,426882592.0,4066683.75,21098.7978515625,0.5229311752
521,3,633078796,False,0.179247990250587,8540,6590,1670,0.00282082335576478,6.24206647378491e-05,0.00851000413323361,136.333122515972,9.66712625976562e-05,113225519,566,124671827968.0,1264249856.0,10758771.5,78915.31640625,1.5487060736
522,1,633077708,False,0.0502953641116619,12640,4860,3750,0.000186210688779928,4.61922036265605e-06,0.000575812126044184,124.655693054199,6.38154897460937e-06,113225519,1033,176255385600.0,1127772032.0,649384.8125,5209.427734375,1.3815207392
523,1,633078177,False,0.162385478615761,4470,2450,1890,0.0028412614960134,2.84458605178879e-05,0.00358740562328213,126.113450532679,9.73716895914078e-05,113225519,345,432991875584.0,2794329020.0,10024391.6396484,79487.0935440063,3.4230530495
524,3,633078766,False,0.0,0,0,0,0.0,0.0,0.0,0.0,0.0,113225519,514,343117264.0,20080800.0,0.0,0.0,0.02459898
525,2,633077584,False,0.386926501989365,8480,5190,6040,0.0046666143533865,0.0133473537862301,3.21057033538818,240.539825439453,0.000159927597265625,113225519,607344830,859357184.0,9781200.0,31403230.0,130553.140625,0.01198197
526,1,633078309,False,0.0,0,0,0,0.0,0.0,0.0,0.0,0.0,113225519,163,40574115840.0,361639808.0,0.0,0.0,0.4430087648
527,3,633078550,False,0.319538205862045,6250,4730,5620,0.00445938124079535,0.00152840675291211,0.486181151270573,318.096704522039,0.000152825597558594,113225519,189,9806560256.0,81624600.0,39684342.0,124755.58984375,0.099990135
528,3,633079045,False,0.103825487196445,5650,1230,2620,0.000185685964211352,4.57244401333199e-06,0.000609450171390731,133.287618090838,6.36356635742187e-06,113225519,182305689,189702113024.0,1136098776.0,692395.59375,5194.748046875,1.3917210006
529,2,633077046,False,0.095525935292244,9180,2850,7740,0.000456109465822193,0.00011503462883411,0.0140809779986739,122.406425476074,1.56311375732422e-05,113225519,482,5047611904.0,110924096.0,1561919.75,12760.1123046875,0.1358820176
530,1,633077865,False,0.0,0,0,0,0.0,0.0,0.0,0.0,0.0,113225519,838,50716053504.0,288421184.0,0.0,0.0,0.3533159504
531,1,633077927,False,0.112230844795704,7440,4580,5380,0.000524859380064005,0.000151585118146613,0.0428216867148876,282.49267578125,1.79872372558594e-05,113225519,741,12065998848.0,96866096.0,4147969.75,14683.458984375,0.1186609676
532,3,633079111,False,0.0,0,0,0,0.0,0.0,0.0,0.0,0.0,113225519,990,31055455232.0,192254400.0,0.0,0.0,0.23551164
533,3,633079179,False,0.192665874958038,3640,3480,6580,0.000146096207618527,0.000419404993932911,0.0898093805155359,214.1352196915,5.00680229492187e-06,113225519,1081,771434432.0,9745200.0,875210.375,4087.185546875,0.01193787
534,1,633077796,False,0.370341718196869,7450,3530,5420,0.00241434905717418,0.000308846065308899,0.0828148499131203,268.142822265625,8.2741151171875e-05,113225519,930,20543883264.0,218697296.0,18111384.0,67543.796875,0.2679041876
535,1,633077587,False,0.363960027694702,8360,4230,5630,0.00135177454511605,0.00513807032257318,2.40866231918335,468.787322998047,4.63261025390625e-05,113225519,549009211,1060653824.0,7360200.0,17728236.0,37817.2265625,0.009016245
536,1,633078096,False,0.321089446544647,5840,7040,4060,0.0263907783848726,3.64906372851692e-05,0.00945238023996353,259.035797119141,0.0009044273765625,113225519,477,2593366123776.0,20232808448.0,191248208.0,738308.0625,24.7851903488
537,1,633078033,False,0.0,0,0,0,0.0,0.0,0.0,0.0,0.0,113225519,590,33786007552.0,296878496.0,0.0,0.0,0.3636761576
538,2,633077052,False,0.468890815973282,3680,5810,6320,0.0604341289868244,0.000434172557808086,0.176432536455732,406.365011520878,0.00207111286894531,113225519,493,546328528896.0,3894083936.0,687043106.0,1690704.3828125,4.7702528216
539,3,633078865,False,0.364813387393951,10410,6580,4450,0.0116284954466746,0.00039422613101313,0.0855497360355822,217.006761616045,0.000398515325195312,113225519,661,50262829056.0,825208192.0,70596343.0,325318.6328125,1.0108800352
540,3,633079057,False,0.145816057920456,4340,1740,5690,0.000984337876421826,5.05032250860616e-05,0.00662730408826323,131.225363864778,3.37338334716797e-05,113225519,935,67844091904.0,545268608.0,3613660.875,27537.8232421875,0.6679540448
541,2,633077033,False,0.391437888145447,4440,3840,9890,0.0243017452027692,4.53421363983792e-05,0.00633406338267952,139.694859700213,0.000832834990279388,113225519,453,2501223234176.0,14994117000.0,94973687.4453125,679865.298187256,18.367793325
542,3,633078693,False,0.0,0,0,0,0.0,0.0,0.0,0.0,0.0,113225519,380,343117264.0,20080800.0,0.0,0.0,0.02459898
543,3,633078622,False,0.0,0,0,0,0.0,0.0,0.0,0.0,0.0,113225519,312782562,54102646784.0,319714208.0,0.0,0.0,0.3916499048
544,2,633077374,False,0.0,0,0,0,0.0,0.0,0.0,0.0,0.0,113225519,954,16019742720.0,133981200.0,0.0,0.0,0.16412697
545,2,633077524,False,0.0,0,0,0,0.0,0.0,0.0,0.0,0.0,113225519,204,12988841984.0,124780496.0,0.0,0.0,0.1528561076
546,3,633078661,False,0.0572809353470802,5410,910,7860,0.000101222563720688,1.33770284402005e-06,0.000169398978434738,126.634236588495,3.46895633087158e-06,113225519,337,336656423040.0,2116913408.0,358602.96875,2831.80108642578,2.5932189248
547,3,633079116,True,1.0,6890,5910,6630,0.999999978497184,0.298552446778112,508.965332810162,1704.77696064046,0.03427058285,113225519,997,66092273664.0,93705432.0,47692816384.0,27975986.0,0.1147891542
548,2,633077449,False,0.202469855546951,10970,6340,9180,0.00454527116857419,4.93222942168359e-05,0.00589354103431106,119.490409851074,0.000155769095507812,113225519,1041,262015287296.0,2578113024.0,15194215.0,127158.4453125,3.1581884544
549,1,633077533,False,0.289804548025131,6660,7150,3080,0.000756469146362224,6.12772564636543e-05,0.0243914052844048,398.049896240234,2.59246391113281e-05,113225519,639,38277582848.0,345364192.0,8423918.0,21162.970703125,0.4230711352
550,3,633078899,False,0.021032365038991,7760,2500,5100,1.5730290914668e-05,8.41219281995496e-06,0.000556139347875168,66.1111032257753,5.39086249637604e-07,113225519,706,6260667392.0,52313400.0,29093.5401611328,440.070407867432,0.064083915
551,2,633077203,False,0.317672908306122,6580,4810,7470,0.000364193513411014,2.58560776273953e-05,0.00589771289378405,228.097732543945,1.24811242431641e-05,113225519,718,34227169280.0,394053312.0,2324013.25,10188.6728515625,0.4827153072
552,3,633079113,False,0.54055255651474,7680,5650,6400,0.0976914266964456,0.000431208463253128,0.111108615632962,257.667984516666,0.00334794220432543,113225519,991,333832001797.582,6338034332.0,704210220.462708,2733014.04434729,7.7640920567
553,3,633078878,False,0.0,0,0,0,0.0,0.0,0.0,0.0,0.0,113225519,678,20396163072.0,119257200.0,0.0,0.0,0.14609007
554,1,633078221,False,0.0937769934535027,5420,5180,5040,5.74453496464533e-05,0.000460457958979532,0.0888504236936569,192.960998535156,1.96868565673828e-06,113225519,287,333264064.0,3490200.0,310105.75,1607.09033203125,0.004275495
555,2,633077579,False,0.181477829813957,6280,6410,8410,0.00104790435528331,0.000356551900040358,0.127601936459541,357.877624511719,3.59122937988281e-05,113225519,1105,10541562880.0,82221296.0,10491597.0,29316.158203125,0.1007210876
556,1,633078041,False,0.0801528543233871,9070,3050,3710,0.000112962156731467,7.98708933871239e-05,0.0181264709681273,226.947128295898,3.87127903442383e-06,113225519,580,2620272384.0,39566700.0,717204.625,3160.22778320312,0.0484692075
557,3,633079165,False,0.269304066896439,9060,4180,5750,0.00196327317025461,0.00880623759920635,1.33685465768799,151.807697967231,6.72825172851562e-05,113225519,1060,252416128.0,6237000.0,8337962.5,54924.50390625,0.007640325
558,3,633078458,True,0.0,0,0,0,0.0,0.0,0.0,0.0,0.0,113225519,54,23850.41796875,212.881469726562,0.0,0.0,2.60779800415039e-07
559,2,633076837,False,0.419097483158112,6250,6740,6550,0.0203338494581717,0.00840904843062162,2.13262724876404,253.610992431641,0.0006968528875,113225519,173,5631488512.0,67648496.0,144269024.0,568859.5,0.0828694076
560,1,633077646,False,0.0,0,0,0,0.0,0.0,0.0,0.0,0.0,113225519,1116,206284688.0,13062600.0,0.0,0.0,0.016001685
561,3,633078754,False,0.25710317492485,3820,4200,7180,0.00237752084165005,2.84040628110479e-06,0.000656851010763279,231.252484946553,8.14790267333984e-05,113225519,485,3106495791104.0,23416893440.0,15381410.125,66513.4912109375,28.685694464
562,2,633077003,False,0.343213021755219,7750,4510,6620,0.0100301391711,0.00304188606886014,0.854940355395983,281.056008030027,0.000343738722851562,113225519,406,8484303872.0,92246400.0,78865170.0,280603.0390625,0.11300184
563,1,633077725,False,0.0,0,0,0,0.0,0.0,0.0,0.0,0.0,113225519,1010,12623138816.0,81598496.0,0.0,0.0,0.0999581576
564,3,633078985,False,0.414736568927765,13070,5830,5600,0.0233171775553598,0.00416088499133201,1.27387228665216,306.154168958263,0.000799093282421875,113225519,839,17031785472.0,156774592.0,199710808.0,652321.046875,0.1920488752
565,2,633077386,False,0.257940798997879,6350,6400,8850,0.000780388935037796,4.98764202347957e-05,0.0153521783649921,307.804321289062,2.67443842285156e-05,113225519,966,47182753792.0,437724896.0,6720030.5,21832.150390625,0.5362129976
566,3,633079063,False,0.0,0,0,0,0.0,0.0,0.0,0.0,0.0,113225519,182305709,37267795968.0,264727808.0,0.0,0.0,0.3242915648
567,1,633077701,False,0.0,0,0,0,0.0,0.0,0.0,0.0,0.0,113225519,1044,2039522944.0,27514800.0,0.0,0.0,0.03370563
568,3,633078459,False,0.54055255651474,7680,5650,6400,0.0506025917816401,0.0318774361332676,9.32720896761739,292.595958113564,0.00173418035136719,113225519,54,4237678165.58203,44409388.0,414215642.0,1415657.4296875,0.0544015003
569,1,633077853,False,0.0185919068753719,8350,2200,4410,1.28699231499958e-05,1.24552207125816e-06,0.000149881409015507,120.336204528809,4.41059777069092e-07,113225519,851,29145065472.0,289074592.0,43326.90625,360.048797607422,0.3541163752
570,2,633076986,False,0.0,0,0,0,0.0,0.0,0.0,0.0,0.0,113225519,377,6042940416.0,48273300.0,0.0,0.0,0.0591347925
571,2,633077049,False,0.25710317492485,3820,4200,7180,0.00212580807147221,5.07937385267446e-06,0.00121111880500576,238.438602893557,7.2852683203125e-05,113225519,485,1576159150080.0,11708446720.0,14180320.0,59471.578125,14.342847232
572,2,633077392,False,0.184222638607025,3130,3070,6540,0.000778449229818131,2.00777217363899e-05,0.00452857466727782,225.552217862946,2.66779093986511e-05,113225519,972,154334949760.0,1084679104.0,4912050.3125,21777.8852233887,1.3287319024
573,1,633078076,False,0.297922432422638,5280,6100,5210,0.0171012009536521,0.00191377999726683,0.617643177509308,322.734710693359,0.00058606813671875,113225519,523,32759859200.0,249988496.0,154403696.0,478422.96875,0.3062359076
574,1,633078366,False,0.0,0,0,0,0.0,0.0,0.0,0.0,0.0,113225519,83,14266767360.0,230291104.0,0.0,0.0,0.2821066024
575,3,633078801,False,0.274923324584961,6650,3420,6570,0.00234863002771921,0.000202268060411757,0.0523241993656001,258.687403533132,8.04889216796875e-05,113225519,575,29024328704.0,324842400.0,16997118.5,65705.2421875,0.39793194
576,1,633077843,False,0.421673238277435,10210,3840,4310,0.0357085328831336,0.00197916547767818,0.68275648355484,344.971893310547,0.0012237522609375,113225519,867,40263391744.0,504748800.0,344620512.0,998981.4375,0.61831728
577,2,633076935,False,0.0,0,0,0,0.0,0.0,0.0,0.0,0.0,113225519,311,35848667136.0,320056192.0,0.0,0.0,0.3920688352
578,1,633077871,False,0.34458926320076,7050,5790,5510,0.010629663101261,0.00175724748987705,0.582935631275177,331.732238769531,0.0003642847578125,113225519,830,19936561152.0,169227904.0,98648976.0,297375.3125,0.2073041824
579,3,633078976,False,0.0812273845076561,10850,1120,6400,9.22254437373876e-05,1.43684323066229e-06,0.000169611449092313,118.044505811628,3.16061977844238e-06,113225519,828,181684076544.0,1795671040.0,304566.3671875,2580.09777832031,2.199697024
580,3,633079124,False,0.0955780223011971,12270,1640,4170,0.00100186740160724,5.46738332215284e-06,0.000689276876673706,126.070706233617,3.43345805297852e-05,113225519,1007,798313414656.0,5126443008.0,3533538.625,28028.2290039062,6.2798926848
581,3,633079199,False,0.0,0,0,0,0.0,0.0,0.0,0.0,0.0,113225519,1102,195716538368.0,1486512000.0,0.0,0.0,1.8209772
582,2,633077384,False,0.0,0,0,0,0.0,0.0,0.0,0.0,0.0,113225519,964,4634543616.0,42002100.0,0.0,0.0,0.0514525725
583,3,633079004,False,0.67411595582962,6770,5310,6490,0.0756620133321187,0.00035204414981387,0.10729683548186,304.782327837541,0.00259298135225258,113225519,864,568594349952.0,6012653448.0,645138687.819491,2116719.4712266,7.3655004738
584,3,633078689,False,0.111985951662064,7670,2410,5160,0.000245957471096668,4.51564292278424e-07,6.78725571521902e-05,150.305412347222,8.42910607204437e-06,113225519,375,2383386148864.0,15237925216.0,1034236.95010376,6880.90291595459,18.6664583896
585,3,633078993,False,0.465430498123169,4860,7060,6200,0.0127802471644568,0.000303874039887197,0.0479499231117309,157.795391569252,0.000437986528710937,113225519,848,26287279680.0,1176606016.0,56418168.0,357540.0234375,1.4413423696
586,3,633079229,False,0.11307380348444,7270,4100,8510,7.90689621805493e-05,6.03256947325009e-06,0.0012441721407619,206.242488591117,2.70973947753906e-06,113225519,484682524,17961728000.0,366681600.0,456215.03125,2212.0322265625,0.44918496
587,2,633077012,False,0.0,0,0,0,0.0,0.0,0.0,0.0,0.0,113225519,425,44096795872.0,357509708.0,0.0,0.0,0.4379493923
588,1,633077949,False,0.0,0,0,0,0.0,0.0,0.0,0.0,0.0,113225519,702,44641452032.0,255314704.0,0.0,0.0,0.3127605124
589,3,633079091,False,0.29041051864624,11780,5400,5240,0.00080705640663586,0.000104830962695912,0.0217640841277535,207.611220655157,2.76582940429687e-05,113225519,970,10256317440.0,215377200.0,4687487.5,22578.19921875,0.26383707
590,1,633077602,False,0.248371824622154,6050,5720,3470,0.00393912431645811,6.05023760865396e-05,0.0166819759433359,275.724310719217,0.000134996089146423,113225519,278,224704542464.0,1821430764.0,30385064.1875,110200.889099121,2.2312526859
591,1,633078331,False,0.0,0,0,0,0.0,0.0,0.0,0.0,0.0,113225519,135,1374758848.0,19389600.0,0.0,0.0,0.02375226
592,3,633078732,False,0.347422987222672,11060,5850,3800,0.00303524385451012,9.46925586142034e-05,0.0182862135622194,193.11141054622,0.000104019578222656,113225519,445,48595277824.0,896732992.0,16397851.0,84913.94140625,1.0984979152
593,2,633077075,False,0.0777685716748238,9270,3760,10560,4.88094643227206e-05,1.37139404614572e-05,0.00232916558161378,169.839263916016,1.6727288269043e-06,113225519,540,9829627904.0,99569696.0,231914.3125,1365.49291992188,0.1219728776
594,3,633078434,False,0.350160241127014,4810,6720,2850,0.0104097741850053,0.000304704248083809,0.0301312886340236,98.886998863685,0.000356749036328125,113225519,21,31668551936.0,955758592.0,28798238.0,291223.703125,1.1708042752
595,2,633077168,False,0.341673612594604,5390,7170,8300,0.00508660289274846,0.000349722628016025,0.0349658317863941,99.9816055297852,0.000174320849609375,113225519,665,12500800512.0,406901696.0,14227656.0,142302.734375,0.4984545776
596,2,633077284,False,0.304916322231293,12970,5610,6010,0.0156957444880773,0.00560172321274877,1.65284538269043,295.060150146484,0.0005379023234375,113225519,839,8589160448.0,78387296.0,129562080.0,439103.9375,0.0960244376
597,1,633078204,False,0.60626357793808,7850,5370,5380,0.648083095628426,0.00109662616159767,0.336926162242889,307.238861083984,0.0222101859,113225519,313,1596291407424.0,16533221376.0,5570475008.0,18130764.0,20.2531961856
598,3,633079222,False,0.0,0,0,0,0.0,0.0,0.0,0.0,0.0,113225519,196,12535206912.0,198259200.0,0.0,0.0,0.24286752
599,2,633077164,False,0.271189510822296,10410,6560,7030,0.0087609292968174,0.000594021345023066,0.131672650575638,221.663162231445,0.000300242159765625,113225519,661,25524246528.0,412604096.0,54328676.0,245095.640625,0.5054400176
600,1,633077637,False,0.698794782161713,7860,5630,5670,0.676786395314856,0.00118598226503028,0.353830362403851,298.343721349675,0.023193864731124,113225519,1129,1566896092208.0,15964629224.0,5648770543.97104,18933767.1274482,19.5566707994
601,2,633077362,False,0.0,0,0,0,0.0,0.0,0.0,0.0,0.0,113225519,182305709,18759225344.0,132363904.0,0.0,0.0,0.1621457824
602,3,633078492,False,0.20708055794239,5000,5020,1380,0.0019732792405136,2.5194119795285e-05,0.00305231056760214,121.151704937648,6.76254311523437e-05,113225519,111,269196155840.0,2191163416.0,6688111.25,55204.43359375,2.6841751846
603,2,633077535,False,0.0,0,0,0,0.0,0.0,0.0,0.0,0.0,113225519,526157192,21900345344.0,167212800.0,0.0,0.0,0.20483568
604,1,633077859,False,0.0,0,0,0,0.0,0.0,0.0,0.0,0.0,113225519,844,164479991808.0,1294392576.0,0.0,0.0,1.5856309056
605,1,633077760,False,0.0461543500423431,11900,4500,4430,0.000145710527031974,5.96318159296061e-06,0.000824913091491908,138.334396362305,4.99358479614258e-06,113225519,968,104794636288.0,683594112.0,563905.75,4076.39575195312,0.8374027872
606,1,633078194,False,0.260150700807571,9690,4240,5170,0.00297158839727414,0.00021572429977823,0.0219065230339766,101.548698425293,0.000101838068554687,113225519,326,8922922912.0,385367424.0,8442060.0,83133.1171875,0.4720750944
607,1,633077790,False,0.0,0,0,0,0.0,0.0,0.0,0.0,0.0,113225519,182305705,21250723840.0,116090096.0,0.0,0.0,0.1422103676
608,2,633076722,True,1.0,6890,5910,6630,0.997403811958112,0.301705439480698,515.403365203791,1708.29987716136,0.0341816107076172,113225519,8,65970497952.0,92485424.6171875,47667299080.0,27903355.6796875,0.113294645156055
609,2,633076902,False,0.164351150393486,5840,7200,7670,0.000705734508019899,0.000393488095141947,0.101470604538918,257.874664306641,2.41859334472656e-05,113225519,260,5464430080.0,50175900.0,5091379.0,19743.619140625,0.0614654775
610,1,633078413,False,0.262649863958359,9080,2500,3900,0.00438439770898551,0.000133777895825915,0.0424539968371391,317.346862792969,0.000150255868164062,113225519,10,118364184576.0,916876800.0,38925084.0,122657.8515625,1.12317408
611,1,633077680,False,0.108421437442303,8940,3310,3320,0.000329133171474933,0.000118215000838973,0.0175633877515793,148.571563720703,1.12795858642578e-05,113225519,1072,7735516672.0,77890496.0,1368021.0,9207.8251953125,0.0954158576
612,3,633078707,False,0.343213021755219,7750,4510,6620,0.0109716316737863,0.00166370839785143,0.467198430643364,280.817498575303,0.000376004220361328,113225519,406,16695426048.0,184492800.0,86194746.625,306942.220703125,0.22600368
613,2,633077516,False,0.0,0,0,0,0.0,0.0,0.0,0.0,0.0,113225519,1128,46938460160.0,249867008.0,0.0,0.0,0.3060870848
614,3,633078952,False,0.644367694854736,8990,3300,5870,1.39420280526663,0.00923304658622139,3.07171808426959,332.687380658682,0.047780143775,113225519,795,459134262784.0,4224412672.0,12976204800.0,39004199.0,5.1749055232
615,2,633077009,False,0.0119449850171804,9260,1810,9760,6.5010293925249e-06,2.18291097553447e-06,0.000219746376387775,100.666679382324,2.2279407119751e-07,113225519,421,11281383424.0,83316600.0,18308.521484375,181.872711181641,0.102062835
616,1,633077979,False,0.0,0,0,0,0.0,0.0,0.0,0.0,0.0,113225519,662,1861468032.0,17704800.0,0.0,0.0,0.02168838
617,3,633079047,False,0.458993494510651,8430,5700,3960,0.0132241661042738,0.000464101290550479,0.0602498082372325,129.82038504088,0.00045319988984375,113225519,924,16912537088.0,797151616.0,48028232.0,369959.09375,0.9765107296
618,3,633079084,False,0.0365561954677105,11750,6890,7590,1.4503249235763e-05,7.9264580705556e-06,0.0004764123347526,60.1040629385688,4.97034815216064e-07,113225519,963,619901536.0,51188400.0,24386.78515625,405.742706298828,0.06270579
619,1,633077910,False,0.618896305561066,10530,4670,4970,0.146138107950468,0.000543731614015996,0.151958286762238,279.472961425781,0.00500823824375,113225519,771,418150580800.0,7519073280.0,1142585472.0,4088357.75,9.210864768
620,2,633077167,False,0.0,0,0,0,0.0,0.0,0.0,0.0,0.0,113225519,664,48795377664.0,442416608.0,0.0,0.0,0.5419603448
621,3,633078768,False,0.0858977138996124,11530,4140,6810,9.93827639103439e-05,1.73355063309917e-06,0.00038945415084329,224.656922853785,3.40590531768799e-06,113225519,519,127557644032.0,1603835976.0,624620.578125,2780.33087158203,1.9646990706
622,2,633076967,False,0.388453662395477,6870,6540,7120,0.00594436140424488,0.0147656295448542,2.85709238052368,193.496139526367,0.000203716734375,113225519,349,463473760.0,11262600.0,32178288.0,166299.375,0.013796685
623,2,633076769,False,0.0,0,0,0,0.0,0.0,0.0,0.0,0.0,113225519,75,227302368.0,5153400.0,0.0,0.0,0.006312915
624,1,633076828,False,0.0911713242530823,8400,6240,3390,0.000196325285428209,2.89682739094133e-05,0.00413266243413091,142.661682128906,6.72818210449219e-06,113225519,589508447,20214671360.0,189600304.0,783554.0625,5492.3935546875,0.2322603724
625,3,633078718,False,0.0,0,0,0,0.0,0.0,0.0,0.0,0.0,113225519,427,44249237504.0,428535008.0,0.0,0.0,0.5249553848
626,2,633076794,False,0.20947177708149,4450,5180,9580,0.00110783922947753,3.9700201940183e-05,0.00733171872814297,184.677114216945,3.79662969146721e-05,113225519,119,120594933760.0,780673496.0,5723678.49118805,30992.8954405487,0.9563250326
627,3,633078471,False,0.603066027164459,4160,3910,6380,0.0368849137136341,0.000192393520543981,0.0426111916737496,221.479348957642,0.00126406751851921,113225519,73,159057061443.0,5363443888.0,228542735.542969,1031891.85185242,6.5702187628
628,1,633077779,False,0.0631586685776711,2120,3640,5480,6.2701810824905e-05,0.000290296389721334,0.0468833222985268,161.501556396484,2.14882764892578e-06,113225519,949,478153856.0,6042600.0,283297.15625,1754.14501953125,0.007402185
629,1,633078340,False,0.2500379383564,10410,4570,3730,0.00145828665110318,0.000517448119353503,0.109350584447384,211.326675415039,4.99763345703125e-05,113225519,123,6544951808.0,78842704.0,8621496.0,40797.0078125,0.0965823124
630,2,633077093,False,0.400716632604599,7100,3550,5740,0.09190266590478,0.00481721269261139,1.48947670050753,309.198865724172,0.00314955799375,113225519,571,70583729152.0,533725188.0,794971232.0,2571067.75,0.6538133553
631,2,633076798,False,0.199698954820633,10450,4610,7700,0.00341408843047435,0.00121143099386245,0.265702128410339,219.329147338867,0.000117002802929687,113225519,123,5480768512.0,78842704.0,20948674.0,95512.4921875,0.0965823124
632,2,633076945,False,0.0,0,0,0,0.0,0.0,0.0,0.0,0.0,113225519,325,6601316864.0,81401400.0,0.0,0.0,0.099716715
633,2,633077062,False,0.0858977138996124,11530,4140,6810,6.76144320225793e-05,2.35882031908722e-06,0.000497851369746304,211.059471430599,2.31718604431152e-06,113225519,519,62659315456.0,801917988.0,399235.96875,1891.58044433594,0.9823495353
634,1,633078371,False,0.310746759176254,7130,7220,5690,0.0161185502208989,0.00016815029836534,0.0353182093173858,210.039528093194,0.000552392122645187,113225519,73,84395570924.0,2681721944.0,94713616.9492188,450932.345016479,3.2851093814
635,2,633077187,False,0.328702628612518,7230,6700,6260,0.0098402740507684,0.00111339369323105,0.355730354785919,319.5009765625,0.000337231934375,113225519,693,26861535232.0,247254304.0,87955864.0,275291.375,0.3028865224
636,1,633077681,False,0.0,0,0,0,0.0,0.0,0.0,0.0,0.0,113225519,1070,95013027840.0,543617088.0,0.0,0.0,0.6659309328
637,2,633077549,False,0.43670579791069,4190,4770,6290,0.0254346771620293,0.00260400399565697,0.900907516479492,345.970123291016,0.0008716612296875,113225519,266,30640222208.0,273256192.0,246178560.0,711560.1875,0.3347388352
638,1,633078015,False,0.0600757896900177,9140,5280,3900,0.000175293105063178,1.50566647789674e-05,0.00190688332077116,126.647125244141,6.00739700927734e-06,113225519,612,21484218368.0,325702784.0,621077.1875,4903.99755859375,0.3989859104
639,2,633077252,False,0.629528760910034,6690,5500,6820,0.101529672231161,0.00350716034881771,1.10894680023193,316.195068359375,0.00347948111875,113225519,797,80867641344.0,809883904.0,898118144.0,2840392.75,0.9921077824
640,1,633078134,False,0.059721264988184,10200,6520,3090,8.46661260579398e-05,2.10412563319551e-05,0.00135400926228613,64.350212097168,2.90155755004883e-06,113225519,413,1321223424.0,112570200.0,152421.09375,2368.61840820312,0.137898495
641,3,633078453,False,0.396463394165039,8360,4600,5830,0.0106763333762547,0.00127446344735501,0.265412623910215,208.254402635906,0.000365884175372696,113225519,46,11707927040.0,234358200.0,62201624.796875,298680.959487915,0.287088795
642,1,633077645,False,0.618896305561066,10530,4670,4970,0.0231625622530792,0.000415939999872804,0.124894554832151,300.270603621543,0.00079379452578125,113225519,1117,85580921600.0,1557906264.0,194574009.3125,647995.53125,1.9084351734
643,3,633079182,False,0.0,0,0,0,0.0,0.0,0.0,0.0,0.0,113225519,1085,4217058560.0,66227400.0,0.0,0.0,0.081128565
644,1,633078186,False,0.0,0,0,0,0.0,0.0,0.0,0.0,0.0,113225519,334,41233317888.0,322994688.0,0.0,0.0,0.3956684928
645,2,633076907,False,0.0,0,0,0,0.0,0.0,0.0,0.0,0.0,113225519,269,10949732352.0,92317504.0,0.0,0.0,0.1130889424
646,3,633078814,False,0.024378564208746,9000,430,7710,5.79070035052397e-05,1.4246980120184e-06,0.000127314187694557,89.3622273777077,1.98450680389404e-06,113225519,593,122436628480.0,1137086976.0,144767.3046875,1620.00555419922,1.3929315456
647,2,633077010,False,0.343213021755219,7750,4510,6620,0.00313084830787015,0.00144266348797828,0.291214138269424,201.858688354492,0.000107295998632812,113225519,422,4515939840.0,60713100.0,17680514.0,87588.5703125,0.0743735475
648,3,633078513,False,0.199438408017159,7300,3340,4740,0.000709732541823926,7.17358599758181e-06,0.00182996665416831,255.09789034176,2.43229483989298e-05,113225519,138,254204068864.0,2767858096.0,5065088.01914978,19855.468080759,3.3906261676
649,2,633077387,False,0.473622024059296,8280,5030,6410,0.0417018576955903,0.000221387645884287,0.029957566892137,135.317247592917,0.00142914699988632,113225519,967,182190072896.0,5269718676.0,157867949.739014,1166650.6121521,6.4554053781
650,1,633078029,False,0.345393359661102,5110,6590,4590,0.0242924497955701,0.00204104417935014,0.56170779466629,275.206115722656,0.00083251643125,113225519,596,34191693824.0,332969408.0,187031520.0,679605.25,0.4078875248
651,2,633077082,False,0.233120083808899,6510,5350,8550,0.00331885552902411,0.000794571125879884,0.262868076562881,330.830139160156,0.000113739115820312,113225519,551,16224027648.0,116853296.0,30717002.0,92848.2578125,0.1431452876
652,3,633078637,False,0.367587000131607,11180,6690,5540,0.00664448332814536,0.000387263432239237,0.0513135174942443,132.502873296193,0.000227710321289062,113225519,307,19620886528.0,479998784.0,24630426.0,185885.9765625,0.5879985104
653,2,633076720,False,0.238936141133308,6710,5130,7390,0.000946662045013306,2.8061509510735e-05,0.00510313361883163,181.855270385742,3.24426607421875e-05,113225519,6,26469785600.0,943776896.0,4816219.5,26483.8046875,1.1561266976
654,3,633079046,False,0.0777685716748238,9270,3760,10560,9.37130345731202e-05,3.68833337005567e-06,0.000501587050749935,135.99287277613,3.21160038452148e-06,113225519,922,74707377984.0,710812808.0,356534.5,2621.71459960938,0.8707456898
655,2,633076775,False,0.0,0,0,0,0.0,0.0,0.0,0.0,0.0,113225519,91,32246841344.0,386943296.0,0.0,0.0,0.4740055376
656,1,633078065,False,0.0403213277459145,7230,4870,690,4.49035702503996e-05,1.26165059555206e-05,0.00125158752780408,99.2023849487305,1.53887155761719e-06,113225519,540,8745189376.0,99569696.0,124620.1875,1256.2216796875,0.1219728776
657,2,633076767,False,0.603066027164459,4160,3910,6380,0.0207663634927352,0.000216636742722622,0.0499041740301134,230.358772029775,0.000711675395874023,113225519,73,74661490519.0,2681721944.0,133829118.59375,580959.506835938,3.2851093814
658,2,633077310,False,0.352574527263641,9660,4820,6190,0.00654051218482427,0.000796490138401903,0.0847463560404737,106.399755570748,0.00022414716953125,113225519,877,6407509203.03516,229729500.0,19468738.0,182977.28125,0.2814186375
659,1,633077547,False,0.0,0,0,0,0.0,0.0,0.0,0.0,0.0,113225519,10704,36366848000.0,308697312.0,0.0,0.0,0.3781542072
660,1,633077836,False,0.150840863585472,6240,440,5260,0.000930605654732153,1.52273794361355e-05,0.00191595725262011,125.823176644132,3.18923988769531e-05,113225519,879,204000583543.75,1709723688.0,3275757.5,26034.611328125,2.0944115178
661,3,633078969,False,0.0242422353476286,10980,1780,6210,3.08589073121779e-05,7.24603461271118e-07,0.000166224309719318,229.400380489106,1.05755276244283e-06,113225519,820,164638064640.0,1191421824.0,198043.270278931,863.308377504349,1.4594917344
662,3,633078790,False,0.0,0,0,0,0.0,0.0,0.0,0.0,0.0,113225519,556,15668292096.0,126860400.0,0.0,0.0,0.15540399
663,2,633077244,False,0.183045834302902,4510,4540,8890,0.00106166497085544,8.44319729367271e-05,0.0269667897373438,319.390716552734,3.6383878125e-05,113225519,783,46223613952.0,351775808.0,9486264.0,29701.125,0.4309253648
664,2,633077235,False,0.493698984384537,6960,6330,6690,0.0154787302652125,0.000154709228436493,0.0380536114109726,245.968594088059,0.000530465119373262,113225519,768,129021395152.0,2799010472.0,106512456.836731,433032.750508785,3.4287878282
665,1,633077767,False,0.251523613929749,4020,5900,2520,0.00669514424254617,3.5984798159916e-05,0.00494570704177022,137.438781738281,0.000229446500390625,113225519,961,567205822464.0,5205066240.0,25742732.0,187303.265625,6.376206144
666,3,633078442,False,0.337818622589111,5520,6750,6130,0.0139964956022545,0.00867924277045209,2.40721836542895,277.35350065609,0.000479668072460937,113225519,576073699,4113089024.0,45115200.0,108602138.0,391565.7734375,0.05526612
667,3,633078475,False,0.603066027164459,4160,3910,6380,0.00892335291397935,7.49413249563644e-05,0.0138062839548026,184.227913809123,0.000305808511914062,113225519,81,91455437824.0,3331134080.0,45990583.0,249639.6015625,4.080639248
668,2,633077226,False,0.411624789237976,5200,7110,8300,0.00636691296760386,0.00010351888340665,0.0300310626626015,290.102264404297,0.000218197823046875,113225519,754,210209570816.0,1720658688.0,51673208.0,178120.671875,2.1078068928
669,2,633077265,False,0.0,0,0,0,0.0,0.0,0.0,0.0,0.0,113225519,816,20462757888.0,105716704.0,0.0,0.0,0.1295029624
670,1,633077621,False,0.0571051128208637,12820,5400,5230,9.07287683108506e-05,0.000605724228388847,0.136100267874189,224.690150229253,3.10932783813477e-06,113225519,917,230093696.0,4190400.0,570314.5625,2538.22680664062,0.00513324
671,3,633078776,False,0.0610689409077168,8200,2400,6120,3.93227778354002e-05,2.79146368325004e-05,0.00543951698322505,194.862538096571,1.34761454467773e-06,113225519,531,5196765952.0,39409200.0,214367.012695312,1100.09350585938,0.04827627
672,3,633079176,False,0.376494944095612,6870,5480,5980,0.0109279979914471,0.00224478987977691,0.843054718499526,375.560637587741,0.000374508868603516,113225519,1077,19720761344.0,136191600.0,114816971.0,305721.525390625,0.16683471
673,1,633077807,False,0.0434644035995007,8670,5780,1050,3.95137301001546e-05,3.8515046098179e-07,3.49720742429023e-05,90.8010707133901,1.35415859022811e-06,113225519,918,281070481408.0,2870139584.0,100374.734619141,1105.43558385968,3.5159209904
674,3,633078677,False,0.578921377658844,7030,5780,6980,0.0129979330892593,0.0324368445330341,10.1218926287198,312.049238279374,0.000445446752392578,113225519,356,952321952.0,11210400.0,113470465.125,363630.001953125,0.01373274
675,3,633078818,False,0.0,0,0,0,0.0,0.0,0.0,0.0,0.0,113225519,598,3424053760.0,41445000.0,0.0,0.0,0.050770125
676,3,633078927,False,0.411624789237976,5200,7110,8300,0.00754828537331927,6.13633406617681e-05,0.0162357717685845,264.584222330321,0.000258684144824219,113225519,754,426742104064.0,3441317376.0,55872443.5,211170.73046875,4.2156137856
677,2,633077391,False,0.0192010439932346,7860,3310,9580,8.37894892256907e-06,3.81510403713037e-07,2.15765339817153e-05,56.5555572509766,2.87151469421387e-07,113225519,971,24895154176.0,614424576.0,13257.15234375,234.409362792969,0.7526701056
678,2,633077302,False,0.463129043579102,9070,4690,6720,0.0148178330903564,0.00152052112389356,0.187320709228516,123.195068359375,0.0005078157875,113225519,863,5792831808.0,272632512.0,51069716.0,414543.5,0.3339748272
679,1,633078370,False,0.0,0,0,0,0.0,0.0,0.0,0.0,0.0,113225519,74,11852519424.0,93168896.0,0.0,0.0,0.1141318976
680,1,633078042,False,0.098904512822628,5270,5660,2570,0.000552441000611103,3.95000097341835e-05,0.00660921121016145,167.321762084961,1.89324754882812e-05,113225519,579,27014121472.0,391267808.0,2585971.5,15455.08203125,0.4793030648
681,3,633078937,False,0.618896305561066,10530,4670,4970,0.77485988461223,0.00144149871963694,0.394824174253162,273.898387056912,0.02655490044375,113225519,771,841054047296.0,15038147072.0,5937424000.0,21677469.75,18.4217301632
682,2,633077149,False,0.295833319425583,5690,6980,7900,0.00164063932972024,0.0001328988437308,0.0428201593458652,322.201141357422,5.62256672851562e-05,113225519,639,43090776064.0,345364192.0,14788550.0,45898.50390625,0.4230711352
683,3,633078618,False,0.0,0,0,0,0.0,0.0,0.0,0.0,0.0,113225519,279,1966396416.0,30925800.0,0.0,0.0,0.037884105
684,1,633077980,False,0.364813387393951,10410,6580,4450,0.00286756614985723,0.000194430918782018,0.0394268184900284,202.780609130859,9.82731654296875e-05,113225519,661,24738582528.0,412604096.0,16267667.0,80222.9921875,0.5054400176
685,1,633078099,False,0.0,0,0,0,0.0,0.0,0.0,0.0,0.0,113225519,469,1089779328.0,12598200.0,0.0,0.0,0.015432795
686,3,633078696,False,0.024378564208746,9000,430,7710,5.79070035052397e-05,2.54448975800649e-07,2.27381272315224e-05,89.3622273777077,1.98450680389404e-06,113225519,385,865871833600.0,6366720672.0,144767.3046875,1620.00555419922,7.7992328232
687,3,633079128,False,0.0,0,0,0,0.0,0.0,0.0,0.0,0.0,113225519,1010,26896673792.0,163196992.0,0.0,0.0,0.1999163152
688,2,633077481,False,0.0,0,0,0,0.0,0.0,0.0,0.0,0.0,113225519,1085,2242171648.0,33113700.0,0.0,0.0,0.0405642825
689,2,633076952,False,0.135548561811447,6230,6260,6070,0.000244271032934709,0.00244384468533099,0.80921858549118,331.125213623047,8.37131085205078e-06,113225519,332,400081888.0,2796300.0,2262818.0,6833.72314453125,0.0034254675
690,1,633077935,False,0.0,0,0,0,0.0,0.0,0.0,0.0,0.0,113225519,727,44927266816.0,410187584.0,0.0,0.0,0.5024797904
691,1,633078115,False,0.467234432697296,6520,3700,5670,0.0202433553663965,0.00062380731602111,0.166063963456662,266.210349240346,0.000693751602163696,113225519,444,104814953984.0,907857000.0,150762331.671875,566327.838500977,1.112124825
692,3,633078482,False,0.187628820538521,11710,5070,7970,0.00101662994020554,5.16196817356468e-05,0.00813310539277124,157.558224291701,3.48405013427734e-05,113225519,96,52127432704.0,550976384.0,4481149.0,28441.2255859375,0.6749460704
693,1,633078156,False,0.111985951662064,7670,2410,5160,0.00020112378472645,7.38504255271533e-07,0.000110619940043371,149.789170818926,6.8926294757843e-06,113225519,375,1172952088576.0,7618962608.0,842809.186889648,5626.6363067627,9.3332291948
694,1,633077805,False,0.208534896373749,10410,3460,5010,0.00389458938555056,5.93521103993913e-05,0.0168661083871411,284.170323071007,0.000133469851074219,113225519,920,299553701888.0,1835738944.0,30961772.0,108954.98046875,2.2487802064
695,3,633078983,False,0.0541716106235981,9290,3700,10600,0.000328866934494855,3.95429408131973e-05,0.00459976406832912,116.323267155536,1.12704617675781e-05,113225519,836,21134635008.0,232668000.0,1070217.90625,9200.376953125,0.2850183
696,2,633077108,False,0.0,0,0,0,0.0,0.0,0.0,0.0,0.0,113225519,590,35178762240.0,296878496.0,0.0,0.0,0.3636761576
697,1,633078077,False,0.0,0,0,0,0.0,0.0,0.0,0.0,0.0,113225519,520,15582031872.0,126495904.0,0.0,0.0,0.1549574824
698,3,633078558,False,0.0,0,0,0,0.0,0.0,0.0,0.0,0.0,113225519,201,237583163392.0,1364435968.0,0.0,0.0,1.6714340608
699,3,633079196,False,0.493698984384537,6960,6330,6690,0.0128698380994108,9.43735848705682e-05,0.0229279871629102,242.94920230439,0.000441056862335908,113225519,1099,199288562448.0,3815118592.0,87472990.102356,360046.418233395,4.6735202752
700,2,633077308,False,0.391437888145447,4440,3840,9890,0.0143654171870226,0.000721353280823678,0.100594252347946,139.452133178711,0.00049231123046875,113225519,873,71084130304.0,557128832.0,56043960.0,401886.71875,0.6824828192
701,1,633077811,False,0.0,0,0,0,0.0,0.0,0.0,0.0,0.0,113225519,912,7060584448.0,54732600.0,0.0,0.0,0.067047435
702,3,633079251,False,0.298205435276031,8100,6040,7200,0.0187667839691372,0.000135454673302756,0.0204087137623511,150.668214427238,0.000643148638671875,113225519,10703,522994630656.0,3875977728.0,79103720.0,525019.296875,4.7480727168
703,1,633077970,False,0.0863188058137894,8190,5560,5300,0.000109502847529295,0.000214468745980412,0.0326707512140274,152.333389282227,3.75272648925781e-06,113225519,673,434114432.0,14283900.0,466665.75,3063.4501953125,0.0174977775
704,3,633079005,False,0.261922985315323,12400,7350,7220,0.00328090431495716,0.000358882360358212,0.04380540775705,122.060632106093,0.000112438505566406,113225519,866,4145126272.0,255756608.0,11203522.5,91786.53515625,0.3133018448
705,3,633079248,False,0.490243583917618,5950,4960,5000,0.0236383712657185,0.000507672788012888,0.15665669141671,308.578074530819,0.000810100778320312,113225519,262,104122458112.0,1302624000.0,204064766.0,661306.7578125,1.5957144
706,3,633079253,False,0.371514886617661,6170,5120,5780,0.0136825877162674,0.00485154374589667,1.929345064728,397.676526437547,0.000468910266015625,113225519,560581559,12092988416.0,78899400.0,152224168.0,382783.890625,0.096651765
707,1,633077775,False,0.0117518147453666,8440,5990,5640,3.76873780456081e-06,6.18559943177388e-06,0.000601815758273005,97.2930374145508,1.29156843948364e-07,113225519,606826655,1311772544.0,17045100.0,10258.009765625,105.434158325195,0.0208802475
708,1,633078003,False,0.0273532215505838,7920,2340,5120,4.0584471288551e-05,1.22790070236078e-05,0.00136067881248891,110.813430786133,1.390853515625e-06,113225519,628,8250010624.0,92466000.0,125816.53125,1135.390625,0.11327085
709,2,633077475,False,0.376494944095612,6870,5480,5980,0.00979171119686983,0.00402275612577796,1.53621590137482,381.881439208984,0.00033556765703125,113225519,1077,9647214592.0,68095800.0,104609848.0,273932.78125,0.083417355
710,1,633077662,False,0.0,0,0,0,0.0,0.0,0.0,0.0,0.0,113225519,1096,15379451904.0,109921504.0,0.0,0.0,0.1346538424
711,2,633077618,False,0.0,0,0,0,0.0,0.0,0.0,0.0,0.0,113225519,526322264,25469380.0,423900.0,0.0,0.0,0.0005192775
712,1,633078054,False,0.0774233192205429,5140,1810,2060,0.000251285366797211,3.86374449590221e-05,0.00469196448102593,121.435684204102,8.61169616699219e-06,113225519,558,23331837952.0,181946704.0,853687.5,7029.9560546875,0.2228847124
713,2,633077227,False,0.0,0,0,0,0.0,0.0,0.0,0.0,0.0,113225519,755,24494888960.0,174364192.0,0.0,0.0,0.2135961352
714,3,633078708,False,0.0119449850171804,9260,1810,9760,6.5010293925249e-06,1.64879927338417e-07,1.65979144007082e-05,100.666677070041,2.2279407119751e-07,113225519,409,154018060544.0,1103061568.0,18308.521484375,181.872711181641,1.3512504208
715,1,633078059,False,0.543859720230103,6580,4440,5610,0.102416709759218,0.000314042321406305,0.0887092128396034,282.475341796875,0.0035098804125,113225519,549,896681824448.0,9123638272.0,809350784.0,2865208.5,11.1764568832
716,1,633077707,False,0.0,0,0,0,0.0,0.0,0.0,0.0,0.0,113225519,1035,89549094912.0,525223808.0,0.0,0.0,0.6433991648
717,2,633077225,False,0.179038271307945,7590,5620,6270,0.00111819866741546,0.00208772695623338,0.533485412597656,255.534072875977,3.83213208984375e-05,113225519,753,1041663488.0,14984100.0,7993798.5,31282.7109375,0.0183555225
718,3,633078837,False,0.194182857871056,2740,3220,6180,0.000315402890232911,2.08093545306176e-05,0.00656427991450637,315.448511622409,1.08090411132812e-05,113225519,620,62575560704.0,424025984.0,2783425.25,8823.70703125,0.5194318304
719,3,633078804,False,0.151924729347229,4230,4790,8240,0.00103239220267836,3.69084676009015e-05,0.00754371319247404,204.389769687696,3.53806832763672e-05,113225519,579,54402074624.0,782535616.0,5903224.25,28882.1904296875,0.9586061296
720,3,633078785,False,0.322197139263153,6090,6170,8220,0.00197271723508824,0.000198243857269351,0.0722496300127879,364.44826592848,6.76061708984375e-05,113225519,544,42025105408.0,278388000.0,20113430.0,55188.7109375,0.3410253
721,1,633078095,False,0.0,0,0,0,0.0,0.0,0.0,0.0,0.0,113225519,478,32032141312.0,237633296.0,0.0,0.0,0.2911007876
722,1,633077920,False,0.162368819117546,7790,5700,5250,0.00040436332243572,0.000754964479710907,0.204974472522736,271.502136230469,1.38577670410156e-05,113225519,753,986222976.0,14984100.0,3071358.0,11312.462890625,0.0183555225
723,1,633078195,False,0.0472939610481262,8820,3240,3410,3.38959718525733e-05,1.16493483801605e-05,0.00161055952776223,138.253189086914,1.1616347366333e-06,113225519,325,6562971136.0,81401400.0,131101.796875,948.273254394531,0.099716715
724,2,633076871,False,0.300586879253387,11560,6830,5730,0.00393607460143514,0.00611906126141548,0.83203512430191,135.974304199219,0.000134891573632812,113225519,222,783247872.0,17995500.0,14972888.0,110115.5703125,0.0220444875
725,2,633077414,False,0.133131548762321,4500,4970,9680,0.000867002558250092,0.00011729089601431,0.0135085238143802,115.171119689941,2.97126836425781e-05,113225519,996,26126673920.0,206795696.0,2793504.5,24255.251953125,0.2533247276
726,3,633078991,False,0.0,0,0,0,0.0,0.0,0.0,0.0,0.0,113225519,846,31899776000.0,301485600.0,0.0,0.0,0.36931986
727,2,633077002,False,0.376988798379898,6860,5440,8130,0.013781578304676,0.000422356621129438,0.125229611992836,296.502075195312,0.00047230273125,113225519,403,107483381760.0,912861888.0,114317344.0,385553.25,1.1182558128
728,2,633077103,False,0.146299347281456,4220,4770,8260,0.000505105552598662,5.70177398913074e-05,0.0159715749323368,280.115905761719,1.73102620605469e-05,113225519,583,31228653568.0,247832096.0,3958269.0,14130.826171875,0.3035943176
729,1,633076905,False,0.0,0,0,0,0.0,0.0,0.0,0.0,0.0,113225519,312782582,6543485440.0,52763400.0,0.0,0.0,0.064635165
730,3,633078432,False,0.299838185310364,4890,2730,5730,0.0026675060765737,0.000659701684548514,0.0955977349475341,144.910551521418,9.14169899658203e-05,113225519,19,23311195136.0,113121000.0,10814111.375,74626.1142578125,0.138573225
731,3,633078882,False,0.67411595582962,6770,5310,6490,0.0224677777226291,0.000751992542369491,0.24239736827886,322.340122569671,0.000769983854455566,113225519,685,78253408256.0,835857024.0,202609542.875,628558.248535156,1.0239248544
732,2,633077206,False,0.0969698280096054,3770,4200,7200,8.31207142234219e-05,1.89416608454104e-06,0.000329775775470851,174.100770868124,2.84859538459778e-06,113225519,723,174310983424.0,1227655804.0,404851.144775391,2325.38398742676,1.5038783599
733,1,633078261,False,0.258430153131485,9480,4650,5500,0.00079445045040909,0.0011468994198367,0.182329475879669,158.975997924805,2.72262805664062e-05,113225519,231,1061772096.0,19378800.0,3533326.5,22225.53515625,0.02373903
734,1,633078200,False,0.0,0,0,0,0.0,0.0,0.0,0.0,0.0,113225519,319,82884169728.0,668334592.0,0.0,0.0,0.8187098752
735,1,633077855,False,0.0,0,0,0,0.0,0.0,0.0,0.0,0.0,113225519,849,2060797312.0,23471100.0,0.0,0.0,0.0287520975
736,3,633078617,False,0.0,0,0,0,0.0,0.0,0.0,0.0,0.0,113225519,312782570,3402851840.0,35424000.0,0.0,0.0,0.0433944
737,2,633077346,False,0.291493654251099,8680,5290,7730,0.00573680560978093,0.000402665667934343,0.0506243705749512,125.723091125488,0.000196603676171875,113225519,924,8833440768.0,398575808.0,20177650.0,160492.796875,0.4882553648
738,3,633078653,False,0.134074300527573,5900,1290,9070,0.00159319043340765,7.87613700045843e-06,0.00109432729725313,138.942135870596,5.45995659179687e-05,113225519,329,941975934976.0,5659001896.0,6192800.25,44571.07421875,6.9322773226
739,3,633078678,False,0.618896305561066,10530,4670,4970,0.0179170088668832,0.0117965771414047,3.94910145254973,334.766721330445,0.00061402635,113225519,358,5092874752.0,42490800.0,167800480.0,501246.0,0.05205123
740,1,633078019,False,0.0,0,0,0,0.0,0.0,0.0,0.0,0.0,113225519,608,10530766848.0,107451904.0,0.0,0.0,0.1316285824
741,2,633077297,False,0.0,0,0,0,0.0,0.0,0.0,0.0,0.0,113225519,854,82028724224.0,440530208.0,0.0,0.0,0.5396495048
742,1,633077812,False,0.0549791604280472,10340,3660,4830,4.74496293631467e-05,0.000433552224421874,0.0910627022385597,210.038604736328,1.62612648925781e-06,113225519,911,117061464.0,3061800.0,278815.78125,1327.4501953125,0.003750705
743,3,633079087,False,0.257940798997879,6350,6400,8850,0.000783701749759001,2.5044074316119e-05,0.00769059386426598,307.082376740757,2.68579163223267e-05,113225519,966,90521530368.0,875449792.0,6732728.79882812,21924.8296508789,1.0724259952
744,2,633076735,False,0.338597983121872,8810,3100,6540,0.00920279820839708,0.000478836707770824,0.127702414989471,266.693054199219,0.000315385265234375,113225519,26,61214101504.0,537672576.0,68662088.0,257457.359375,0.6586489056
745,3,633079276,False,0.17603363096714,10190,5520,6940,0.000498327793349145,0.00111344416250734,0.28757052265031,258.271166470294,1.70779842956543e-05,113225519,549009219,945347200.0,12520800.0,3600613.0,13941.2116699219,0.01533798
746,3,633078844,False,0.0,0,0,0,0.0,0.0,0.0,0.0,0.0,113225519,630,166194102272.0,1086213632.0,0.0,0.0,1.3306116992
747,1,633078254,False,0.261443048715591,10130,5000,5690,0.000367068014079491,0.000234848193940707,0.0215118825435638,91.5990905761719,1.25796350585937e-05,113225519,238,1664212992.0,43726500.0,940639.3125,10269.08984375,0.0535649625
748,2,633076801,False,0.305480986833572,6180,4720,6330,0.00320198695461278,0.000484786181838394,0.15355858584059,316.755286337307,0.000109733961572266,113225519,127,26569548800.0,184779904.0,28374540.75,89578.744140625,0.2263553824
749,3,633078512,False,0.420149803161621,11040,6100,6710,0.0274013902243732,0.000306665468593859,0.0592660013558199,193.259455091471,0.000939061634082031,113225519,136,145344684032.0,2499730176.0,148149012.0,766580.92578125,3.0621694656
750,3,633078780,False,0.0,0,0,0,0.0,0.0,0.0,0.0,0.0,113225519,538,6336706816.0,141955200.0,0.0,0.0,0.17389512
751,1,633077820,False,0.0128029249608517,12400,4700,4110,6.22742809057852e-06,1.8910928929472e-06,0.000148549865116365,78.5523910522461,2.13417594909668e-07,113225519,903,5882810368.0,92125800.0,13685.275390625,174.218444824219,0.112854105
752,3,633078709,False,0.0,0,0,0,0.0,0.0,0.0,0.0,0.0,113225519,412,85290594304.0,559069184.0,0.0,0.0,0.6848597504
753,2,633077298,False,0.400716632604599,7100,3550,5740,0.193903526717227,0.000951122550918117,0.294199416199374,309.31809567062,0.00664518702016015,113225519,856,604733006656.0,5703410628.0,1677940077.1029,5424642.46543686,6.9866780193
754,2,633077389,False,0.0498566962778568,2520,3950,6480,1.52886049112011e-05,2.46803574555088e-06,0.000232561622397043,94.2294387817383,5.23949412536621e-07,113225519,969,50762698752.0,173301296.0,40303.23046875,427.713806152344,0.2122940876
755,1,633078222,False,0.306629598140717,6040,6990,5580,0.00136356702466999,0.00128878932446241,0.405518859624863,314.651000976562,4.67302376953125e-05,113225519,286,2626878976.0,29599200.0,12003034.0,38147.1328125,0.03625902
756,3,633079041,False,0.207130298018456,12690,5220,6260,0.00112192313147546,0.00374509670844557,0.910698270153207,243.170828699695,3.84489604553223e-05,113225519,917,470257296.0,8380800.0,7632380.0625,31386.9064941406,0.01026648
757,3,633078474,False,0.144932582974434,8640,6250,6840,0.00375958898020153,0.00010681528420074,0.00848156599459895,79.4040483818721,0.000128843308398437,113225519,78,17548362752.0,984673792.0,8351575.75,105178.2109375,1.2062253952
758,3,633078782,False,0.112156093120575,8960,3450,10750,0.00109953907498545,1.10172269078095e-05,0.000986216350566217,89.5158426724551,3.76818457763672e-05,113225519,541,338259943680.0,2792053816.0,2753569.125,30760.6904296875,3.4202659246
759,1,633078105,False,0.269896000623703,10500,4040,4810,0.000969973192285358,0.00635830080136657,2.15708017349243,339.254180908203,3.32415473632812e-05,113225519,460,291148928.0,4267800.0,9205987.0,27135.95703125,0.005228055
760,1,633077982,False,0.0117076057940722,3900,3840,1910,4.00063349330088e-06,1.66115086130958e-07,1.94841541087953e-05,117.293098449707,1.37104044532776e-07,113225519,657,112153468928.0,673759808.0,13127.6396484375,111.921669006348,0.8253557648
761,2,633076743,False,0.264545172452927,4530,4400,9900,0.00146132064262808,0.000462932395748794,0.0595868974924088,128.716201782227,5.00803112304687e-05,113225519,36,9890129920.0,88310704.0,5262161.0,40881.88671875,0.1081806124
762,1,633078335,False,0.310746759176254,7130,7220,5690,0.00199594125406578,0.000139235926326364,0.0228705015033484,164.257171630859,6.84020715820312e-05,113225519,129,16628366336.0,401034592.0,9171862.0,55838.42578125,0.4912673752
763,3,633078943,False,0.0721640363335609,8700,6380,3140,4.69993672408841e-05,1.51133961925591e-06,0.000252750378096209,167.23599042593,1.61069574356079e-06,113225519,780,104688455680.0,869992192.0,219890.85546875,1314.85366821289,1.0657404352
764,2,633077061,False,0.485659897327423,5320,5960,5960,0.0174333418315535,0.00266672647558153,0.998714506626129,374.509521484375,0.0005974507984375,113225519,515,23239399424.0,182888992.0,182653888.0,487714.9375,0.2240390152
765,3,633079037,False,0.266251772642136,9880,3630,6570,0.00148533597222597,0.00678583500846112,1.48593242230877,218.975619132501,5.09033305908203e-05,113225519,911,264406840.0,6123600.0,9099255.78125,41553.7392578125,0.00750141
766,2,633077492,False,0.858463883399963,6940,5680,7000,4.32705640462521,0.0179378483444452,6.4794716835022,361.217864990234,0.1482907482,113225519,1097,727408601504.0,6748505600.0,43726749696.0,121053672.0,8.26691936
767,3,633078465,False,0.67063969373703,6610,5790,6520,0.0916231516337958,0.021864354207395,10.2787904694084,470.116353399175,0.0031399788765625,113225519,63,15657345840.0,117234108.0,1205024832.0,2563248.0625,0.1436117823
768,2,633076970,False,0.121200583875179,5290,1680,9240,0.00090374005004127,1.86098045893932e-05,0.00245262965234671,131.792337773639,3.09716989257812e-05,113225519,353,237539130880.0,1358585976.0,3332108.25,25283.01953125,1.6642678206
769,3,633079011,False,0.352574527263641,9660,4820,6190,0.00808898206627004,0.000492529809855178,0.0573863685334274,116.51349296056,0.000277214136035156,113225519,877,12797287857.1914,459459000.0,26366683.5,226297.25390625,0.562837275
770,1,633078123,False,0.0,0,0,0,0.0,0.0,0.0,0.0,0.0,113225519,433,15544033280.0,102358800.0,0.0,0.0,0.12538953
771,2,633076911,False,0.0,0,0,0,0.0,0.0,0.0,0.0,0.0,113225519,274,35010179072.0,340512288.0,0.0,0.0,0.4171275528
772,3,633078778,False,0.377573221921921,9750,4970,7160,0.0207910569988178,0.00248951520300997,0.643075051361068,258.31336582462,0.000712521656738281,113225519,534,19411179520.0,233640000.0,150248055.0,581650.33203125,0.286209
773,3,633078795,False,0.0,0,0,0,0.0,0.0,0.0,0.0,0.0,113225519,565,36823177216.0,258408000.0,0.0,0.0,0.3165498
774,3,633079214,False,0.0,0,0,0,0.0,0.0,0.0,0.0,0.0,113225519,1125,77242355712.0,557949568.0,0.0,0.0,0.6834882208
775,2,633076759,False,0.123999401926994,9410,4100,5820,0.000481161573254782,0.000200628215679899,0.0386174321174622,192.482543945312,1.64896879150391e-05,113225519,62,1351498368.0,67094100.0,2591001.75,13460.9697265625,0.0821902725
776,2,633077994,False,0.0,0,0,0,0.0,0.0,0.0,0.0,0.0,113225519,496345664,9634748416.0,93286800.0,0.0,0.0,0.11427633
777,2,633077013,False,0.0,0,0,0,0.0,0.0,0.0,0.0,0.0,113225519,427,23669063680.0,214267504.0,0.0,0.0,0.2624776924
778,1,633078349,False,0.0,0,0,0,0.0,0.0,0.0,0.0,0.0,113225519,113,45736394752.0,290957408.0,0.0,0.0,0.3564228248
779,3,633078644,False,0.269946098327637,6540,6760,8580,0.00657425094133151,0.000137596615865426,0.0436938478862994,317.55030900639,0.00022530341640625,113225519,319,169229660160.0,1336669184.0,58404220.0,183921.15625,1.6374197504
780,2,633077053,False,0.188566267490387,3190,2570,6620,0.00319233021552757,8.11699754901282e-06,0.00103477794894847,127.482846052395,0.000109403019488269,113225519,500,1628981811968.0,11002662844.0,11385312.8906859,89308.5873373625,13.4782619839
781,2,633076886,False,0.259606093168259,10240,4940,5710,0.00293235525232265,0.00187610555440187,0.251005262136459,133.790588378906,0.00010049352578125,113225519,238,1750568320.0,43726500.0,10975582.0,82035.53125,0.0535649625
782,1,633078418,False,0.0249668098986149,10890,1500,4130,1.17153793408949e-05,1.63833301453928e-07,1.98235502784787e-05,120.998295844348,4.01492886954546e-07,113225519,4,247056162816.0,2000504736.0,39657.1062164307,327.749295473099,2.4506183016
783,3,633078806,False,0.371496647596359,5460,4400,5980,0.00197697016751072,0.000172693526609267,0.0559078196290964,323.740100319986,6.77519213745117e-05,113225519,581,23553976320.0,320264992.0,17905317.40625,55307.6909179688,0.3923246152
784,2,633077249,False,0.473622024059296,8280,5030,6410,0.0170363384065026,0.00153946400242134,0.193265023418822,125.540462859051,0.000583845259375,113225519,792,9036603824.0,309593712.0,59833636.0,476608.375,0.3792522972
785,3,633079138,False,0.115382023155689,5880,5500,7570,0.000113237321220088,2.24941315444147e-06,0.000661341319097115,294.006157913363,3.88070908203125e-06,113225519,1022,116958650368.0,1408334336.0,931389.6875,3167.92578125,1.7252095616
786,1,633078321,False,0.0,0,0,0,0.0,0.0,0.0,0.0,0.0,113225519,148,10744697856.0,65983500.0,0.0,0.0,0.0808297875
787,2,633077546,False,0.0,0,0,0,0.0,0.0,0.0,0.0,0.0,113225519,182305713,786464896.0,11054700.0,0.0,0.0,0.0135420075
788,2,633077454,False,0.0,0,0,0,0.0,0.0,0.0,0.0,0.0,113225519,1047,121312100352.0,576721792.0,0.0,0.0,0.7064841952
789,3,633078525,False,0.0858977138996124,11530,4140,6810,9.93827639103439e-05,3.6281874943979e-05,0.00815097438028015,224.656922853785,3.40590531768799e-06,113225519,589508455,3540813568.0,76631400.0,624620.578125,2780.33087158203,0.093873465
790,2,633076764,False,0.230789810419083,8280,3930,5970,0.000368477775017924,0.000287324946839362,0.070638008415699,245.847122192383,1.26279483886719e-05,113225519,67,2599332864.0,35877600.0,2534322.25,10308.529296875,0.04395006
791,2,633076790,False,0.13636203110218,9760,6370,7130,0.000590525420436014,0.000108779087895527,0.0212492495775223,195.343139648438,2.023765078125e-05,113225519,114,7674698752.0,151872304.0,3227172.5,16520.53125,0.1860435724
792,2,633077426,False,0.581259965896606,7670,5330,7130,0.258950063251581,0.00034789158962667,0.0715713649988174,205.728927612305,0.0088743697875,113225519,1009,832446621784.617,20823681024.0,1490379264.0,7244383.5,25.5090092544
793,2,633077603,False,0.0195123050361872,9270,1850,9780,2.05637785140835e-05,2.59797403158301e-06,0.000364234407761606,140.199402816844,7.04732690429687e-07,113225519,312782574,35425482432.0,221438700.0,80655.59375,575.2919921875,0.2712624075
794,3,633078948,False,0.143591210246086,5680,6800,8310,0.000597658508488398,1.55905391429916e-05,0.00271880591771586,174.388190990691,2.0482105871582e-05,113225519,788,112276955136.0,1072450816.0,2915785.625,16720.0864257812,1.3137522496
795,3,633078885,False,0.519021332263947,5340,6830,6530,0.0717129623906793,0.0340714169867908,10.3815200888536,304.698806418247,0.002457645071875,113225519,689,5306725120.0,58883400.0,611299200.0,2006240.875,0.072132165
796,3,633078932,False,0.13011135160923,4810,6630,5740,0.000164169414147128,0.000589001914764339,0.190242053644711,322.990552111919,5.62618162994385e-06,113225519,763,440237936.0,7797600.0,1483431.4375,4592.80133056641,0.00955206
797,1,633077667,False,0.0,0,0,0,0.0,0.0,0.0,0.0,0.0,113225519,1090,160855425024.0,983482176.0,0.0,0.0,1.2047656656
798,2,633076846,False,0.306715190410614,6560,4610,5710,0.00169523721430082,0.00116205005906522,0.388919413089752,334.683898925781,5.80967686523437e-05,113225519,189,5245632512.0,40812300.0,15872696.0,47425.93359375,0.0499950675
799,1,633076917,False,0.0,0,0,0,0.0,0.0,0.0,0.0,0.0,113225519,312782566,14891127808.0,100518304.0,0.0,0.0,0.1231349224
800,1,633077897,False,0.13448503613472,8460,5250,5100,0.00018376877520672,1.66059987451191e-05,0.00159545775109283,96.0771932830462,6.29786317138672e-06,113225519,792,7334660128.0,309593712.0,493943.6875,5141.11279296875,0.3792522972
801,3,633079059,False,0.0,0,0,0,0.0,0.0,0.0,0.0,0.0,113225519,182305705,43092267008.0,232180192.0,0.0,0.0,0.2844207352
802,3,633079092,False,0.0192010439932346,7860,3310,9580,8.37894892256907e-06,1.90755197585854e-07,1.07882666657445e-05,56.5555581304095,2.87151469421387e-07,113225519,971,51068968960.0,1228849152.0,13257.15234375,234.409362792969,1.5053402112
803,3,633079218,True,1.0,6890,5910,6630,0.997403811958112,0.301705439480698,515.403365203791,1708.29987716136,0.0341816107076172,113225519,1129,65970497952.0,92485424.6171875,47667299080.0,27903355.6796875,0.113294645156055
804,2,633076998,False,0.400877594947815,8670,4780,5840,0.00376226007679463,0.00626058410853148,0.726197242736816,115.995124816895,0.0001289348484375,113225519,397,629119808.0,16812000.0,12208828.0,105252.9375,0.0205947
805,1,633077912,False,0.0,0,0,0,0.0,0.0,0.0,0.0,0.0,113225519,767,315323056128.0,2035374336.0,0.0,0.0,2.4933335616
806,3,633078705,False,0.0842703059315681,8450,1380,9650,5.59969901055922e-05,2.29567317093318e-06,0.000289945534821431,126.300877011848,1.9190495300293e-06,113225519,402,96740526976.0,682401600.0,197859.296875,1566.57104492188,0.83594196
807,3,633079001,False,0.265868842601776,12470,4990,4970,0.000894416345127305,0.000996216922567006,0.279623455241826,280.685309501976,3.06521701171875e-05,113225519,859,1991179136.0,25117200.0,7023358.25,25022.1796875,0.03076857
808,3,633078649,False,0.0472939610481262,8820,3240,3410,3.38959718525733e-05,5.82467411122248e-06,0.000805279742578137,138.253184161255,1.1616347366333e-06,113225519,325,13164288000.0,162802800.0,131101.796875,948.273254394531,0.19943343
809,3,633078960,False,0.0211445409804583,4390,3660,9750,6.86167499361132e-06,9.93793082831723e-08,1.92430855244147e-05,193.63271748263,2.35153606414795e-07,113225519,806,297132097536.0,1931610624.0,37170.1484375,191.962127685547,2.3662230144
810,1,633078073,False,0.0767094865441322,7040,2380,1000,0.000287776623416307,9.08630099729635e-05,0.00809883698821068,89.1323852539062,9.86227282714844e-06,113225519,527,8150576128.0,88604096.0,717590.125,8050.8349609375,0.1085400176
811,1,633078330,False,0.23236121237278,11470,6230,4560,0.00221274996170439,4.95284366479609e-05,0.0114108733832836,230.390335083008,7.58322325195312e-05,113225519,136,70778208256.0,1249865088.0,14262052.0,61903.86328125,1.5310847328
812,3,633078843,False,0.628508746623993,6760,4870,6980,0.00610633904741214,0.000232315603691206,0.0647135677657195,278.558851568735,0.000209267802734375,113225519,629,83634393088.0,735339584.0,47586448.0,170830.859375,0.9007909904
813,3,633078761,False,0.201760306954384,8380,2210,7210,0.00657949734924521,9.74928533219197e-05,0.0153232597473484,157.173159110968,0.000225483213867187,113225519,502,263607517184.0,1888014592.0,28930538.0,184067.9296875,2.3128178752
814,2,633077102,False,0.0,0,0,0,0.0,0.0,0.0,0.0,0.0,113225519,582,18730549248.0,142635600.0,0.0,0.0,0.17472861
815,3,633078449,False,0.145816057920456,4340,1740,5690,0.0012698765663086,1.2605933266555e-05,0.0020337487494787,161.332660301674,4.35194110107422e-05,113225519,39,400034602624.0,2818200688.0,5731512.125,35526.0498046875,3.4522958428
816,1,633078228,False,0.315964877605438,4670,4430,5600,0.00395333748820803,6.89590927289635e-05,0.0178280219912075,258.530402383318,0.000135483182836914,113225519,275,160423777792.0,1603827896.0,28593079.0,110598.516601562,1.9646891726
817,1,633078310,False,0.441754430532455,10580,4050,4930,0.00921600093758981,0.0028158025816083,1.08342564105988,384.766174316406,0.00031583773046875,113225519,162,9756094464.0,91564200.0,99203000.0,257826.71875,0.112166145
818,2,633076770,False,0.144932582974434,8640,6250,6840,0.00213871059900916,0.000121527635201346,0.00852200202643871,70.1239852905273,7.32948603515625e-05,113225519,78,7219177472.0,492336896.0,4195696.0,59832.5390625,0.6031126976
819,2,633076823,False,0.0747083723545074,6420,3480,6570,4.41219900034887e-05,2.69853126155795e-06,0.00104722427204251,388.071929931641,1.51208634643555e-06,113225519,155,54179024896.0,457417792.0,479019.0,1234.35620117188,0.5603367952
820,1,633078139,False,0.211487039923668,6460,6830,3710,0.00221432232023732,6.78611468174495e-05,0.0183033160865307,269.717163085938,7.58861181640625e-05,113225519,403,102031507456.0,912861888.0,16708399.0,61947.8515625,1.1182558128
821,1,633078326,False,0.434139043092728,5250,6900,4950,0.0820344059429933,0.00249293686674016,0.818753303286569,328.429217045193,0.00281136696587219,113225519,141,101428980624.0,920598300.0,753742899.125,2294993.44152832,1.1277329175
822,3,633078690,False,0.0,0,0,0,0.0,0.0,0.0,0.0,0.0,113225519,377,12075658752.0,96546600.0,0.0,0.0,0.118269585
823,3,633078594,False,0.0,0,0,0,0.0,0.0,0.0,0.0,0.0,113225519,243,2343207936.0,27414000.0,0.0,0.0,0.03358215
824,1,633077531,False,0.0,0,0,0,0.0,0.0,0.0,0.0,0.0,113225519,484682512,25991858176.0,482925600.0,0.0,0.0,0.59158386
825,1,633077839,False,0.0,0,0,0,0.0,0.0,0.0,0.0,0.0,113225519,874,1701727232.0,20143800.0,0.0,0.0,0.024676155
826,1,633077894,False,0.33220174908638,7400,5260,4700,0.0108446678063913,0.000374609604477882,0.118725903332233,316.932373046875,0.00037165309453125,113225519,797,78008815616.0,809883904.0,96154200.0,303390.28125,0.9921077824
827,2,633076900,False,0.0,0,0,0,0.0,0.0,0.0,0.0,0.0,113225519,257,8577812992.0,68388304.0,0.0,0.0,0.0837756724
828,2,633077099,False,0.151924729347229,4230,4790,8240,0.000479951202067261,3.43169267580379e-05,0.00847821496427059,247.056381225586,1.64482077880859e-05,113225519,579,27387953152.0,391267808.0,3317252.75,13427.1083984375,0.4793030648
829,3,633078945,False,0.183045834302902,4510,4540,8890,0.00106166497085544,4.22159857564736e-05,0.0134833945147246,319.390730149111,3.6383878125e-05,113225519,783,89704218624.0,703551616.0,9486264.0,29701.125,0.8618507296
830,3,633078608,False,0.489313393831253,5300,6500,6420,0.0233627037647886,0.00784623708289516,2.60622456794925,332.162352528301,0.0008006534921875,113225519,263,10512315392.0,83300400.0,217099549.0,653594.6875,0.10204299
831,3,633078977,True,0.995573461055756,7060,5960,6350,0.0065044745817771,0.188807231455699,288.490071183726,1527.96092056154,0.00022291213984375,113225519,830,435042592.0,963782.4375,278041664.0,181969.09375,0.0011806334859375
832,3,633079058,False,0.157509118318558,12630,2110,4240,0.00122939711323882,1.14596693334854e-05,0.00165377313792113,144.312465726106,4.21321565307617e-05,113225519,936,505954648064.0,3001273088.0,4963424.8125,34393.5971679688,3.6765595328
833,1,633078021,False,0.198255494236946,3400,6180,5570,0.000695982492138902,6.02936852374114e-05,0.00732799433171749,121.53833770752,2.3851726171875e-05,113225519,605,72917221376.0,322932608.0,2366448.25,19470.796875,0.3955924448
834,3,633079226,False,5.11218386236578e-05,8270,4190,7290,1.66749565147329e-09,1.85381909868852e-10,2.25856961719958e-08,121.833334158517,5.71460491046309e-11,113225519,563807435,13368894464.0,251641792.0,5.68350505828857,0.0466498360037804,0.3082611952
835,1,633078380,False,0.0917663797736168,8420,5220,4620,0.000110960675639823,0.000159100934979506,0.047294944524765,297.263763427734,3.802687109375e-06,113225519,58,1747948544.0,19511100.0,922776.375,3104.234375,0.0239010975
836,3,633078547,False,0.217274606227875,7340,3310,6180,0.00136212412373772,0.000122827500393982,0.0296156295002967,241.115624801461,4.66807886383057e-05,113225519,186,22694460416.0,310246208.0,9188136.75,38106.7662353516,0.3800516048
837,2,633077523,False,0.299557626247406,10830,4660,5830,0.002591238484542,0.00335417548194528,1.11485612392426,332.378601074219,8.8803255078125e-05,113225519,599626927,2830320896.0,21612600.0,24094940.0,72492.453125,0.026475435
838,3,633078894,False,0.0962343588471413,3810,4160,7760,4.19858894135264e-05,0.000426505693423203,0.0799641146968046,187.486628970882,1.43888093261719e-06,113225519,699,262540072.0,2754000.0,220221.171875,1174.5966796875,0.00337365
839,2,633077479,False,0.43086701631546,6270,5460,6830,0.0111674197858767,0.00142820118541912,0.316679989851584,221.733459602648,0.000382713993222046,113225519,1083,13401541056.0,218750404.0,69273875.71875,312419.586303711,0.2679692449
840,1,633078291,False,0.475278496742249,7010,5890,4540,0.11291044155074,0.00340009015053511,0.784836947917938,230.828277587891,0.003869506725,113225519,194,65291153408.0,929028608.0,729136000.0,3158781.0,1.1380600448
841,2,633076934,False,0.174108311533928,5530,3150,5930,0.000395982879049966,5.19019122293685e-05,0.0107926409691572,207.943023681641,1.35705643554687e-05,113225519,310,11474884608.0,213441296.0,2303595.25,11078.01171875,0.2614655876
842,3,633078884,False,0.391437888145447,4440,3840,9890,0.169516468144665,2.4077534519324e-05,0.00424537027876222,176.32080541116,0.00580942829091018,113225519,688,26863854941107.1,196963291144.0,836182102.229927,4742390.44155933,241.2800316514
843,2,633077037,False,0.0386264212429523,7760,5400,8040,4.28295389708085e-05,4.25112943958084e-07,6.57290365779772e-05,154.615478515625,1.46779329528809e-06,113225519,463,411870298112.0,2818541824.0,185260.046875,1198.19860839844,3.4527137344
844,2,633077172,False,0.153789013624191,6140,440,6410,0.000485185741543406,5.94592602283228e-05,0.00713827693834901,120.053245544434,1.66275985107422e-05,113225519,671,25010724864.0,228283200.0,1629548.75,13573.5498046875,0.27964692
845,2,633077301,False,0.0,0,0,0,0.0,0.0,0.0,0.0,0.0,113225519,862,127960580096.0,932916608.0,0.0,0.0,1.1428228448
846,2,633076956,False,0.387362718582153,8370,2570,5790,0.000809146787560861,0.00180390640161932,0.632552623748779,350.657135009766,2.77299326171875e-05,113225519,336,1208160000.0,12548700.0,7937713.0,22636.6796875,0.0153721575
847,2,633076736,False,0.0,0,0,0,0.0,0.0,0.0,0.0,0.0,113225519,27,1862926720.0,30789000.0,0.0,0.0,0.037716525
848,1,633077567,False,0.299852758646011,9070,4920,5670,0.000302384331265283,0.000748721067793667,0.156546786427498,209.085586547852,1.03628875e-05,113225519,607344842,1217020032.0,11298600.0,1768759.5,8459.5,0.013840785
849,1,633078089,False,0.300393313169479,7740,6070,4990,0.00476983592033524,0.000549001107519236,0.133334162519984,242.866837049708,0.000163465060603714,113225519,491,20770021760.0,243061196.0,32408361.0097656,133440.86579895,0.2977499651
850,3,633079266,False,0.294422060251236,8980,4980,5750,0.00096371678033579,0.00157087500637272,0.347768462681349,221.385190591564,3.30271364746094e-05,113225519,607344854,1481652736.0,17163000.0,5968750.125,26960.927734375,0.021024675
851,1,633078160,False,0.119746178388596,5110,1040,3470,0.000604235280984009,9.96551163945393e-06,0.0010786533962776,108.238636941345,2.0707495703125e-05,113225519,369,268633265920.0,1696257928.0,1829674.375,16904.078125,2.0779159618
852,1,633078236,False,0.247373014688492,4860,6290,5330,0.00118822887190486,0.000798120396211743,0.242833822965622,304.257110595703,4.0721296875e-05,113225519,263,5258930176.0,41650200.0,10114077.0,33241.875,0.051021495
853,1,633078226,False,0.0,0,0,0,0.0,0.0,0.0,0.0,0.0,113225519,279,1033103104.0,15462900.0,0.0,0.0,0.0189420525
854,2,633077556,True,1.0,6890,5910,6630,0.798929053352462,0.308351601324457,524.714299554734,1701.67528659147,0.0273797649029297,113225519,290,52243285152.0,72484878.9375,38033852480.0,22350828.4921875,0.0887939766984375
855,3,633079006,False,0.563569724559784,10600,4310,6740,0.207983636837137,0.00576380512197354,1.6900159445649,293.21184682702,0.0071277206109375,113225519,867,82897174016.0,1009497600.0,1706067040.0,5818547.4375,1.23663456
856,1,633077768,False,0.260150700807571,9690,4240,5170,0.00552812607499682,3.50460591381754e-05,0.0036219464429872,103.34818042471,0.000189452106732178,113225519,960,154698773056.0,4412900760.0,15983290.2109375,154654.781005859,5.405803431
857,3,633079213,False,0.134314149618149,11500,5720,8210,0.00149124331248276,5.33608299739349e-05,0.00355145347438877,66.5554391886997,5.11057785888672e-05,113225519,1123,9852266304.0,781828224.0,2776626.5625,41719.0029296875,0.9577395744
858,2,633077341,False,0.110957458615303,9460,4430,10610,0.000494668518427768,4.82166091185829e-06,0.000707194873488076,146.670387324172,1.69525788085937e-05,113225519,918,313497501696.0,2870139584.0,2029748.0,13838.83984375,3.5159209904
859,3,633079017,False,0.146486014127731,8860,1190,5160,0.00199567000344124,1.42700469118629e-05,0.0021134038121498,148.100691273334,6.83927756648302e-05,113225519,886,504949478656.0,3912449456.0,8268585.59515381,55830.8372774124,4.7927505836
860,3,633078857,False,0.0,0,0,0,0.0,0.0,0.0,0.0,0.0,113225519,649,1795812736.0,20025000.0,0.0,0.0,0.024530625
861,3,633078974,False,0.557220995426178,4620,6250,6030,0.105987632313827,0.00218045936081369,0.593127173603974,272.01936631492,0.00363225801239014,113225519,826,125387155456.0,1359855008.0,806566957.40625,2965108.58154297,1.6658223848
862,1,633077834,False,0.0,0,0,0,0.0,0.0,0.0,0.0,0.0,113225519,882,5912994816.0,82704600.0,0.0,0.0,0.101313135
863,2,633076916,False,0.0,0,0,0,0.0,0.0,0.0,0.0,0.0,113225519,281,9655703552.0,61217100.0,0.0,0.0,0.0749909475
864,3,633078588,False,0.0,0,0,0,0.0,0.0,0.0,0.0,0.0,113225519,312782612,24418656256.0,131664600.0,0.0,0.0,0.161289135
865,2,633077008,False,0.0119735980406404,7820,1240,9510,8.25829174653758e-06,5.04497129847163e-07,7.35401435824897e-05,145.769201114719,2.83016477584839e-07,113225519,417,74532789376.0,457948808.0,33677.62109375,231.03385925293,0.5609872898
866,3,633078906,False,0.0,0,0,0,0.0,0.0,0.0,0.0,0.0,113225519,721,151045505024.0,921276032.0,0.0,0.0,1.1285631392
867,2,633076817,False,0.448112785816193,10680,4390,6720,0.00967330942976951,0.0415144711732864,14.3373174667358,345.357116699219,0.000331509959375,113225519,147,756482816.0,6518700.0,93460672.0,270620.375,0.0079854075
868,3,633079109,False,0.0,0,0,0,0.0,0.0,0.0,0.0,0.0,113225519,988,62054549504.0,476821792.0,0.0,0.0,0.5841066952
869,1,633077903,False,0.0,0,0,0,0.0,0.0,0.0,0.0,0.0,113225519,781,1115591680.0,10564200.0,0.0,0.0,0.012941145
870,1,633078274,False,0.0847507640719414,7690,3230,4890,2.03743787586792e-05,9.926551456374e-07,0.000263692025328055,265.643127441406,6.98241850280762e-07,113225519,215,55088078848.0,574210816.0,151414.8125,569.993347167969,0.7034082496
871,2,633077455,False,0.388453662395477,10530,6550,6280,0.0101419021531185,0.000240308538195677,0.0342025086283684,142.327484130859,0.00034756890546875,113225519,1048,47099375616.0,1180689280.0,40382536.0,283729.71875,1.446344368
872,1,633077831,False,0.0,0,0,0,0.0,0.0,0.0,0.0,0.0,113225519,888,13463276544.0,149899504.0,0.0,0.0,0.1836268924
873,1,633078332,False,0.223374262452126,5490,6770,5570,0.00095823125831254,0.00040347411413677,0.177429690957069,439.754852294922,3.28391444335937e-05,113225519,133,4156397056.0,66441600.0,11788713.0,26807.46484375,0.08139096
874,3,633078916,False,0.049732580780983,7730,2940,650,0.00022416973950638,1.85824296943054e-05,0.00184709952887798,99.400323814707,7.68242779541016e-06,113225519,735,40387700736.0,337489216.0,623376.171875,6271.36962890625,0.4134242896
875,1,633077734,False,0.0,0,0,0,0.0,0.0,0.0,0.0,0.0,113225519,998,23599888384.0,192810592.0,0.0,0.0,0.2361929752
876,1,633078214,False,0.0,0,0,0,0.0,0.0,0.0,0.0,0.0,113225519,296,31882907648.0,226023296.0,0.0,0.0,0.2768785376
877,3,633078463,False,0.151427760720253,9650,3990,5570,0.000811701049858389,0.000169226039959642,0.0332958822012666,196.753893249568,2.78174686767578e-05,113225519,62,2656652160.0,134188200.0,4467914.5,22708.1376953125,0.164380545
878,2,633076737,False,0.0,0,0,0,0.0,0.0,0.0,0.0,0.0,113225519,28,53510225920.0,471904192.0,0.0,0.0,0.5780826352
879,2,633077295,False,0.0486468523740768,8360,2170,6980,6.82229076170441e-05,6.60245905237389e-06,0.000959317607339472,145.297012329102,2.33803885803223e-06,113225519,851,33103613952.0,289074592.0,277314.34375,1908.60314941406,0.3541163752
880,1,633078367,False,0.179580315947533,11860,4950,3520,0.00334811052945202,5.62371205887757e-05,0.00666480464860797,118.512550354004,0.000114741701757812,113225519,81,48523618816.0,1665567104.0,11100679.0,93666.6953125,2.0403197024
881,2,633077364,False,0.0,0,0,0,0.0,0.0,0.0,0.0,0.0,113225519,943,285798793216.0,1660181376.0,0.0,0.0,2.0337221856
882,3,633078654,False,0.0,0,0,0,0.0,0.0,0.0,0.0,0.0,113225519,330,1654166528.0,27909000.0,0.0,0.0,0.034188525
883,1,633077655,False,0.0633898004889488,6000,4910,4970,4.68524636915278e-05,1.75096429302357e-05,0.00510783633217216,291.715606689453,1.60566127319336e-06,113225519,1104,8821678080.0,74858400.0,382364.46875,1310.74389648438,0.09170154
884,1,633077696,False,0.0413301289081573,10110,4490,2770,7.53736106997243e-05,3.5040829970967e-06,0.000607442518230528,173.352783203125,2.58309762573242e-06,113225519,1049,66891579392.0,601769728.0,365540.53125,2108.65112304688,0.7371679168
885,2,633076799,False,0.435427308082581,5910,6840,6620,0.00281584545379716,0.000251040968578309,0.0395951643586159,157.723907470703,9.65006669921875e-05,113225519,125,5104328192.0,313797600.0,12424867.0,78776.0546875,0.38440206
886,2,633077193,False,0.0962343588471413,3810,4160,7760,4.19858894135264e-05,0.000853011384606361,0.159928232431412,187.486633300781,1.43888093261719e-06,113225519,699,140357632.0,1377000.0,220221.171875,1174.5966796875,0.001686825
887,2,633077404,False,0.14613638818264,10480,3780,7300,0.00078264289095803,1.77333349711262e-05,0.00483309431001544,272.542877197266,2.68216286132812e-05,113225519,984,217586499584.0,1234691968.0,5967382.5,21895.20703125,1.5124976608
888,1,633077919,False,0.193538203835487,5380,7240,3300,0.00118137240571541,1.92077950487146e-05,0.00244048144668341,127.056823730469,4.04863217773437e-05,113225519,754,216532533248.0,1720658688.0,4199235.5,33050.05859375,2.1078068928
889,3,633079257,False,0.376988798379898,6860,5440,8130,0.0531343296849484,0.000408054295757223,0.131716899647276,322.792581812796,0.00182094448680267,113225519,278,450762232192.0,3642861528.0,479826426.3125,1486485.29534912,4.4625053718
890,1,633077665,False,0.0,0,0,0,0.0,0.0,0.0,0.0,0.0,113225519,1092,3324728576.0,49785300.0,0.0,0.0,0.0609869925
891,1,633078141,False,0.0,0,0,0,0.0,0.0,0.0,0.0,0.0,113225519,401,3966506240.0,26936100.0,0.0,0.0,0.0329967225
892,3,633079055,False,0.473622024059296,8280,5030,6410,0.0172201071817093,0.00077803500058323,0.0974302405849574,125.226038047031,0.000590143122546387,113225519,932,16371263952.0,619187424.0,60327579.6875,481749.487792969,0.7585045944
893,2,633077118,False,0.0157107505947351,7580,4800,8540,1.92319936467221e-05,7.89845046256232e-07,4.77866524306592e-05,60.5013046264648,6.59091645812988e-07,113225519,603,19625684992.0,681189312.0,32551.7578125,538.033996582031,0.8344569072
894,1,633077710,False,0.0247498154640198,5130,1020,3520,3.4314644077489e-05,7.12116752765724e-06,0.000856017926707864,120.207527160645,1.17598287811279e-06,113225519,1030,18169303040.0,134807392.0,115397.546875,959.986022949219,0.1651390552
895,1,633078412,False,0.0,0,0,0,0.0,0.0,0.0,0.0,0.0,113225519,2,4354105856.0,51414300.0,0.0,0.0,0.0629825175
896,3,633079200,False,0.305480986833572,6180,4720,6330,0.000415183768227164,7.75809764642938e-05,0.0177797897012894,229.177183783868,1.4228590032959e-05,113225519,1104,19654364160.0,149716800.0,2661933.21875,11615.1755371094,0.18340308
897,2,633077011,False,0.00340282660908997,7790,4400,9490,3.45709696031902e-07,4.51586963379214e-08,1.13615521968313e-06,25.1591682434082,1.1847673034668e-08,113225519,423,39985807360.0,214168496.0,243.328643798828,9.67156982421875,0.2623564076
898,3,633078850,False,0.117276094853878,4840,4620,9190,0.000321592804025007,2.27800606567228e-05,0.00654850190665431,287.466394639372,1.10211730712891e-05,113225519,638,49223524352.0,394945216.0,2586299.5,8996.8759765625,0.4838078896
899,1,633077852,False,0.307526558637619,10730,5480,4430,0.00718114586935709,0.000200143840629607,0.0315568335354328,157.670776367188,0.000246102059765625,113225519,852,50534248448.0,1003776320.0,31676002.0,200899.640625,1.229625992
900,1,633078101,False,0.698794782161713,7860,5630,5670,0.156806497628749,0.00253387238088891,0.849777188046447,335.367003664303,0.00537385018395729,113225519,467,191370350464.0,1731269700.0,1471193497.41602,4386816.47669983,2.1208053825
901,2,633077627,False,0.11307380348444,7270,4100,8510,7.90689621805493e-05,1.20651393444859e-05,0.00248834420926869,206.242492675781,2.70973947753906e-06,113225519,484682524,8841800704.0,183340800.0,456215.03125,2212.0322265625,0.22459248
902,2,633077586,False,0.158786743879318,8240,5420,5860,0.000538946587111887,0.0004170487227384,0.0778064727783203,186.564468383789,1.84700140625e-05,113225519,607344834,5834403840.0,36153000.0,2812937.5,15077.5625,0.044287425
903,1,633078301,False,0.0,0,0,0,0.0,0.0,0.0,0.0,0.0,113225519,177,1230466048.0,13496400.0,0.0,0.0,0.01653309
904,3,633078736,False,0.0,0,0,0,0.0,0.0,0.0,0.0,0.0,113225519,451,45278230528.0,377492416.0,0.0,0.0,0.4624282096
905,3,633079236,False,0.137973338365555,3390,2670,6620,0.00028553868988677,1.26991725781006e-05,0.0033668247023378,265.121580294437,9.7855775390625e-06,113225519,919,73719672832.0,629035200.0,2117851.25,7988.2265625,0.77056812
906,2,633077410,False,0.0,0,0,0,0.0,0.0,0.0,0.0,0.0,113225519,990,17032695808.0,96127200.0,0.0,0.0,0.11775582
907,2,633076931,False,0.0,0,0,0,0.0,0.0,0.0,0.0,0.0,113225519,304,25253183488.0,189279904.0,0.0,0.0,0.2318678824
908,3,633079054,False,0.379190444946289,8690,6390,5220,0.00455842209552772,0.000146828186880472,0.0291597394779728,198.597695016903,0.000156219785449219,113225519,931,63064139776.0,868541376.0,25326440.25,127526.35546875,1.0639631856
909,1,633077995,False,0.0,0,0,0,0.0,0.0,0.0,0.0,0.0,113225519,638,23947692032.0,197472608.0,0.0,0.0,0.2419039448
910,2,633077248,False,0.0,0,0,0,0.0,0.0,0.0,0.0,0.0,113225519,791,13417707520.0,81607504.0,0.0,0.0,0.0999691924
911,3,633078876,False,0.138096332550049,4120,5010,8050,0.000321097471292962,5.94369713652908e-05,0.0171292409048322,288.19168459238,1.10041977294922e-05,113225519,675,19501916160.0,151135200.0,2588831.25,8983.0185546875,0.18514062
912,1,633077991,False,0.208534896373749,10410,3460,5010,0.00745436717949466,2.28587450235911e-05,0.0051041760719172,223.292051538678,0.000255465513512421,113225519,645,1500278585344.0,9123128856.0,46566056.0078125,208543.27633667,11.1758328486
913,2,633076969,False,0.441746443510056,5460,5400,6970,0.219255341638511,0.010166953317821,3.59235334396362,353.336273193359,0.0075140085125,113225519,351,75197087744.0,603315904.0,2167323904.0,6133884.5,0.7390619824
914,2,633077245,False,0.291493654251099,8680,5290,7730,0.0100242454446392,0.000168645463418216,0.0189838670194149,112.566719055176,0.00034353674140625,113225519,784,39049186944.0,1662885888.0,31568004.0,280438.15625,2.0370352128
915,3,633078587,False,0.103306420147419,12710,7290,7150,0.000163521195649592,8.92164267289178e-06,0.000937490179688477,105.080444718664,5.60396680374145e-06,113225519,235,18250829920.0,512760592.0,480708.01953125,4574.66677856445,0.6281317252
916,1,633076888,False,0.0,0,0,0,0.0,0.0,0.0,0.0,0.0,113225519,312782608,20330702848.0,124375504.0,0.0,0.0,0.1523599924
917,3,633078958,False,0.406701445579529,7660,5180,6610,0.0115269719940633,0.00148790907394286,0.424670075487672,285.413996678121,0.000395036057226562,113225519,804,17734735872.0,216732608.0,92039853.0,322478.4140625,0.2654974448
918,3,633079173,False,0.110654026269913,9030,3570,8100,0.000460971161823288,8.27836752180587e-05,0.0120672711388948,145.768729246541,1.57977507324219e-05,113225519,1072,16542672384.0,155780992.0,1879851.46875,12896.123046875,0.1908317152
919,3,633079159,False,0.0,0,0,0,0.0,0.0,0.0,0.0,0.0,113225519,1051,63793.19140625,3600.0,0.0,0.0,4.41e-06
920,3,633079212,False,0.110957458615303,9460,4430,10610,0.000534168999935166,1.69580501116164e-05,0.00241716400743592,142.537850255563,1.83062833618164e-05,113225519,1121,81396580352.0,881227776.0,2130072.0625,14943.9047851562,1.0795040256
921,2,633076791,False,0.176168873906136,9650,3740,6030,0.000237052492131934,0.00203048810362816,0.775573074817657,381.9638671875,8.12392724609375e-06,113225519,115,373403776.0,3266100.0,2533099.25,6631.77734375,0.0040009725
922,3,633079012,False,0.299033641815186,4330,3470,9770,0.00991387009241381,0.000394776154537748,0.053952970892991,136.667248699876,0.000339754113671875,113225519,878,91255918592.0,702550784.0,37904702.0,277350.296875,0.8606247104
923,2,633076960,False,0.541987180709839,5460,6050,7000,0.22874142353366,0.00469774240627885,1.50479328632355,320.322631835938,0.007839102075,113225519,342,151734304768.0,1362200448.0,2049830144.0,6399267.0,1.6686955488
924,2,633077595,False,0.296576172113419,8260,5430,6000,0.00138480384831491,0.00451356172561646,0.972356915473938,215.430068969727,4.74580360351562e-05,113225519,607344862,1157260032.0,8583300.0,8346031.0,38741.25390625,0.0105145425
925,3,633078955,False,0.0,0,0,0,0.0,0.0,0.0,0.0,0.0,113225519,800,99362594816.0,648388800.0,0.0,0.0,0.79427628
926,3,633078995,False,0.141013339161873,10740,3840,6930,0.000492941364052681,0.000180124148995754,0.0206742175703881,114.777600258783,1.68933882202148e-05,113225519,850,1608004160.0,76561200.0,1582842.90625,13790.5209960938,0.09378747
927,3,633078835,False,0.00353633332997561,5950,2690,6000,1.02809322756325e-06,3.1377274957268e-08,4.9084577460848e-06,156.433525625458,3.52333548903465e-08,113225519,618,38601281152.0,916648192.0,4499.32891845703,28.7619223594666,1.1228940352
928,1,633077691,False,0.143032521009445,3810,4430,1980,0.00166166999107799,5.84195592267824e-05,0.00689367123060914,118.002794301275,5.69464003231049e-05,113225519,1057,105631425408.0,795741324.0,5485579.07226562,46486.8574066162,0.9747831219
929,3,633078484,False,0.30125480890274,4130,3920,6380,0.000663697270160366,0.000151158018827604,0.0415913749759842,275.151628068236,2.27452927734375e-05,113225519,98,8136293376.0,122835600.0,5108901.5,18567.5859375,0.15047361
930,2,633077111,False,0.319185554981232,8150,5110,5920,0.00492291842863222,0.00182584743015468,0.404896199703217,221.757949829102,0.0001687112875,113225519,595,4258101504.0,75429904.0,30541282.0,137723.5,0.0924016324
931,1,633077962,False,0.0,0,0,0,0.0,0.0,0.0,0.0,0.0,113225519,687,114866315264.0,755437504.0,0.0,0.0,0.9254109424
932,3,633078847,False,0.0,0,0,0,0.0,0.0,0.0,0.0,0.0,113225519,633,1273663872.0,16338600.0,0.0,0.0,0.020014785
933,1,633078207,False,0.367587000131607,11180,6690,5540,0.00141089165145995,0.000164463272085413,0.0285974554717541,173.883529663086,4.83520802734375e-05,113225519,307,9985789952.0,239999392.0,6863372.0,39471.0859375,0.2939992552
934,1,633078126,False,0.0,0,0,0,0.0,0.0,0.0,0.0,0.0,113225519,428,317800000.0,3748500.0,0.0,0.0,0.0045919125
935,3,633078773,False,0.0869756266474724,7170,2590,10530,0.000466803835645,7.369466221721e-05,0.00771549545519882,104.695445003302,1.59976398681641e-05,113225519,527,20065412096.0,177208192.0,1367249.0,13059.2978515625,0.2170800352
936,2,633077318,False,0.0,0,0,0,0.0,0.0,0.0,0.0,0.0,113225519,889,49531269120.0,362163584.0,0.0,0.0,0.4436503904
937,1,633077570,False,0.0528721958398819,8240,5440,5530,9.22303874652365e-05,7.13699046173133e-05,0.013019360601902,182.420883178711,3.16078920288086e-06,113225519,607344834,5456463872.0,36153000.0,470688.9375,2580.23608398438,0.044287425
938,2,633077169,False,0.0,0,0,0,0.0,0.0,0.0,0.0,0.0,113225519,667,11363999744.0,104673600.0,0.0,0.0,0.12822516
939,2,633077267,False,0.0,0,0,0,0.0,0.0,0.0,0.0,0.0,113225519,819,2474513920.0,27927900.0,0.0,0.0,0.0342116775
940,2,633077550,False,0.371514886617661,6170,5120,5780,0.00798669330887944,0.00566381029784679,2.332688331604,411.858489990234,0.000273708640625,113225519,560581559,6293134336.0,39449700.0,92023856.0,223435.625,0.0483258825
941,1,633078215,False,0.0,0,0,0,0.0,0.0,0.0,0.0,0.0,113225519,295,112086036480.0,855126912.0,0.0,0.0,1.0475304672
942,1,633078113,False,0.0,0,0,0,0.0,0.0,0.0,0.0,0.0,113225519,448,26907156480.0,168938096.0,0.0,0.0,0.2069491676
943,1,633077640,False,0.043032418936491,7550,6260,5530,1.14872359938847e-05,2.00007943931269e-05,0.00434149894863367,217.066345214844,3.93674281311035e-07,113225519,1126,1107553792.0,16067700.0,69757.90625,321.366760253906,0.0196829325
944,3,633078695,False,0.111985951662064,7670,2410,5160,0.00020218886763933,6.16672687944265e-07,9.24417105131693e-05,149.904012809992,6.92913048877716e-06,113225519,382,1478793297920.0,9172504576.0,847922.012695312,5656.43305206299,11.2363181056
945,3,633078612,False,0.0195123050361872,9270,1850,9780,2.05637785140835e-05,8.6203113153088e-06,0.00120856249850158,140.199402816844,7.04732690429687e-07,113225519,312782578,7964471296.0,66736800.0,80655.59375,575.2919921875,0.08175258
946,2,633077117,False,0.0,0,0,0,0.0,0.0,0.0,0.0,0.0,113225519,601,6269608960.0,50253300.0,0.0,0.0,0.0615602925
947,2,633078267,False,0.0,0,0,0,0.0,0.0,0.0,0.0,0.0,113225519,312782624,1135167616.0,12833100.0,0.0,0.0,0.0157205475
948,1,633078320,False,0.476632118225098,6520,3690,5670,0.0326226162457851,0.00456284359097481,1.07470786571503,235.534683227539,0.001117996096875,113225519,149,18611980288.0,200017792.0,214960704.0,912649.875,0.2450217952
949,2,633077540,False,0.202270716428757,4810,3600,6200,0.00229561525307969,0.000253220874583349,0.0721219107508659,284.818206787109,7.86720744140625e-05,113225519,250,21532770304.0,253620896.0,18291624.0,64222.1015625,0.3106855976
950,3,633079139,False,0.0,0,0,0,0.0,0.0,0.0,0.0,0.0,113225519,1023,79596306432.0,544201216.0,0.0,0.0,0.6666464896
951,2,633077628,False,0.165180176496506,6810,5340,8290,0.000166229249117313,0.000294189318083227,0.0917817503213882,311.98193359375,5.69677337646484e-06,113225519,484682528,1543232256.0,15807600.0,1450849.25,4650.42724609375,0.01936431
952,2,633076721,False,0.268145143985748,9690,5470,7760,0.00316732378644873,0.000178024754859507,0.0371945910155773,208.929321289062,0.000108546034570312,113225519,7,27170609152.0,497734208.0,18513020.0,88609.0078125,0.6097244048
953,2,633077472,False,0.110654026269913,9030,3570,8100,0.000131837990348355,4.73523468826897e-05,0.00657115411013365,138.771453857422,4.51816486816406e-06,113225519,1072,8807155712.0,77890496.0,511830.46875,3688.2978515625,0.0954158576
954,3,633078946,False,0.458993494510651,8430,5700,3960,0.0190516594228077,0.00016026023571318,0.0187519638148496,117.009461089339,0.00065291148671875,113225519,784,74434088192.0,3325771776.0,62364752.0,532988.96875,4.0740704256
955,1,633078341,False,0.0,0,0,0,0.0,0.0,0.0,0.0,0.0,113225519,122,6009367040.0,164670304.0,0.0,0.0,0.2017211224
956,2,633077110,False,0.024378564208746,9000,430,7710,4.16664102735083e-05,2.0502545794443e-06,0.000203623218112625,99.3160629272461,1.42793219604492e-06,113225519,593,63703928832.0,568543488.0,115768.65625,1165.65893554688,0.6964657728
957,2,633077354,False,0.473622024059296,8280,5030,6410,0.0170363384065026,0.00153946400242134,0.193265023418822,125.540462859051,0.000583845259375,113225519,932,9036603824.0,309593712.0,59833636.0,476608.375,0.3792522972
958,1,633078324,False,0.298347264528275,10720,4250,5670,0.00797837032269431,0.00051600334700197,0.104432620108128,202.387481689453,0.00027342340703125,113225519,145,15328325120.0,432560704.0,45173448.0,223202.78125,0.5298868624
959,3,633079090,False,0.0498566962778568,2520,3950,6480,2.21236217359749e-05,1.7857054723459e-06,0.000121741315040944,68.1754729020409,7.58189427947998e-07,113225519,969,105073467392.0,346602592.0,42195.8553466797,618.930145263672,0.4245881752
960,1,633078091,False,0.0830050185322762,5280,5650,2570,0.000251712770177842,6.01438709535119e-07,0.000102583216520799,170.563043073983,8.62634353027344e-06,113225519,485,1530336641024.0,11708446720.0,1201090.125,7041.9130859375,14.342847232
961,2,633077420,False,0.501634955406189,7540,6750,6340,0.0195386518547114,0.00622850563377142,1.92890858650208,309.6904296875,0.0006696010015625,113225519,1004,8577267712.0,87759904.0,169280832.0,546613.0625,0.1075058824
962,1,633077695,False,0.0,0,0,0,0.0,0.0,0.0,0.0,0.0,113225519,1051,34654.15625,1800.0,0.0,0.0,2.205e-06
963,3,633078456,False,0.543859720230103,6580,4440,5610,0.0318519726991409,0.000618445555839852,0.18089340832767,292.496900688397,0.00109158569279401,113225519,51,144393673728.0,1440854984.0,260641168.96167,891090.3614645,1.7650473554
964,1,633078092,False,0.0801581293344498,2390,3910,5560,0.000143456771827963,2.11921433219686e-05,0.00250083603896201,118.007698059082,4.91634729003906e-06,113225519,484,49581899776.0,189378896.0,473605.5625,4013.3447265625,0.2319891476
965,1,633077757,False,0.0,0,0,0,0.0,0.0,0.0,0.0,0.0,113225519,971,26173814784.0,614424576.0,0.0,0.0,0.7526701056
966,1,633077791,False,0.157509118318558,12630,2110,4240,0.00102821049833479,1.91686667676549e-05,0.00283249956555665,147.767166137695,3.5237373828125e-05,113225519,936,235972329472.0,1500636544.0,4250552.5,28765.203125,1.8382797664
967,2,633078311,False,0.0949936136603355,8540,5950,7930,0.000115409707812514,1.70289840752957e-05,0.00233801291324198,137.296096801758,3.95515803833008e-06,113225519,589508447,22097909760.0,189600304.0,443287.96875,3228.70043945312,0.2322603724
968,3,633078629,False,0.355732411146164,6250,6080,8800,0.00122309177889151,2.00070882687586e-05,0.00936927418324545,468.297738150918,4.19160690429687e-05,113225519,295,225587193856.0,1710253824.0,16023837.0,34217.19921875,2.0950609344
969,3,633078611,False,0.0,0,0,0,0.0,0.0,0.0,0.0,0.0,113225519,269,20543388672.0,184635008.0,0.0,0.0,0.2261778848
970,2,633077135,False,0.274665743112564,10200,5370,7540,0.00294786632280536,0.000516592932399362,0.118980497121811,230.317687988281,0.00010102509921875,113225519,621,12050210816.0,159641104.0,18994178.0,82469.46875,0.1955603524
971,3,633078798,False,0.476632118225098,6520,3690,5670,0.137555206194366,0.00360507869217215,1.06254304040828,294.735047730143,0.00471409719169922,113225519,571,134582867968.0,1067450376.0,1134211968.0,3848242.60546875,1.3076267106
972,1,633077682,False,0.0244534406810999,10970,7110,5060,8.06708827224574e-06,5.30845591129037e-06,0.000769648642744869,144.985412597656,2.76463822937012e-07,113225519,1069,1267390720.0,42514200.0,32720.99609375,225.684753417969,0.052079895
973,1,633078358,False,0.100199103355408,5440,2590,5000,0.000305370255618093,0.000139097042847425,0.0239381622523069,172.09684753418,1.04652168701172e-05,113225519,98,4113678848.0,61417800.0,1470229.25,8543.0341796875,0.075236805
974,2,633077027,False,0.264426976442337,11060,5380,7350,0.00106711761032523,6.65831830701791e-05,0.0106487907469273,159.932144165039,3.65707432617187e-05,113225519,445,25016379392.0,448366496.0,4774561.0,29853.66796875,0.5492489576
975,2,633077664,False,0.25289061665535,8830,4180,7870,0.00128574526074055,0.000455087079899386,0.108506813645363,238.430877685547,4.40632404296875e-05,113225519,560581563,5606299648.0,79039800.0,8576357.0,35969.9921875,0.096823755
976,3,633078643,False,0.0905041992664337,10710,4950,5930,0.000190868875984137,0.000341765560495872,0.103036914362519,301.484193471752,6.54118776855469e-06,113225519,318,1575691008.0,15624000.0,1609848.75,5339.7451171875,0.0191394
977,2,633077441,False,0.276304841041565,9320,3400,5800,0.00387278483170451,0.00571729242801666,2.02266931533813,353.780975341797,0.000132722596289062,113225519,614454277,2133297408.0,18950400.0,38330392.0,108344.9765625,0.02321424
978,3,633078817,False,0.219277694821358,3900,4610,6150,0.00242004543595345,0.000103993432276957,0.0262856569776712,252.762663969653,8.29363693969726e-05,113225519,597,82287190016.0,651033024.0,17112830.75,67703.1586914062,0.7975154544
979,3,633079083,False,0.00822577625513077,5130,870,4880,9.94482481236346e-07,8.12592947088236e-09,1.15005663032678e-06,141.529240986866,3.40814949989319e-08,113225519,962,484556881920.0,3423808768.0,3937.57397460938,27.8216285705566,4.1941657408
980,3,633078520,False,0.4162637591362,9180,5250,6170,0.0264863367607691,0.000348410442990175,0.0601501631967263,172.641677099278,0.000907702217871094,113225519,146,104598462464.0,2126748544.0,127924272.0,740981.40234375,2.6052669664
981,1,633077874,False,0.345393359661102,5110,6590,4590,0.0302435738180799,0.00124438827807438,0.342074627130027,274.893803772701,0.00103646492449951,113225519,826,64369664000.0,679927504.0,232585947.40625,846093.815917969,0.8329111924
982,1,633077876,False,0.193474143743515,8310,2220,4170,0.0063602077931352,2.1368037711113e-05,0.00333761469930464,156.196593455506,0.000217968032804782,113225519,822,945449193472.0,8327067296.0,27792542.2092285,177933.088003904,10.2006574376
983,2,633077233,False,0.0871001705527306,2910,2400,7370,7.85560013280195e-05,1.07974324237148e-06,0.000284341862425208,263.342102050781,2.69216000976562e-06,113225519,767,316599894016.0,2035374336.0,578742.125,2197.681640625,2.4933335616
984,1,633076870,False,0.0103932162746787,10100,2390,1620,2.58777536173158e-06,1.25451139421588e-07,6.68475325474051e-06,53.2857117564784,8.86845718383789e-08,113225519,312782628,63812016896.0,577081796.0,3857.6494140625,72.3955688476562,0.7069252001
985,2,633077518,False,0.858463883399963,6940,5680,7000,4.61503448169523,0.00813438589990863,2.91232307394897,358.026175520107,0.158159924961427,113225519,1129,1665148030944.0,15872143812.0,46224810656.7239,129110142.825655,19.4433761697
986,1,633078406,False,0.350160241127014,4810,6720,2850,0.00532317129225686,0.000311628835977025,0.0304900884427519,97.8410369090484,0.00018242818671875,113225519,21,16260335360.0,477879296.0,14570582.0,148920.96875,0.5854021376
987,1,633077590,False,0.0,0,0,0,0.0,0.0,0.0,0.0,0.0,113225519,549009203,3197221376.0,27975600.0,0.0,0.0,0.03427011
988,2,633077569,False,0.211295783519745,8250,4310,5770,0.00156104777230844,0.00593351433053613,2.70582365989685,456.023803710938,5.34980181640625e-05,113225519,549009211,1160026880.0,7360200.0,19915404.0,43671.8515625,0.009016245
989,2,633077132,False,0.00353633332997561,5950,2690,6000,1.02809322756325e-06,6.27545499145359e-08,9.81691549216961e-06,156.433525625458,3.52333548903465e-08,113225519,618,17259678464.0,458324096.0,4499.32891845703,28.7619223594666,0.5614470176
990,2,633077520,False,0.308025747537613,5810,6740,7700,0.000438289949328013,0.000466607074486092,0.179003715515137,383.628387451172,1.502045234375e-05,113225519,1139,3274816512.0,26278200.0,4703895.5,12261.59375,0.032190795
991,3,633078941,False,0.260049492120743,4330,3840,6030,0.00457658838311405,1.82376179316454e-05,0.00328591271477904,180.17225314702,0.00015684235472641,113225519,776,354633867776.0,7020356264.0,23068277.9101562,128034.575286865,8.5999364234
992,1,633078038,False,0.0,0,0,0,0.0,0.0,0.0,0.0,0.0,113225519,583,29158060032.0,247832096.0,0.0,0.0,0.3035943176
993,3,633079050,False,0.0,0,0,0,0.0,0.0,0.0,0.0,0.0,113225519,927,1466257024.0,22244400.0,0.0,0.0,0.02724939
994,1,633077730,False,0.0,0,0,0,0.0,0.0,0.0,0.0,0.0,113225519,1005,2409094656.0,24860700.0,0.0,0.0,0.0304543575
995,1,633077758,False,0.29041051864624,11780,5400,5240,0.00080705640663586,0.000209661928238347,0.0435281693935394,207.611221313477,2.76582940429687e-05,113225519,970,5068678144.0,107688600.0,4687487.5,22578.19921875,0.131918535
996,3,633079033,False,0.352592885494232,6490,4260,6310,0.00297728350681646,0.000388670707229046,0.0940641353726627,242.014984981181,0.000102033243282294,113225519,907,24139367424.0,214300800.0,20158019.4616699,83292.4434957504,0.26251848
997,3,633079133,False,0.136078402400017,12470,1900,4120,0.00205489002494923,5.9112770292858e-06,0.000642816996382072,108.744183904326,7.04222803619385e-05,113225519,1017,1455416868864.0,9725068800.0,6251439.515625,57487.5758056641,11.91320928
998,2,633076806,False,0.425021708011627,5780,6590,5740,0.0113648281927702,0.00478528952226043,1.3115861415863,274.087097167969,0.00038947929453125,113225519,133,4678855168.0,66441600.0,87143880.0,317942.28125,0.08139096
999,1,633077817,False,0.0,0,0,0,0.0,0.0,0.0,0.0,0.0,113225519,906,20781285376.0,185507104.0,0.0,0.0,0.2272462024
1000,1,633077971,False,0.0830050185322762,5280,5650,2570,0.000251712770177842,6.0143872815388e-07,0.000102583217085339,170.563049316406,8.62634353027344e-06,113225519,672,1530336641024.0,11708446720.0,1201090.125,7041.9130859375,14.342847232
1001,3,633078628,False,0.0,0,0,0,0.0,0.0,0.0,0.0,0.0,113225519,312782554,57185257472.0,384046208.0,0.0,0.0,0.4704566048
1002,2,633077473,False,0.202469855546951,10970,6340,9180,0.00821727055165421,1.65019417153849e-05,0.00201168847602699,121.906167814874,0.000281610657296753,113225519,1073,1994416402432.0,13930860672.0,28024551.875,229886.250854492,17.0653043232
1003,3,633078744,True,0.686500310897827,6700,5710,6600,0.00401321302261881,0.246129148825069,464.993077787887,1889.22392982544,0.00013753515234375,113225519,467,314337248.0,456157.2421875,212109960.0,112273.59375,0.000558792621679687
1004,1,633077901,False,0.458993494510651,8430,5700,3960,0.0090274139781685,0.000151875006849878,0.0185200609266758,121.942779541016,0.0003093747453125,113225519,784,35384901248.0,1662885888.0,30796748.0,252550.8125,2.0370352128
1005,1,633077857,False,0.0,0,0,0,0.0,0.0,0.0,0.0,0.0,113225519,847,48518688768.0,321251392.0,0.0,0.0,0.3935329552
1006,3,633078874,False,0.25710317492485,3820,4200,7180,0.00237752084165005,2.84040628110479e-06,0.000656851010763279,231.252484946553,8.14790267333984e-05,113225519,672,3106495791104.0,23416893440.0,15381410.125,66513.4912109375,28.685694464
1007,3,633078873,False,0.153789013624191,6140,440,6410,0.000914185776097315,5.60164940377511e-05,0.00740002960138985,132.104476163802,3.13296800537109e-05,113225519,671,51345807360.0,456566400.0,3378604.875,25575.2490234375,0.55929384
1008,3,633078440,False,0.0,0,0,0,0.0,0.0,0.0,0.0,0.0,113225519,27,3604608128.0,61578000.0,0.0,0.0,0.07543305
1009,2,633077366,False,0.0,0,0,0,0.0,0.0,0.0,0.0,0.0,113225519,945,56471109632.0,423906304.0,0.0,0.0,0.5192852224
1010,2,633076868,False,0.437986552715302,11540,4450,7400,0.001836403622031,0.000322784995660186,0.208015143871307,644.438720703125,6.2934623828125e-05,113225519,217,8935845888.0,159162304.0,33108170.0,51375.203125,0.1949738224
1011,1,633077955,False,0.329030096530914,5730,7250,3630,0.0598680035952114,1.77148586968127e-05,0.00249167320508461,140.654421676698,0.00205171142139136,113225519,695,12644194797635.8,94545855268.0,235577374.223083,1674866.46644193,115.8186727033
1012,3,633079211,False,0.280402928590775,6370,4540,5640,0.00274695922705932,0.00196872776423217,0.69140876858598,351.195722002548,9.41398958007812e-05,113225519,1120,5444697600.0,39034800.0,26989003.0,76848.89453125,0.04781763
1013,3,633079244,False,0.344278961420059,8920,5720,4120,0.0122024106042291,0.000228328337521038,0.024942520051369,109.239704200407,0.000418183732574081,113225519,933,45607372128.0,1495103408.0,37291646.7329102,341374.475570679,1.8315016748
1014,2,633076964,False,0.299033641815186,4330,3470,9770,0.00712081384080348,7.12914589429913e-05,0.0100661395819183,141.196992334913,0.00024403444593811,113225519,345,467672206336.0,2794329020.0,28128105.953125,199211.792602539,3.4230530495
1015,1,633077553,False,0.0,0,0,0,0.0,0.0,0.0,0.0,0.0,113225519,312782574,28367058304.0,221438700.0,0.0,0.0,0.2712624075
1016,2,633076877,False,0.0599030442535877,12250,5600,8210,0.000280095370631177,7.51202742321766e-06,0.00048214039998129,64.1824569702148,9.59903181152344e-06,113225519,229,7835251072.0,1043119744.0,502930.15625,7835.9443359375,1.2778216864
1017,1,633078390,False,0.0,0,0,0,0.0,0.0,0.0,0.0,0.0,113225519,41,15196805120.0,131492704.0,0.0,0.0,0.1610785624
1018,3,633078781,False,0.0777685716748238,9270,3760,10560,9.37130345731202e-05,1.31652234812958e-05,0.00179037656196118,135.99287277613,3.21160038452148e-06,113225519,540,18574817280.0,199139392.0,356534.5,2621.71459960938,0.2439457552
1019,2,633077140,False,0.0914992690086365,8080,2250,6730,0.000321038757434237,9.71316621871665e-05,0.0152523797005415,157.027893066406,1.10021855712891e-05,113225519,628,10912768000.0,92466000.0,1410326.5,8981.3759765625,0.11327085
1020,3,633079259,True,1.0,6890,5910,6630,0.798929053352462,0.308351601324457,524.714299554734,1701.67528659147,0.0273797649029297,113225519,290,52243285152.0,72484878.9375,38033852480.0,22350828.4921875,0.0887939766984375
1021,2,633077373,False,0.188028648495674,4000,5230,7830,0.000315942310719753,1.07934756670147e-05,0.00309819378890097,287.043182373047,1.08275273681641e-05,113225519,952,91294720000.0,818901888.0,2537116.75,8838.7978515625,1.0031548128
1022,1,633078296,False,0.115598924458027,7280,3500,5160,7.15432426515309e-05,1.29026093418361e-05,0.00378938228823245,293.691162109375,2.45182867736816e-06,113225519,186,11344276480.0,155123104.0,587820.75,2001.49279785156,0.1900258024
1023,2,633076782,False,0.137010306119919,11350,5800,8280,0.000472783329020692,2.88986375380773e-05,0.00406078342348337,140.518157958984,1.62025605957031e-05,113225519,101,23526221824.0,457688704.0,1858574.75,13226.580078125,0.5606686624
1024,3,633079263,False,0.144202649593353,8410,1880,6630,0.00107516544729362,1.54980836461486e-05,0.0023620540113621,152.409424629031,3.68465473312378e-05,113225519,302,242816190464.0,1940808608.0,4584294.7578125,30078.8141479492,2.3774905448
1025,1,633077676,False,0.201967388391495,9030,3780,3180,0.000254894645925391,5.73226752749179e-05,0.00816726312041283,142.478759765625,8.73538826904297e-06,113225519,1079,11538736128.0,124399800.0,1016005.9375,7130.92919921875,0.152389755
1026,3,633078784,False,0.0240736808627844,10300,3550,9520,1.39456699303781e-05,3.45293508003174e-07,6.55126207947741e-05,189.730241885034,4.77926247024536e-07,113225519,543,124790824960.0,1129890560.0,74022.091796875,390.14387512207,1.384115936
1027,3,633078579,False,0.649859547615051,5450,6680,6600,0.340012423349843,0.0188741878620195,5.99634841493207,317.701003018971,0.011652424175,113225519,226,50226192384.0,503978400.0,3022030080.0,9512183.0,0.61737354
1028,3,633079086,False,0.0,0,0,0,0.0,0.0,0.0,0.0,0.0,113225519,965,70163599360.0,602951424.0,0.0,0.0,0.7386154944
1029,2,633076885,False,0.207130298018456,12690,5220,6260,0.00103119436316461,0.0068844691850245,1.68529629707336,244.796829223633,3.53396326171875e-05,113225519,237,240163600.0,4190400.0,7062065.5,28848.6796875,0.00513324
1030,1,633077890,False,0.541790068149567,6380,5740,3890,0.0947963350773081,0.000629311194643378,0.189540922641754,301.187896728516,0.003248725725,113225519,803,405460296384.0,4214164480.0,798756608.0,2652021.0,5.162351488
1031,3,633079088,False,0.473622024059296,8280,5030,6410,0.0611742651003164,0.000161528473206884,0.0212243395494342,131.396893241542,0.00209647776548843,113225519,967,364096351976.0,10595100584.0,224874012.355225,1711410.42080688,12.9789982154
1032,3,633078549,False,0.0,0,0,0,0.0,0.0,0.0,0.0,0.0,113225519,188,11837668864.0,139008608.0,0.0,0.0,0.1702855448
1033,3,633078578,False,0.143349573016167,11880,4600,4350,0.000656756433342777,2.72538045536355e-05,0.00491882169402115,180.482019834732,2.25074262451172e-05,113225519,225,41021491200.0,674159424.0,3316070.0,18373.4091796875,0.8258452944
1034,2,633077487,False,0.16192564368248,6520,4800,7470,9.36068469641787e-05,5.26007461303379e-05,0.0102855572476983,195.540145874023,3.20796127319336e-06,113225519,1092,3647465472.0,49785300.0,512069.5625,2618.74389648438,0.0609869925
1035,1,633077770,False,0.115598924458027,7280,3500,5160,7.1543831602885e-05,6.69097400963866e-06,0.00196507194954865,293.689969011667,2.45184886107477e-06,113225519,958,20068643840.0,299135712.0,587823.196759462,2001.50927434675,0.3664412472
1036,3,633078624,False,0.0,0,0,0,0.0,0.0,0.0,0.0,0.0,113225519,288,63251167232.0,470984384.0,0.0,0.0,0.5769558704
1037,3,633078860,False,0.0,0,0,0,0.0,0.0,0.0,0.0,0.0,113225519,654,102608613376.0,493315200.0,0.0,0.0,0.60431112
1038,1,633078069,False,0.0375647358596325,8390,310,3930,6.06658894473724e-05,3.59616567897894e-06,0.000337089557647842,93.7358252480605,2.07905543518066e-06,113225519,533,58421409920.0,471943804.0,159087.328125,1697.18811035156,0.5781311599
1039,2,633077327,False,0.0,0,0,0,0.0,0.0,0.0,0.0,0.0,113225519,902,15238810624.0,109265400.0,0.0,0.0,0.133850115
1040,3,633078533,False,0.46874275803566,10540,4100,6450,0.0477804272924317,0.00729927522847357,2.55351183104314,349.830873767056,0.00163746312734375,113225519,162,19282972672.0,183128400.0,467620536.0,1336704.59375,0.22433229
1041,2,633077120,False,0.148763209581375,3400,5930,6100,0.00144847326841859,0.000125482736621052,0.020456125959754,163.019439697266,4.964002421875e-05,113225519,605,51317088256.0,322932608.0,6605950.0,40522.46875,0.3955924448
1042,2,633076982,False,0.472791761159897,10880,4380,6560,0.120515216126864,0.000428396807440938,0.0895684812742645,209.078311786002,0.0041301267877707,113225519,370,454900787616.0,7870114840.0,704914233.672852,3371532.07164955,9.640890679
1043,2,633076786,False,0.00431208033114672,11230,5450,7150,7.94394246048582e-07,6.83645976096159e-06,0.00137731875292957,201.466659545898,2.72243544101715e-08,113225519,106,320101280.0,3250800.0,4477.3876953125,22.2239627838135,0.00398223
1044,1,633076922,False,0.0,0,0,0,0.0,0.0,0.0,0.0,0.0,113225519,312782558,11520308224.0,69660000.0,0.0,0.0,0.0853335
1045,1,633077684,False,0.618896305561066,10530,4670,4970,0.276288387059821,0.000360288846802127,0.0857564207688305,238.021302990621,0.00946856426282728,113225519,1065,1162711953408.0,21453454036.0,1839771431.25598,7729440.21455288,26.2804811941
1046,1,633077816,False,0.00472007505595684,6380,4260,5360,3.34764628100879e-07,8.74039756126876e-08,1.55058842210565e-05,177.404800415039,1.14725791692734e-08,113225519,907,11783199744.0,107150400.0,1661.46166992188,9.36537075042725,0.13125924
1047,1,633078269,False,0.275771617889404,11460,6570,5680,0.00101411847409755,0.00157655880320817,0.24809293448925,157.363571166992,3.47544319335937e-05,113225519,222,772742592.0,17995500.0,4464556.5,28370.96484375,0.0220444875
1048,1,633077838,False,0.218010365962982,9560,4420,5230,0.00154846988144577,0.000188569481308452,0.030026381026381,159.232452770369,5.30669665039062e-05,113225519,877,6389778654.15625,229729500.0,6897945.5,43319.97265625,0.2814186375
1049,2,633076992,False,0.024378564208746,9000,430,7710,4.16664102735083e-05,3.66172475784367e-07,3.63668086646664e-05,99.3160629748757,1.42793219604492e-06,113225519,385,445354931712.0,3183360336.0,115768.65625,1165.65893554688,3.8996164116
1050,3,633079143,False,0.28454327583313,9320,3520,5440,0.0102405389224593,0.00755892170316985,2.37292669284026,313.923967732747,0.000350949245117187,113225519,614454277,4113465856.0,37900800.0,89935820.0,286489.1796875,0.04642848
1051,3,633078539,False,0.0,0,0,0,0.0,0.0,0.0,0.0,0.0,113225519,170,61254405120.0,650093384.0,0.0,0.0,0.7963643954
1052,3,633078662,False,0.0,0,0,0,0.0,0.0,0.0,0.0,0.0,113225519,338,1102065280.0,18644400.0,0.0,0.0,0.02283939
1053,2,633077015,False,0.271224737167358,13030,5170,6830,0.0109594649195634,0.000405340368160978,0.0809197649359703,199.63410949707,0.00037558725859375,113225519,429,46470123520.0,756405888.0,61208184.0,306601.84375,0.9265972128
1054,1,633078359,False,0.0505189560353756,7130,4390,650,0.000416378265379456,4.9268110160483e-05,0.00377321382984519,76.5853118896484,1.42695261474609e-05,113225519,97,21725442048.0,236432704.0,892111.125,11648.5927734375,0.2896300624
1055,3,633078863,False,0.0320763029158115,4400,2900,9550,4.82052444030728e-05,1.0007937958993e-06,0.000183890156277649,183.74430080515,1.65202185764313e-06,113225519,657,237254008832.0,1347519616.0,247795.592773438,1348.58927154541,1.6507115296
1056,1,633078102,False,0.0830583646893501,7950,3610,2910,7.52946594096114e-05,3.36121547661605e-06,0.000373713730368763,111.184112548828,2.58039191894531e-06,113225519,466,43296755712.0,626690688.0,234202.921875,2106.4423828125,0.7676960928
1057,3,633079081,False,0.453274488449097,10480,3550,6980,0.0196421597362622,6.22616310101909e-05,0.00851681428840782,136.790735324839,0.000673148277069092,113225519,960,311107155200.0,8825801520.0,75167712.4921875,549508.797607422,10.811606862
1058,1,633077984,False,0.111950509250164,7670,7310,2280,0.00020279388060623,1.04858081613202e-05,0.00154407357331365,147.253662109375,6.94986463623047e-06,113225519,655,54591873024.0,541051200.0,835422.875,5673.35888671875,0.66278772
1059,1,633077915,False,0.194885909557343,6570,5390,4210,0.00145400549623434,0.000804473522188799,0.176585343664835,219.504233258522,4.98296168945312e-05,113225519,760,3446889984.0,50563800.0,8928826.0,40677.23828125,0.061940655
1060,2,633076731,False,0.341673612594604,5390,7170,8300,0.00508660289274846,0.000297779660190593,0.0297724888252953,99.981606555127,0.000174320849609375,113225519,21,15408216576.0,477879296.0,14227656.0,142302.734375,0.5854021376
1061,3,633078614,False,0.445680379867554,4780,6640,5790,0.0559535125979283,0.00959953980943866,2.97815701165666,310.239560518142,0.00191755953046875,113225519,272,15039102976.0,163065600.0,485634960.0,1565354.71875,0.19975536
1062,1,633077659,False,0.217419981956482,7320,6270,4810,0.00111688560806272,1.63748460763539e-05,0.00361777491721761,220.934896141824,3.82763215881348e-05,113225519,1099,114762336576.0,1908169192.0,6903326.640625,31245.9768066406,2.3375072602
1063,1,633078233,False,0.0,0,0,0,0.0,0.0,0.0,0.0,0.0,113225519,269,9593656320.0,92317504.0,0.0,0.0,0.1130889424
1064,2,633078290,False,0.0,0,0,0,0.0,0.0,0.0,0.0,0.0,113225519,312782652,1560695040.0,14726700.0,0.0,0.0,0.0180402075
1065,1,633077823,False,0.184363290667534,5110,5410,5140,0.000387559290402986,3.16976147587411e-05,0.00778526300564408,245.610366821289,1.32818830566406e-05,113225519,900,9353293824.0,342055808.0,2662994.5,10842.353515625,0.4190183648
1066,1,633077743,False,0.0,0,0,0,0.0,0.0,0.0,0.0,0.0,113225519,986,15991506944.0,335231104.0,0.0,0.0,0.4106581024
1067,3,633078853,False,0.0,0,0,0,0.0,0.0,0.0,0.0,0.0,113225519,643,18196933120.0,132251400.0,0.0,0.0,0.162007965
1068,2,633076997,False,0.447484344244003,12970,5680,6240,0.0170820195339486,0.000521520783649075,0.0927824056233223,177.907398002674,0.000585410778271484,113225519,395,48308461568.0,916332320.0,85019517.0,477886.349609375,1.122507092
1069,3,633078751,False,0.095525935292244,9180,2850,7740,0.000695119761450214,8.76575146161773e-05,0.0107494238672903,122.629804351155,2.38221598876953e-05,113225519,482,10272007680.0,221848192.0,2384740.25,19446.6611328125,0.2717640352
1070,2,633076858,False,0.415922820568085,10040,6360,5750,0.00724596373533001,0.00385243818163872,0.759922862052917,197.257629394531,0.000248323405859375,113225519,206,3122531072.0,52619400.0,39986684.0,202712.984375,0.064458765
1071,2,633077180,False,0.396463394165039,8360,4600,5830,0.00619214198652514,0.00585025362670422,1.09459733963013,187.102554321289,0.00021220831953125,113225519,681,1459769216.0,29610900.0,32412014.0,173231.28125,0.0362733525
1072,2,633077097,False,0.118680112063885,10460,6340,6860,0.000164704137438004,0.00181937962770462,0.284886121749878,156.584213256836,5.64450690917969e-06,113225519,576,167088064.0,2532600.0,721502.5625,4607.7607421875,0.003102435
1073,2,633076774,False,0.449654877185822,6630,6150,6180,0.0389168044546887,0.00340477586723864,1.22561621665955,359.9697265625,0.0013337016,113225519,88,39860604928.0,319767296.0,391912000.0,1088736.0,0.3917149376
1074,3,633079132,False,0.236829608678818,730,5840,5290,0.00181461865110692,1.5803994868811e-05,0.00210616296897834,133.267758339685,6.21880401611328e-05,113225519,1016,198898933760.0,3212209792.0,6765437.3125,50765.7470703125,3.9349569952
1075,2,633076915,False,0.452920019626617,10590,4400,6410,0.0155084432295148,0.0619389824569225,21.1453170776367,341.389495849609,0.0005314834,113225519,280,906314112.0,7004700.0,148116608.0,433864.0,0.0085807575
1076,1,633077922,False,0.0471569523215294,10370,2090,2550,3.88905179948433e-05,1.247628370038e-05,0.00194137904327363,155.605560302734,1.33280074768066e-06,113225519,750,7100151808.0,87205504.0,169298.9375,1088.00061035156,0.1068267424
1077,3,633079064,False,0.257940798997879,6350,6400,8850,0.00128264028766861,1.42775595583841e-05,0.00407406426442528,285.347383617314,4.39568311904907e-05,113225519,942,266002632704.0,2513253568.0,10239156.5488281,35883.1275024414,3.0787356208
1078,2,633077251,False,0.644367694854736,8990,3300,5870,1.0580561973227,0.0140138613060117,4.68651437759399,334.419921875,0.03626020335,113225519,795,236798930688.0,2112206336.0,9898885120.0,29600166.0,2.5874527616
1079,1,633078116,False,0.0,0,0,0,0.0,0.0,0.0,0.0,0.0,113225519,443,20145844224.0,429207296.0,0.0,0.0,0.5257789376
1080,3,633079171,False,0.36353862285614,10670,6900,6420,0.000899425076670491,0.000295928229791963,0.0364896933976618,123.305888807276,3.08238222702026e-05,113225519,1069,2422696192.0,85028400.0,3102660.24609375,25162.303894043,0.10415979
1081,1,633078048,False,0.476632118225098,6520,3690,5670,0.045652540289586,0.00239294469173291,0.635609380309029,265.6180824007,0.00156453919794922,113225519,571,63999138816.0,533725188.0,339240736.0,1277174.85546875,0.6538133553
1082,2,633077147,False,0.67411595582962,6770,5310,6490,0.029985180767601,0.000383585233974855,0.119332362911083,311.097384209803,0.0010276096438648,113225519,637,218885916672.0,2186906432.0,260968711.996005,838865.015399836,2.6789603792
1083,1,633077752,False,0.208534896373749,10410,3460,5010,0.00266728445095596,0.00012414988304954,0.0419230349361897,337.680816650391,9.14093947265625e-05,113225519,976,89367003136.0,601046976.0,25197714.0,74619.9140625,0.7362825456
1084,3,633078466,False,0.151931539177895,6250,3590,6430,0.000380744608095165,7.3458728618365e-05,0.0200418969062291,272.832068879811,1.30483399169922e-05,113225519,64,23497636864.0,145002592.0,2906127.0,10651.7060546875,0.1776281752
1085,1,633078066,False,0.0,0,0,0,0.0,0.0,0.0,0.0,0.0,113225519,538,3429290752.0,70977600.0,0.0,0.0,0.08694756
1086,3,633078540,False,0.0600792989134789,2480,2520,5730,0.000214622785791303,1.273576548969e-05,0.0013632681205754,107.042495535821,7.35524812011719e-06,113225519,171,72584249344.0,471450592.0,642713.5625,6004.2841796875,0.5775269752
1087,1,633078110,False,0.119746178388596,5110,1040,3470,0.000604235280984009,8.16941756056622e-05,0.0088424663990736,108.238639831543,2.0707495703125e-05,113225519,450,26509322240.0,206919008.0,1829674.375,16904.078125,0.2534757848
1088,3,633079032,False,0.0,0,0,0,0.0,0.0,0.0,0.0,0.0,113225519,906,40904198144.0,371014208.0,0.0,0.0,0.4544924048
1089,1,633076913,False,0.0,0,0,0,0.0,0.0,0.0,0.0,0.0,113225519,312782570,1710349056.0,17712000.0,0.0,0.0,0.0216972
1090,2,633076824,False,0.0,0,0,0,0.0,0.0,0.0,0.0,0.0,113225519,156,11678821376.0,83042096.0,0.0,0.0,0.1017265676
1091,2,633077485,False,0.0,0,0,0,0.0,0.0,0.0,0.0,0.0,113225519,1090,173823377408.0,983482176.0,0.0,0.0,1.2047656656
1092,3,633078994,False,0.0,0,0,0,0.0,0.0,0.0,0.0,0.0,113225519,849,4153824256.0,46942200.0,0.0,0.0,0.057504195
1093,3,633079026,False,0.184363290667534,5110,5410,5140,0.000968257853987072,3.95958321953124e-05,0.00962956204210981,243.1963544701,3.318276171875e-05,113225519,900,20754109440.0,684111616.0,6587695.25,27087.96875,0.8380367296
1094,1,633077900,False,0.0,0,0,0,0.0,0.0,0.0,0.0,0.0,113225519,786,3886988032.0,40391100.0,0.0,0.0,0.0494790975
1095,3,633078424,False,0.304167479276657,10610,5590,3660,0.00521382793558399,0.000146525975233703,0.0318154102038331,217.131536937998,0.000178680926074219,113225519,7,64828139520.0,995468416.0,31671236.0,145861.98046875,1.2194488096
1096,3,633078583,False,0.258430153131485,9480,4650,5500,0.00112432173397839,0.000811557211117949,0.133057200394245,163.952951894734,3.85311619628906e-05,113225519,231,2291345856.0,38757600.0,5156977.75,31454.009765625,0.04747806
1097,3,633079180,False,0.43086701631546,6270,5460,6830,0.0121258900884845,0.000775389970588262,0.173113102213402,223.259403371012,0.00041556132984314,113225519,1083,29005904192.0,437500808.0,75737122.09375,339233.738647461,0.5359384898
1098,2,633077084,False,0.0,0,0,0,0.0,0.0,0.0,0.0,0.0,113225519,556,7735473152.0,63430200.0,0.0,0.0,0.077701995
1099,2,633077484,False,0.299838185310364,4890,2730,5730,0.0209565732515491,3.05537832900882e-05,0.00450883852317929,147.570556640625,0.0007181939953125,113225519,1089,2595774315008.0,19188486144.0,86517784.0,586280.8125,23.5058955264
1100,3,633078665,True,1.0,6890,5910,6630,0.997403811958112,0.301705439480698,515.403365203791,1708.29987716136,0.0341816107076172,113225519,343,65970497952.0,92485424.6171875,47667299080.0,27903355.6796875,0.113294645156055
1101,1,633077565,False,0.104502968490124,8550,5690,5330,0.000227467192891406,0.000228042568778619,0.0313552878797054,137.497512817383,7.79543344726562e-06,113225519,607344846,2748497920.0,27905400.0,874981.8125,6363.619140625,0.034184115
1102,1,633077895,False,0.552717208862305,9970,3700,5510,0.336146607943928,0.00445223227143288,1.45692193508148,327.234039306641,0.011519940425,113225519,795,222335332096.0,2112206336.0,3077319680.0,9404033.0,2.5874527616
1103,3,633078897,False,0.355732411146164,6250,6080,8800,0.0108483066344383,3.78555380444917e-05,0.0122662000955095,324.026568611785,0.000371777799291992,113225519,703,961019617280.0,8017111808.0,98339497.625,303492.081054688,9.8209619648
1104,1,633078305,False,0.164501771330833,12070,5180,5580,0.00059402884357336,0.000151329280924983,0.0345966294407845,228.618209838867,2.03577151367187e-05,113225519,169,8997604352.0,109817104.0,3799301.5,16618.54296875,0.1345259524
1105,3,633078774,False,0.348689407110214,10420,3410,6510,0.0356877332794198,2.16535091866115e-05,0.00427283404245031,197.327555807547,0.00122303944637985,113225519,528,6831548111872.0,46107979056.0,197011742.539062,998399.548065186,56.4822743436
1106,3,633078740,False,0.400947093963623,10500,3820,6470,0.00449245899514516,0.0147243278335735,5.54477705140822,376.572507355165,0.000153959191503906,113225519,460,655824864.0,8535600.0,47327999.0,125680.97265625,0.01045611
1107,1,633077715,False,0.0,0,0,0,0.0,0.0,0.0,0.0,0.0,113225519,1023,36199919616.0,272100608.0,0.0,0.0,0.3333232448
1108,2,633077138,False,0.637140989303589,6750,7080,6030,0.183182238995043,0.0145505998474928,4.11683896007779,282.932594066709,0.00627776223311767,113225519,157,27353237088.0,352198804.0,1449945758.0,5124703.86376953,0.4314435349
1109,2,633077464,False,0.269304066896439,9060,4180,5750,0.001132682350092,0.0101612657308578,1.47885489463806,145.538452148438,3.881768515625e-05,113225519,1060,134672640.0,3118500.0,4611809.0,31687.90625,0.0038201625
1110,2,633077230,False,0.581259965896606,7670,5330,7130,0.0189938252247491,0.010508921402268,2.70508782963306,257.408703147142,0.000650929475,113225519,760,3714293760.0,50563800.0,136779520.0,531371.0,0.061940655
1111,2,633076957,False,0.0572809353470802,5410,910,7860,6.69079196431992e-05,1.76843800639441e-06,0.000229773613749061,129.930262139941,2.29297345275879e-06,113225519,337,173343112576.0,1058456704.0,243205.421875,1871.81506347656,1.2966094624
1112,3,633078586,False,0.0,0,0,0,0.0,0.0,0.0,0.0,0.0,113225519,234,38919045120.0,281536192.0,0.0,0.0,0.3448818352
1113,2,633077289,False,0.0,0,0,0,0.0,0.0,0.0,0.0,0.0,113225519,844,166879674368.0,1294392576.0,0.0,0.0,1.5856309056
1114,2,633077217,False,0.493698984384537,6960,6330,6690,0.011580108786713,0.00261564127120314,0.644707553773146,246.481641374542,0.000396857086120605,113225519,737,7186791632.0,123856804.0,79851417.125,323964.968261719,0.1517245849
1115,3,633079268,False,0.264071524143219,8930,5700,5930,0.000541082137913934,0.000271225401546385,0.0400500563958947,147.663368429175,1.85432006347656e-05,113225519,607344846,5698670080.0,55810800.0,2235225.6875,15137.306640625,0.06836823
1116,2,633077185,False,0.302954405546188,7560,5620,6270,0.000465272248685789,0.000223265960812569,0.0672650039196014,301.277465820312,1.59451514892578e-05,113225519,690,2986676480.0,58300200.0,3921563.25,13016.4501953125,0.071417745
1117,3,633078468,False,0.230789810419083,8280,3930,5970,0.000595788513976629,0.000232286600613962,0.0481038447387785,207.088332308597,2.04180200683594e-05,113225519,67,5059112960.0,71755200.0,3451701.0,16667.771484375,0.08790012
1118,3,633079166,False,0.0911859199404716,8230,2400,6130,0.000139415935366008,2.99224250642036e-05,0.00813136090588966,271.748058135076,4.77786546630859e-06,113225519,1061,15635360256.0,130347000.0,1059898.5,3900.29833984375,0.159675075
1119,1,633078255,False,0.0571051128208637,12820,5400,5230,9.07287683108506e-05,0.000605724228080362,0.136100262403488,224.690155029297,3.10932783813477e-06,113225519,237,230093696.0,4190400.0,570314.5625,2538.22680664062,0.00513324
1120,3,633079020,False,0.0,0,0,0,0.0,0.0,0.0,0.0,0.0,113225519,893,15254182400.0,187232400.0,0.0,0.0,0.22935969
1121,1,633077930,False,0.0,0,0,0,0.0,0.0,0.0,0.0,0.0,113225519,733,67802304512.0,740097024.0,0.0,0.0,0.9066188544
1122,3,633078602,False,0.0,0,0,0,0.0,0.0,0.0,0.0,0.0,113225519,312782594,9950000640.0,71409600.0,0.0,0.0,0.08747676
1123,2,633077156,False,0.0,0,0,0,0.0,0.0,0.0,0.0,0.0,113225519,649,897541440.0,10012500.0,0.0,0.0,0.0122653125
1124,3,633079204,False,0.260049492120743,4330,3840,6030,0.00177536908996823,6.65403901169336e-05,0.0120034288289117,180.393123752622,6.08429347953796e-05,113225519,1108,35406866432.0,746429376.0,8959711.890625,49667.7018737793,0.9143759856
1125,3,633078476,False,0.302803933620453,11480,6910,5750,0.00183478099717431,0.00011144548725979,0.0156732237472794,140.635786451753,6.28790155273437e-05,113225519,83,27430685696.0,460582208.0,7218808.0,51329.80859375,0.5642132048
1126,3,633078541,False,0.419097483158112,6250,6740,6550,0.0322858184722448,0.00667588844103792,1.6179554383589,242.358070037993,0.001106453840625,113225519,173,11847171072.0,135296992.0,218904504.0,903227.625,0.1657388152
1127,3,633078861,False,0.145377606153488,7770,7250,9030,0.000947497705192219,2.44960025090682e-05,0.00369965252364286,151.030868088509,3.24712993041992e-05,113225519,655,113694003200.0,1082102400.0,4003402.875,26507.1831054688,1.32557544
1128,3,633078771,False,0.698794782161713,7860,5630,5670,0.120772152672224,0.0147381600459642,4.66975914202792,316.848176940965,0.004138932153125,113225519,525,22252602368.0,229249792.0,1070541312.0,3378720.125,0.2808309952
1129,2,633077344,False,0.0445984788239002,4920,1670,8930,7.60863889159896e-05,3.74719494790654e-06,0.000552453944374287,147.431332517922,2.60752495117187e-06,113225519,182305689,98515594368.0,568049388.0,313821.125,2128.591796875,0.6958605003
1130,1,633078231,False,0.104164578020573,9250,3880,3790,9.10769062368454e-05,5.76652128074784e-05,0.01282714959234,222.441711425781,3.12125872802734e-06,113225519,271,4120658176.0,44185500.0,566774.0,2547.96630859375,0.0541272375
1131,1,633078338,False,0.334575772285461,7640,7010,5570,0.00214680222047631,0.00107150280382484,0.242610156536102,226.420455932617,7.35721649414062e-05,113225519,126,3632070144.0,56051100.0,13598566.0,60058.91015625,0.0686625975
1132,3,633079074,False,0.188028648495674,4000,5230,7830,0.000498938537909612,8.52257032014713e-06,0.00214093275481617,251.207402742698,1.70989148681641e-05,113225519,952,175481102336.0,1637803776.0,3506427.75,13958.2978515625,2.0063096256
1133,3,633079107,False,0.0,0,0,0,0.0,0.0,0.0,0.0,0.0,113225519,986,31805839360.0,670462208.0,0.0,0.0,0.8213162048
1134,3,633078841,False,0.0,0,0,0,0.0,0.0,0.0,0.0,0.0,113225519,625,130915020800.0,713068224.0,0.0,0.0,0.8735085744
1135,3,633078962,False,0.0,0,0,0,0.0,0.0,0.0,0.0,0.0,113225519,810,44033265664.0,327052800.0,0.0,0.0,0.40063968
1136,2,633077087,False,0.365425854921341,6400,5840,7800,0.0192832765894258,0.00160268682520837,0.539078235626221,336.359069824219,0.0006608491421875,113225519,559,42669764608.0,336602688.0,181455184.0,539468.6875,0.4123382928
1137,3,633079024,False,0.128051415085793,5150,4600,1140,0.00113183274449896,0.000105000072473453,0.00926757133122906,88.2625231860879,3.87885686767578e-05,113225519,897,34687225856.0,301563008.0,2794756.6875,31664.1376953125,0.3694146848
1138,1,633078334,False,0.0,0,0,0,0.0,0.0,0.0,0.0,0.0,113225519,131,51301277696.0,378129600.0,0.0,0.0,0.46320876
1139,3,633078877,False,0.128051415085793,5150,4600,1140,0.00113183274449896,1.49740274274869e-05,0.00132164544300768,88.2625231860879,3.87885686767578e-05,113225519,677,293631471616.0,2114603960.0,2794756.6875,31664.1376953125,2.590389851
1140,2,633077407,False,0.590985715389252,10580,4470,6580,0.214707366770048,0.00230347809741498,0.646211922199884,280.537471975565,0.00735814675961914,113225519,987,163277833216.0,2607643816.0,1685090522.75,6006650.41601562,3.1943636746
1141,3,633079106,False,0.151382729411125,3100,2830,2620,0.00275420220807447,7.54209200389651e-06,0.000918149103095734,121.736661740719,9.43881169870793e-05,113225519,985,1575423659008.0,10216200496.0,9379995.32244859,77051.5240710852,12.5148456076
1142,3,633079280,False,0.243359789252281,7820,6280,5350,0.00263206039439597,0.000602545925294135,0.169760346498033,281.738435813276,9.02022457519531e-05,113225519,606826651,12990541312.0,122205600.0,20745665.0,73634.486328125,0.14970186
1143,1,633077863,False,0.350160241127014,4810,6720,2850,0.00727112112278513,8.28962631064457e-05,0.00963192464751995,116.192507196033,0.000249185564208984,113225519,840,125504100096.0,2453871616.0,23635506.5,203416.787109375,3.0059927296
1144,1,633077717,False,0.0,0,0,0,0.0,0.0,0.0,0.0,0.0,113225519,1021,119130013696.0,1069978496.0,0.0,0.0,1.3107236576
1145,1,633077727,False,0.201967388391495,9030,3780,3180,0.000584391665222856,2.5546146773684e-05,0.00372712136723505,145.897594664824,2.00274434105158e-05,113225519,1008,57684371456.0,639976492.0,2385270.05786133,16348.9333963394,0.7839712027
1146,3,633078514,False,0.0,0,0,0,0.0,0.0,0.0,0.0,0.0,113225519,139,151127285760.0,1285896576.0,0.0,0.0,1.5752233056
1147,2,633077592,False,0.25512883067131,8510,5750,5910,0.000426349882262377,0.000830170582048595,0.133550897240639,160.871643066406,1.46112592773437e-05,113225519,607344850,2111115264.0,14367600.0,1918805.875,11927.55859375,0.01760031
1148,3,633078856,False,0.0,0,0,0,0.0,0.0,0.0,0.0,0.0,113225519,648,511894274048.0,2945559552.0,0.0,0.0,3.6083104512
1149,2,633077020,False,0.493698984384537,6960,6330,6690,0.0113345600466612,0.00264007970690727,0.65072762966156,246.48030090332,0.0003884419875,113225519,436,6830688656.0,120108304.0,78157792.0,317095.5,0.1471326724
1150,1,633077858,False,0.0,0,0,0,0.0,0.0,0.0,0.0,0.0,113225519,846,16081398784.0,150742800.0,0.0,0.0,0.18465993
1151,1,633077864,False,0.414736568927765,13070,5830,5600,0.00762143306728248,0.00272004678845406,0.894899189472198,329.001403808594,0.000261190958984375,113225519,839,8442625024.0,78387296.0,70148728.0,213217.109375,0.0960244376
1152,3,633078970,False,0.0,0,0,0,0.0,0.0,0.0,0.0,0.0,113225519,821,246637314048.0,1799136000.0,0.0,0.0,2.2039416
1153,3,633079117,False,0.858463883399963,6940,5680,7000,11.8843070929063,0.00073492264620596,0.225454302189013,306.772832968097,0.4072821396,113225519,997,50698099043012.9,452394844160.0,101994363904.0,332475216.0,554.183684096
1154,2,633077054,False,0.0,0,0,0,0.0,0.0,0.0,0.0,0.0,113225519,501,6667615232.0,44468100.0,0.0,0.0,0.0544734225
1155,3,633078821,False,0.0,0,0,0,0.0,0.0,0.0,0.0,0.0,113225519,601,12830678016.0,100506600.0,0.0,0.0,0.123120585
1156,1,633076876,False,0.0,0,0,0,0.0,0.0,0.0,0.0,0.0,113225519,312782620,9280179200.0,68142600.0,0.0,0.0,0.083474685
1157,2,633077041,False,0.0,0,0,0,0.0,0.0,0.0,0.0,0.0,113225519,469,1038561216.0,12598200.0,0.0,0.0,0.015432795
1158,2,633077157,False,0.501422047615051,11890,5370,6820,0.0680291110767727,0.00498250778764486,1.27604591846466,256.105163574219,0.0023313973375,113225519,651,35479592960.0,381972608.0,487414592.0,1903181.5,0.4679164448
1159,2,633077232,False,0.0,0,0,0,0.0,0.0,0.0,0.0,0.0,113225519,765,2056762624.0,25673400.0,0.0,0.0,0.031449915
1160,1,633078071,False,0.0,0,0,0,0.0,0.0,0.0,0.0,0.0,113225519,530,543679872.0,16888500.0,0.0,0.0,0.0206884125
1161,2,633076925,False,0.355732411146164,6250,6080,8800,0.00122309177889151,4.00141765375173e-05,0.0187385483664909,468.297738150918,4.19160690429687e-05,113225519,295,113501157376.0,855126912.0,16023837.0,34217.19921875,1.0475304672
1162,1,633078259,False,0.0,0,0,0,0.0,0.0,0.0,0.0,0.0,113225519,233,13678957568.0,91323904.0,0.0,0.0,0.1118717824
1163,3,633079145,False,0.240586191415787,6440,5370,7300,0.000878903668914815,6.44986749957489e-05,0.0148664777441799,230.492761985572,3.01205416503906e-05,113225519,1031,17442288128.0,381220192.0,5667401.5,24588.197265625,0.4669947352
1164,3,633078581,False,0.106898322701454,10870,6760,3500,0.000652871649381076,8.75485706252004e-06,0.000438851297521792,50.1266090797228,2.23742924316406e-05,113225519,229,15287496320.0,2086239488.0,915548.90625,18264.728515625,2.5556433728
1165,2,633076939,False,0.0905041992664337,10710,4950,5930,0.000190868875984137,0.000683531106915325,0.206073835492134,301.484191894531,6.54118776855469e-06,113225519,318,829342592.0,7812000.0,1609848.75,5339.7451171875,0.0095697
1166,3,633078599,False,0.0,0,0,0,0.0,0.0,0.0,0.0,0.0,113225519,312782598,1507661888.0,14522400.0,0.0,0.0,0.01778994
1167,1,633077656,False,0.0,0,0,0,0.0,0.0,0.0,0.0,0.0,113225519,1102,96624287744.0,743256000.0,0.0,0.0,0.9104886
1168,1,633078410,False,0.19941146671772,5970,4370,5560,0.000817753080331839,0.000221084294025786,0.0797605663537979,360.769927978516,2.80248752929687e-05,113225519,15,14645558272.0,103478400.0,8253496.0,22877.44921875,0.12676104
1169,1,633078131,False,0.0,0,0,0,0.0,0.0,0.0,0.0,0.0,113225519,421,8273179136.0,83316600.0,0.0,0.0,0.102062835
1170,1,633078040,False,0.0760355293750763,5300,4300,5690,8.64492628057547e-05,1.51031390487333e-05,0.00232279789634049,153.795684814453,2.96266668701172e-06,113225519,581,11909298176.0,160132496.0,371955.40625,2418.50341796875,0.1961623076
1171,3,633078982,False,0.541987180709839,5460,6050,7000,0.260627110200343,0.00238882865522987,0.770332361909837,322.472840495841,0.00893184316513672,113225519,835,336912434176.0,3052249280.0,2351246397.0,7291300.54296875,3.739005368
1172,1,633077789,False,0.29041051864624,11780,5400,5240,0.00149156044411565,9.7918072232929e-05,0.0196918947519116,201.105825542278,5.1116646875e-05,113225519,938,17815255040.0,426150904.0,8391718.75,41727.875,0.5220348574
1173,1,633076873,False,0.0,0,0,0,0.0,0.0,0.0,0.0,0.0,113225519,312782624,1128755072.0,12833100.0,0.0,0.0,0.0157205475
1174,3,633078652,False,0.0437427274882793,3880,5030,2220,4.84557456130377e-05,1.62744434325995e-06,0.000185620703413339,114.056560018219,1.66060668029785e-06,113225519,328,116647325696.0,832960768.0,154614.763671875,1355.59729003906,1.0203769408
1175,2,633076882,False,0.0,0,0,0,0.0,0.0,0.0,0.0,0.0,113225519,234,21098395648.0,140768096.0,0.0,0.0,0.1724409176
1176,2,633078249,False,0.0119735980406404,7820,1240,9510,8.25829174653758e-06,3.00696137855994e-06,0.000438322342233732,145.769195556641,2.83016477584839e-07,113225519,312782604,11502942208.0,76833000.0,33677.62109375,231.03385925293,0.094120425
1177,2,633076784,False,0.183045834302902,4510,4540,8890,0.00213511578017585,3.56376332981516e-05,0.00851012570588876,238.796039980863,7.31716638122558e-05,113225519,104,247167847296.0,1676092516.0,14263758.0058594,59731.9704589844,2.0532133321
1178,1,633077660,False,0.22305166721344,12610,5680,4530,0.00186276900698613,0.000104786457086448,0.0217260196805,207.336135864258,6.38381809570312e-05,113225519,1098,27022581760.0,497323808.0,10804867.0,52112.80078125,0.6092216648
1179,3,633078571,False,0.0254837162792683,9570,3420,10440,3.27847762963655e-05,4.08219732633645e-06,0.000633420084818838,155.166454284878,1.12355341644287e-06,113225519,312782632,21279752192.0,224679600.0,142316.571289062,917.186462402344,0.27523251
1180,1,633077830,False,0.0,0,0,0,0.0,0.0,0.0,0.0,0.0,113225519,889,47357661184.0,362163584.0,0.0,0.0,0.4436503904
1181,1,633077851,False,0.0,0,0,0,0.0,0.0,0.0,0.0,0.0,113225519,854,72621228032.0,440530208.0,0.0,0.0,0.5396495048
1182,3,633078893,False,0.371281862258911,5380,7170,8300,0.0516126100596343,3.64488088762128e-05,0.00692647342315636,190.032915662073,0.0017687942671875,113225519,698,4795248842240.0,39614838784.0,274391128.0,1443913.6875,48.5281775104
1183,2,633077337,False,0.0957858562469482,11380,4060,6270,2.55870248945937e-05,1.30785356304841e-05,0.00346044823527336,264.589874267578,8.76882275390625e-07,113225519,912,7608218624.0,54732600.0,189399.328125,715.822265625,0.067047435
1184,3,633078738,False,0.391437888145447,4440,3840,9890,0.0343715450806471,3.20651721155432e-05,0.00430815529913332,134.356219377503,0.0011779329086977,113225519,453,4782627729792.0,29988234000.0,129193969.21875,961577.884651184,36.73558665
1185,2,633077211,False,0.0,0,0,0,0.0,0.0,0.0,0.0,0.0,113225519,729,28625367040.0,235562400.0,0.0,0.0,0.28856394
1186,3,633078460,False,0.468890815973282,3680,5810,6320,0.0539653434949164,0.00038112757622715,0.162177139822195,425.519300984765,0.00184942381503906,113225519,56,619214405632.0,3961229312.0,642420840.0,1509733.7265625,4.8525059072
1187,2,633076835,False,0.0,0,0,0,0.0,0.0,0.0,0.0,0.0,113225519,170,30865765888.0,325046692.0,0.0,0.0,0.3981821977
1188,2,633077486,False,0.196013316512108,10100,4420,8290,0.00182445838870431,1.68641508935252e-05,0.00251846015453339,149.338104248047,6.25252537109375e-05,113225519,1091,536022253568.0,3026599168.0,7622369.5,51041.0234375,3.7075839808
1189,1,633077972,False,0.136909246444702,6390,400,4650,0.000429000034553909,5.25737304997165e-05,0.00766178220510483,145.734039306641,1.47020815429687e-05,113225519,671,26335082496.0,228283200.0,1749056.125,12001.69921875,0.27964692
1190,3,633078788,False,0.233120083808899,6510,5350,8550,0.00331885552902411,0.000397285575121903,0.131434041877604,330.830138590545,0.000113739115820312,113225519,551,34328089600.0,233706592.0,30717002.0,92848.2578125,0.2862905752
1191,1,633078417,False,0.158058419823647,5700,4980,4360,0.000207728235880175,6.15760200162185e-06,0.00060937600210309,98.9632034301758,7.11896787109375e-06,113225519,6,23632576512.0,943776896.0,575115.0,5811.40234375,1.1561266976
1192,2,633077378,False,0.217274606227875,7340,3310,6180,0.00142880012014824,0.000133625279142793,0.0306835869366209,229.624118530987,4.89658139465332e-05,113225519,958,21245042688.0,299135712.0,9178556.625,39972.0930175781,0.3664412472
1193,2,633078223,False,0.0,0,0,0,0.0,0.0,0.0,0.0,0.0,113225519,312782566,14503489536.0,100518304.0,0.0,0.0,0.1231349224
1194,2,633077048,False,0.0459253787994385,2570,4130,5750,6.41448732028283e-05,9.4757979240967e-06,0.0011693105334416,123.399688720703,2.19828223876953e-06,113225519,484,62843568128.0,189378896.0,221442.734375,1794.51611328125,0.2319891476
1195,1,633078405,False,0.116521291434765,6720,350,4340,0.00011313961605328,2.86294390527171e-06,0.000435665016959863,152.173787323477,3.87736066894531e-06,113225519,22,171697450624.0,1105572616.0,481659.3125,3165.1923828125,1.3543264546
1196,1,633078372,False,0.261543482542038,5150,5600,5400,0.004860284913684,0.00303585221990943,1.16325700283051,383.173126220703,0.000166564800390625,113225519,72,6344337408.0,44788500.0,52100536.0,135971.265625,0.0548659125
1197,1,633078169,False,0.0,0,0,0,0.0,0.0,0.0,0.0,0.0,113225519,355,837649280.0,9283500.0,0.0,0.0,0.0113722875
1198,3,633078598,False,0.0,0,0,0,0.0,0.0,0.0,0.0,0.0,113225519,249,9404014080.0,71445600.0,0.0,0.0,0.08752086
1199,1,633077744,False,0.151382729411125,3100,2830,2620,0.00123786239728934,6.77951100405744e-06,0.000876736169384336,129.321446467101,4.24222667554021e-05,113225519,985,766010450944.0,5108100248.0,4478456.2442627,34630.4218411446,6.2574228038
1200,1,633077977,False,0.0,0,0,0,0.0,0.0,0.0,0.0,0.0,113225519,664,47112204288.0,442416608.0,0.0,0.0,0.5419603448
1201,2,633077039,True,0.686500310897827,6700,5710,6600,0.00401321302261881,0.246129148825069,464.993077787887,1889.22392982544,0.00013753515234375,113225519,467,314337248.0,456157.2421875,212109960.0,112273.59375,0.000558792621679687
1202,3,633079036,False,0.160154119133949,3110,3070,6550,0.000489938387547679,8.15665586311479e-05,0.0175612663710242,215.299832011278,1.67904744628906e-05,113225519,910,16431310336.0,168040800.0,2951009.25,13706.509765625,0.20584998
1203,2,633077196,False,0.355732411146164,6250,6080,8800,0.0104993426302826,7.32756307115778e-05,0.0240922532975674,328.789428710938,0.00035981859921875,113225519,703,490831613952.0,4008556032.0,96575144.0,293729.46875,4.9104811392
1204,1,633077722,False,0.0,0,0,0,0.0,0.0,0.0,0.0,0.0,113225519,1015,88808374272.0,538884928.0,0.0,0.0,0.6601340368
1205,1,633077934,False,0.118616156280041,10350,4130,3840,0.000456560431542086,4.10149868912413e-06,0.000907864130567759,221.349349975586,1.56465924316406e-05,113225519,728,130434228224.0,3114161152.0,2827235.25,12772.728515625,3.8148474112
1206,2,633077429,False,5.65111186006106e-05,7390,4070,8500,2.09708630480638e-09,2.4903148448588e-10,4.99810434363111e-08,200.701704603721,7.18683714978397e-11,113225519,1014,17475148864.0,235584904.0,11.7747793197632,0.0586680583655834,0.2885915074
1207,1,633077990,False,0.111950509250164,7670,7310,2280,0.000298795045218307,7.43721261963675e-06,0.00103152459393505,138.697741572088,1.02398805725098e-05,113225519,647,113890848768.0,1123954176.0,1159386.375,8359.08618164062,1.3768438656
1208,1,633077774,False,0.0,0,0,0,0.0,0.0,0.0,0.0,0.0,113225519,954,18042411008.0,133981200.0,0.0,0.0,0.16412697
1209,1,633078376,False,0.0,0,0,0,0.0,0.0,0.0,0.0,0.0,113225519,64,12323060736.0,72501296.0,0.0,0.0,0.0888140876
1210,2,633077247,False,0.143591210246086,5680,6800,8310,0.000255990067804481,1.33555304273614e-05,0.00298077752813697,223.186752319336,8.77292901611328e-06,113225519,788,57995509760.0,536225408.0,1598368.625,7161.57470703125,0.6568761248
1211,2,633076910,False,0.445680379867554,4780,6640,5790,0.0415431059341117,0.0142545010894537,4.32427883148193,303.362335205078,0.001423706484375,113225519,272,7671697920.0,81532800.0,352570560.0,1162209.375,0.09987768
1212,1,633078316,False,0.0,0,0,0,0.0,0.0,0.0,0.0,0.0,113225519,155,61335388160.0,457417792.0,0.0,0.0,0.5603367952
1213,3,633078770,False,0.554297864437103,5410,6050,6520,0.148901467822312,0.00833171432966659,2.9203701277518,350.512513055481,0.00510294019921875,113225519,523,66105049088.0,499976992.0,1460117872.0,4165665.46875,0.6124718152
1214,1,633077963,False,0.17179511487484,7330,5180,4910,0.000228007992211434,1.52627744682832e-05,0.00321836583316326,210.863754272461,7.8139669555664e-06,113225519,685,35843555328.0,417928512.0,1345046.875,6378.74853515625,0.5119624272
1215,1,633077918,False,0.0,0,0,0,0.0,0.0,0.0,0.0,0.0,113225519,755,20774311936.0,174364192.0,0.0,0.0,0.2135961352
1216,1,633078178,False,0.0,0,0,0,0.0,0.0,0.0,0.0,0.0,113225519,344,44119093248.0,338659200.0,0.0,0.0,0.41485752
1217,3,633078748,False,0.201967388391495,9030,3780,3180,0.000733992084662585,3.26011586172115e-05,0.004701989878556,144.227692449974,2.51543370895624e-05,113225519,475,56671757312.0,629859600.0,2961593.46411133,20534.1527261734,0.77157801
1218,1,633076908,False,0.0,0,0,0,0.0,0.0,0.0,0.0,0.0,113225519,312782578,3653681152.0,33368400.0,0.0,0.0,0.04087629
1219,1,633078408,False,0.184997707605362,4710,2840,5690,0.000472248935166226,0.000233584039960988,0.034248236566782,146.620620727539,1.61842466064453e-05,113225519,19,12109500416.0,56560500.0,1937097.375,13211.6298828125,0.0692866125
1220,3,633078825,False,0.187628820538521,11710,5070,7970,0.00190520362806072,3.63486298208959e-05,0.00526516863946569,144.851915062803,6.52924401855469e-05,113225519,607,101718159360.0,1466353792.0,7720600.0,53299.951171875,1.7962833952
1221,3,633078524,False,0.300393313169479,7740,6070,4990,0.00406872449763372,0.000594729496756325,0.139380973284427,234.360283195328,0.000139437562988281,113225519,606826647,14128084992.0,191392192.0,26676430.0,113826.58203125,0.2344554352
1222,3,633078986,False,0.350160241127014,4810,6720,2850,0.0131926506900993,7.60658148557552e-05,0.0086872785614623,114.207394976786,0.000452119838208008,113225519,840,251321595136.0,4852080000.0,42151370.5625,369077.418945312,5.943798
1223,3,633078444,False,0.168613195419312,4180,3050,5850,0.00210980411175931,1.18382111755458e-05,0.00220104313447129,185.927003821151,7.23042181640625e-05,113225519,31,728038052480.0,4985875880.0,10974127.875,59023.8515625,6.107697953
1224,1,633078399,False,0.0,0,0,0,0.0,0.0,0.0,0.0,0.0,113225519,28,51665489920.0,471904192.0,0.0,0.0,0.5780826352
1225,2,633077283,False,0.0,0,0,0,0.0,0.0,0.0,0.0,0.0,113225519,838,56632168448.0,288421184.0,0.0,0.0,0.3533159504
1226,3,633078762,False,0.0,0,0,0,0.0,0.0,0.0,0.0,0.0,113225519,506,468460256.0,10661400.0,0.0,0.0,0.013060215
1227,1,633078081,False,0.223632887005806,11260,4210,4720,0.0194095813396505,2.24111809075112e-05,0.00361271016299725,161.201232910156,0.0006651776796875,113225519,512,3331490109440.0,24229074944.0,87532624.0,543002.1875,29.6806168064
1228,2,633077588,False,0.255284339189529,8500,5770,5850,0.000487874850235852,0.000442976830527186,0.051230076700449,115.649566650391,1.67197558349609e-05,113225519,607344838,4724022784.0,30811500.0,1578475.5,13648.7802734375,0.0377440875
1229,3,633079262,False,0.329387962818146,5050,6700,6870,0.00759017397645202,0.000647685380900795,0.147354348405146,227.509146802428,0.000260119691699219,113225519,298,28107572224.0,327848384.0,48309885.0,212342.60546875,0.4016142704
1230,2,633076778,False,0.187628820538521,11710,5070,7970,0.000521652423515331,5.2974108257331e-05,0.00979835819453001,184.965042114258,1.78773329833984e-05,113225519,96,26061717504.0,275488192.0,2699332.0,14593.7412109375,0.3374730352
1231,3,633078834,False,0.326339721679688,9770,3720,6800,0.0217027539286528,0.00122340132790464,0.318144528771586,260.049193600666,0.000743766042578125,113225519,616,36362661888.0,496285184.0,157890416.0,607155.953125,0.6079493504
1232,3,633078701,False,0.447484344244003,12970,5680,6240,0.0189447885409347,0.000289195927516027,0.0522869170433713,180.801014358937,0.000649248959228515,113225519,395,97744709632.0,1832664640.0,95824384.0,529999.150390625,2.245014184
1233,3,633079274,False,0.351518511772156,9830,5200,7200,0.0128417646884764,0.0012419462711977,0.288843861298129,232.573556519136,0.000440094770159912,113225519,549009215,19594885120.0,289272608.0,83554617.0625,359261.036865234,0.3543589448
1234,3,633078593,False,0.520042836666107,4560,5220,6010,0.118492488459589,0.00120654131439117,0.364542284943043,302.138253033626,0.00406080673017578,113225519,242,284850288640.0,2747476800.0,1001571470.5,3314944.26953125,3.36565908
1235,2,633076995,False,0.0,0,0,0,0.0,0.0,0.0,0.0,0.0,113225519,393,355196640.0,3960900.0,0.0,0.0,0.0048521025
1236,3,633079104,False,0.458993494510651,8430,5700,3960,0.0241923565178246,5.42395707238464e-05,0.00710274527800074,130.951354946436,0.000829086176208532,113225519,983,525204542464.0,12478067816.0,88628537.258667,676805.041802883,15.2856330746
1237,2,633077509,False,0.554003715515137,9130,5580,5830,0.120467366727712,0.00216328383509215,0.611565802138658,282.702524845801,0.0041284869609375,113225519,1117,92337310720.0,1557906264.0,952762194.0,3370193.4375,1.9084351734
1238,2,633076826,False,0.27572625875473,7880,3130,5810,0.00122188482860657,0.00144802103750408,0.209109738469124,144.410690307617,4.18747061523437e-05,113225519,158,983545344.0,23607000.0,4936453.5,34183.43359375,0.028918575
1239,2,633077000,False,0.0,0,0,0,0.0,0.0,0.0,0.0,0.0,113225519,401,4054330368.0,26936100.0,0.0,0.0,0.0329967225
1240,2,633077201,False,0.165062770247459,12700,5280,6430,0.00118349085200451,0.00022086754324846,0.0450031310319901,203.756195068359,4.05589221679687e-05,113225519,711,9376220160.0,149905792.0,6746230.0,33109.32421875,0.1836345952
1241,3,633078767,False,0.485659897327423,5320,5960,5960,0.0196154388305148,0.00150025774625695,0.556760808217479,371.110103984841,0.000672232536035156,113225519,515,45034983424.0,365777984.0,203650846.0,548761.25390625,0.4480780304
1242,2,633076780,False,0.30125480890274,4130,3920,6380,0.000358327014542272,0.000163218996021897,0.0592445880174637,362.976043701172,1.22800759033203e-05,113225519,98,4022614528.0,61417800.0,3638672.25,10024.5517578125,0.075236805
1243,3,633078963,False,0.0,0,0,0,0.0,0.0,0.0,0.0,0.0,113225519,811,141979303936.0,1013916608.0,0.0,0.0,1.2420478448
1244,3,633079157,False,0.388453662395477,10530,6550,6280,0.0114390246377272,0.000135521684418105,0.0193562765726136,142.827892493547,0.00039202205,113225519,1048,94251290624.0,2361378560.0,45707496.5,320018.0,2.892688736
1245,3,633078435,False,0.116521291434765,6720,350,4340,0.000121397907799818,1.53595801529215e-06,0.000233063358360963,151.738104844377,4.16037714653015e-06,113225519,22,348437806592.0,2211145232.0,515336.93359375,3396.22624206543,2.7086529092
1246,1,633078212,False,0.0,0,0,0,0.0,0.0,0.0,0.0,0.0,113225519,301,9152358016.0,153478800.0,0.0,0.0,0.18801153
1247,2,633077471,False,0.0,0,0,0,0.0,0.0,0.0,0.0,0.0,113225519,1070,99648151552.0,543617088.0,0.0,0.0,0.6659309328
1248,3,633078949,False,0.0,0,0,0,0.0,0.0,0.0,0.0,0.0,113225519,791,25744198656.0,163215008.0,0.0,0.0,0.1999383848
1249,2,633077218,False,0.150750398635864,7330,4890,6000,0.00111700239872433,0.000322602485539392,0.0916382744908333,284.059417724609,3.82803240722656e-05,113225519,741,12663769088.0,96866096.0,8876642.0,31249.244140625,0.1186609676
1250,2,633077328,False,0.0406963489949703,12860,4840,6700,7.1526221043112e-05,2.17204797081649e-05,0.00260308501310647,119.8447265625,2.45124533691406e-06,113225519,903,6460511232.0,92125800.0,239811.28125,2001.0166015625,0.112854105
1251,2,633077026,False,0.384456902742386,6580,4170,5750,0.05152541613964,0.00158777687627292,0.509063453825878,320.613973810246,0.00176580608066406,113225519,444,107847617536.0,907857000.0,462156820.0,1441474.3515625,1.112124825
1252,3,633078839,False,0.0,0,0,0,0.0,0.0,0.0,0.0,0.0,113225519,622,3312608512.0,43470000.0,0.0,0.0,0.05325075
1253,2,633077038,False,0.0750698074698448,7720,5400,8040,0.000152583617760788,6.81145775160985e-06,0.00108697207178921,159.579940795898,5.22912962646484e-06,113225519,466,39797669888.0,626690688.0,681195.25,4268.67724609375,0.7676960928
1254,1,633077877,False,0.0,0,0,0,0.0,0.0,0.0,0.0,0.0,113225519,821,118629179392.0,899568000.0,0.0,0.0,1.1019708
1255,1,633078247,False,0.0767094865441322,7040,2380,1000,0.000428774071720384,4.60049254607173e-06,0.000401580460424851,87.2907534145996,1.46943376647949e-05,113225519,247,343756733440.0,2607411612.0,1047085.55566406,11995.3776855469,3.1940792247
1256,3,633078915,False,0.0,0,0,0,0.0,0.0,0.0,0.0,0.0,113225519,733,142122520576.0,1480194048.0,0.0,0.0,1.8132377088
1257,3,633079272,False,0.363960027694702,8360,4230,5630,0.0029128223174245,0.00553579237826418,2.55724300970082,461.947059239726,9.9824120703125e-05,113225519,549009211,2220680704.0,14720400.0,37643640.0,81489.078125,0.01803249
1258,2,633076754,True,0.0,0,0,0,0.0,0.0,0.0,0.0,0.0,113225519,54,23850.41796875,212.881469726562,0.0,0.0,2.60779800415039e-07
1259,1,633078284,False,0.0,0,0,0,0.0,0.0,0.0,0.0,0.0,113225519,203,1948905984.0,27583200.0,0.0,0.0,0.03378942
1260,3,633079094,False,0.0,0,0,0,0.0,0.0,0.0,0.0,0.0,113225519,973,37357545472.0,271429184.0,0.0,0.0,0.3325007504
1261,2,633077311,False,0.299033641815186,4330,3470,9770,0.00707660922989371,0.000563589506782591,0.0794061794877052,140.893646240234,0.000242519528125,113225519,878,49141432320.0,351275392.0,27893438.0,197975.125,0.4303123552
1262,1,633077685,False,0.0485493652522564,12930,2540,4320,6.17668615663782e-05,7.511906687796e-07,8.91214367584325e-05,118.640235900879,2.11678639221191e-06,113225519,1064,322647523328.0,2300333312.0,205009.015625,1727.98889160156,2.8179083072
1263,3,633078674,False,0.121200583875179,5290,1680,9240,0.00115502541683848,1.18921349685482e-05,0.00154049718749636,129.539161098542,3.95833950927734e-05,113225519,353,453712816768.0,2717171952.0,4185795.75,32312.9755859375,3.3285356412
1264,1,633077477,False,0.147021055221558,8410,5910,5450,0.000327575508860272,0.000264969101408496,0.0412119030952454,155.534744262695,1.12262038574219e-05,113225519,606826659,3500228864.0,34586100.0,1425359.0,9164.248046875,0.0423679725
1265,1,633077883,False,0.161131590604782,9500,4450,5570,0.000260777673338785,0.000350005400832742,0.0324565470218658,92.731559753418,8.93700305175781e-06,113225519,812,434737632.0,20844000.0,676524.25,7295.5126953125,0.0255339
1266,1,633078385,False,0.342796742916107,7470,3510,5420,0.00314983445686875,0.00114712794311345,0.340425550937653,296.763366699219,0.000107946665039062,113225519,50,5847054336.0,76817696.0,26150706.0,88119.7265625,0.0941016776
1267,1,633078251,False,0.315964877605438,4670,4430,5600,0.00359514507571049,7.32146167485382e-05,0.0195306402587276,266.75875837481,0.000123207719824219,113225519,242,145259939840.0,1373738400.0,26829990.5,100577.73046875,1.68282954
1268,3,633078508,False,0.10408042371273,7750,5510,9330,0.000158437829305945,5.86102567723308e-06,0.00108133279568698,184.495488543477,5.42975687255859e-06,113225519,131,99921108992.0,756259200.0,817767.875,4432.45458984375,0.92641752
1269,2,633077365,False,0.0541746877133846,12910,2460,6950,9.21552061494055e-05,5.43876512892894e-06,0.00073352491017431,134.869766235352,3.1582126953125e-06,113225519,944,86496518144.0,474029088.0,347712.15625,2578.1328125,0.5806856328
1270,2,633077427,False,0.0,0,0,0,0.0,0.0,0.0,0.0,0.0,113225519,1010,14273534976.0,81598496.0,0.0,0.0,0.0999581576
1271,3,633079140,False,0.193234845995903,12190,5030,8530,0.00197807209957688,1.25915308556774e-05,0.00170630243113647,135.511912784387,6.77896852294922e-05,113225519,1025,652956368896.0,4394899968.0,7499028.5,55338.5185546875,5.3837524608
1272,2,633076879,False,0.109874591231346,9450,4630,6010,0.000329871283569301,0.000476214976515621,0.0837849229574203,175.93928527832,1.13048813964844e-05,113225519,231,1229573760.0,19378800.0,1623651.25,9228.474609375,0.02373903
1273,1,633077872,False,0.0249668098986149,10890,1500,4130,1.16772378979591e-05,3.6385534940564e-07,4.39573414041661e-05,120.809936523438,4.00185757446289e-07,113225519,828,89935740928.0,897835520.0,39466.4609375,326.682250976562,1.099848512
1274,3,633079043,False,0.293108969926834,11740,5140,3420,0.00779705997215187,0.000524967859682753,0.0682080710063729,129.928089402639,0.000267209795507812,113225519,153,16288411136.0,415512000.0,28341272.0,218130.4453125,0.5090022
1275,2,633078280,False,0.0,0,0,0,0.0,0.0,0.0,0.0,0.0,113225519,312782640,4213727232.0,27284400.0,0.0,0.0,0.03342339
1276,1,633078211,False,0.060833215713501,9210,1920,4030,0.000243230810198736,7.01215138799202e-06,0.000907115600357539,129.363379391799,8.33566181182861e-06,113225519,302,116973905920.0,970404304.0,880268.8828125,6804.62188720703,1.1887452724
1277,2,633078283,False,0.0,0,0,0,0.0,0.0,0.0,0.0,0.0,113225519,312782644,24365905920.0,173325600.0,0.0,0.0,0.21232386
1278,2,633077210,False,0.453274488449097,10480,3550,6980,0.00323001594544133,2.9016764528933e-05,0.00793007202446461,273.292755126953,0.000110694531445312,113225519,728,135053492224.0,3114161152.0,24695522.0,90362.8828125,3.8148474112
1279,3,633078509,False,0.0313520990312099,3910,3250,6530,1.13721699646074e-05,1.65433085070379e-05,0.00299392556106743,180.975018376388,3.8973090133667e-07,113225519,132,1456868352.0,19231200.0,57576.78125,318.147674560547,0.02355822
1280,1,633077881,False,0.0,0,0,0,0.0,0.0,0.0,0.0,0.0,113225519,816,17117964288.0,105716704.0,0.0,0.0,0.1295029624
1281,1,633077822,False,0.106898322701454,10870,6760,3500,0.000387912142978531,1.01430504563147e-05,0.000397921782551381,39.2309773342051,1.32939755203247e-05,113225519,901,7767032064.0,1069917276.0,425743.389648438,10852.2249145508,1.3106486631
1282,3,633078680,False,0.404924005270004,7340,3510,5150,0.020524459357867,0.000461179498920578,0.134362427663687,291.345187672416,0.0007033852,113225519,362,139629256704.0,1245051008.0,167288076.0,574192.0,1.5251874848
1283,3,633079118,False,0.402847081422806,5240,5800,7570,0.00333123053941894,0.000241673603018396,0.0757594323448786,313.47830875477,0.000114163214648437,113225519,998,47525953536.0,385621184.0,29214442.0,93194.4609375,0.4723859504
1284,3,633079271,False,0.255284339189529,8500,5770,5850,0.000789900615058319,0.00035860391450331,0.0411488861707479,114.747453963914,2.70703550537109e-05,113225519,607344838,9177920512.0,61623000.0,2535717.8125,22098.2490234375,0.075488175
1285,3,633079123,False,0.0252190735191107,6730,590,8090,4.03397000358805e-05,6.09772692145304e-06,0.000408798493802884,67.0411284514312,1.38246506195068e-06,113225519,1006,25341843456.0,185076000.0,75658.7900390625,1128.54290771484,0.2267181
1286,2,633077496,False,0.263266623020172,8320,3240,6870,0.013607442138969,0.000406686879622288,0.107008298501906,263.122082033458,0.000466334983227634,113225519,1100,97070713856.0,936055816.0,100165740.172974,380681.618961334,1.1466683746
1287,2,633077306,False,0.0,0,0,0,0.0,0.0,0.0,0.0,0.0,113225519,869,2523358720.0,16487100.0,0.0,0.0,0.0201966975
1288,1,633077718,False,0.0,0,0,0,0.0,0.0,0.0,0.0,0.0,113225519,1020,58102853632.0,563678080.0,0.0,0.0,0.690505648
1289,1,633078026,False,0.543859720230103,6580,4440,5610,0.00530523291685129,0.00132155418395996,0.443532407283783,335.614227294922,0.000181813428125,113225519,599,12803173376.0,112306496.0,49811572.0,148419.125,0.1375754576
1290,1,633078147,False,0.43557533621788,5830,6740,4630,0.00439642197214344,0.00582201965153217,1.65340566635132,283.991760253906,0.000150667946679687,113225519,390,1832109696.0,21125700.0,34929352.0,122994.2421875,0.0258789825
1291,2,633077381,False,0.271852970123291,4430,6040,9020,0.00598389586788157,3.2162010029424e-05,0.00463846093043685,144.221740722656,0.000205071603515625,113225519,961,645619777536.0,5205066240.0,24143496.0,167405.390625,6.376206144
1292,1,633077572,False,0.146237939596176,8670,5200,5350,0.000149684036291185,0.000428123195888475,0.104084603488445,243.118347167969,5.12975927734375e-06,113225519,607344830,746744448.0,9781200.0,1018072.3125,4187.55859375,0.01198197
1293,2,633077443,False,0.240586191415787,6440,5370,7300,0.000878903668914815,0.000128997344290838,0.0297329556196928,230.492767333984,3.01205416503906e-05,113225519,1031,9285116928.0,190610096.0,5667401.5,24588.197265625,0.2334973676
1294,1,633078023,False,0.0467967092990875,6400,2720,3850,5.71791737539216e-05,2.34831009038317e-06,0.000307306967442855,130.863021850586,1.95956365356445e-06,113225519,603,42410528768.0,681189312.0,209334.21875,1599.64379882812,0.8344569072
1295,2,633077513,False,0.0,0,0,0,0.0,0.0,0.0,0.0,0.0,113225519,1125,37449773056.0,278974784.0,0.0,0.0,0.3417441104
1296,3,633078840,False,0.557220995426178,4620,6250,6030,1.08273495757865,0.000619515916535036,0.194761536926929,314.376970354909,0.0371059588661729,113225519,623,6035224906368.0,48893947448.0,9522660351.39697,30290578.6662636,59.8950856238
1297,3,633078951,False,0.106898322701454,10870,6760,3500,0.000238320582323855,4.56789664791911e-06,0.000403236537140292,88.2761954178593,8.16738543701172e-06,113225519,794,11971361792.0,1459589376.0,588559.765625,6667.25341796875,1.7879969856
1298,1,633078185,False,0.0,0,0,0,0.0,0.0,0.0,0.0,0.0,113225519,335,2810618112.0,24252300.0,0.0,0.0,0.0297090675
1299,2,633077231,False,0.13011135160923,4810,6630,5740,0.000152322669216856,0.00109299703035504,0.361042112112045,330.323028564453,5.22018676757812e-06,113225519,763,213630688.0,3898800.0,1407631.0,4261.376953125,0.00477603
1300,3,633079125,False,0.201967388391495,9030,3780,3180,0.000733992084662585,1.60428960929501e-05,0.00231382988370089,144.227692449974,2.51543370895624e-05,113225519,1008,117926162432.0,1279952984.0,2961593.46411133,20534.1527261734,1.5679424054
1301,1,633077969,False,0.0,0,0,0,0.0,0.0,0.0,0.0,0.0,113225519,675,9492318208.0,75567600.0,0.0,0.0,0.09257031
1302,3,633079278,False,0.239028796553612,10210,5370,7540,0.000742031122263105,0.000518281820719611,0.10474663326143,202.103622149034,2.54298395996094e-05,113225519,549009227,2245979392.0,40053600.0,4195479.75,20759.052734375,0.04906566
1303,3,633079082,False,0.271852970123291,4430,6040,9020,0.0126790401104277,3.40734046306777e-05,0.00479208387557427,140.640007287671,0.00043451810390625,113225519,961,1212825600000.0,10410132480.0,49886228.0,354708.65625,12.752412288
1304,3,633079149,False,0.0,0,0,0,0.0,0.0,0.0,0.0,0.0,113225519,1038,163312345088.0,1166439552.0,0.0,0.0,1.4288884512
1305,1,633078404,False,0.185718461871147,5740,6900,4080,0.000779700007144939,9.80501645244658e-05,0.0251764133572578,256.770751953125,2.67207742675781e-05,113225519,23,27180720128.0,222466496.0,5600908.5,21812.876953125,0.2725214576
1306,1,633078104,False,0.0,0,0,0,0.0,0.0,0.0,0.0,0.0,113225519,461,1391188480.0,15149700.0,0.0,0.0,0.0185583825
1307,3,633078451,False,0.293491631746292,8700,2800,6320,0.00530138502976751,0.000498923795864403,0.125965580003449,252.474588399235,0.000181681558789062,113225519,42,29504163840.0,297262784.0,37444879.0,148311.4765625,0.3641469104
1308,3,633079152,False,0.352574527263641,9660,4820,6190,0.00612570889601543,0.000378123990552899,0.0397793227282917,105.201795501327,0.00020993161875,113225519,1043,12544807936.0,453218400.0,18028721.0,171372.75,0.55519254
1309,2,633077192,False,0.371281862258911,5380,7170,8300,0.0310727312276969,4.40489275206346e-05,0.00953606609255075,216.488037109375,0.0010648806328125,113225519,698,2402193947136.0,19734652928.0,188190960.0,869290.3125,24.1749498368
1310,1,633078020,False,0.151310533285141,11730,5070,3410,0.000910767875524698,3.47523633407189e-05,0.00431368373342741,124.126341887463,3.12125466064453e-05,113225519,607,52130220032.0,733176896.0,3162693.25,25479.6298828125,0.8981416976
1311,1,633078250,False,0.0,0,0,0,0.0,0.0,0.0,0.0,0.0,113225519,243,1103296384.0,13707000.0,0.0,0.0,0.016791075
1312,3,633078855,False,0.145377606153488,7770,7250,9030,0.00113882209355505,1.41730296088421e-05,0.00208815558286604,147.333043145787,3.90280977478027e-05,113225519,647,241222737920.0,2247908352.0,4693982.375,31859.6716308594,2.7536877312
1313,1,633077794,False,0.13448503613472,8460,5250,5100,0.00018376877520672,1.66059987451191e-05,0.00159545775109283,96.0771932830462,6.29786317138672e-06,113225519,932,7334660128.0,309593712.0,493943.6875,5141.11279296875,0.3792522972
1314,3,633078921,False,0.0,0,0,0,0.0,0.0,0.0,0.0,0.0,113225519,744,918347552.0,60242400.0,0.0,0.0,0.07379694
1315,2,633076892,False,0.477248996496201,9100,4400,7110,0.0674111838077114,0.0304180439561605,7.19991970062256,236.698959350586,0.002310220609375,113225519,246,5229867008.0,61999200.0,446389248.0,1885894.375,0.07594902
1316,2,633077557,False,0.858463883399963,6940,5680,7000,2.13525744387112,0.024028648233789,8.27522857882407,344.390100446328,0.0731765187097656,113225519,290,248804829536.0,2486029720.0,20572464186.75,59735933.640625,3.045386407
1317,3,633079163,False,0.264545172452927,4530,4400,9900,0.00344966514489333,6.06401747418946e-05,0.00838967016021269,138.351681800424,0.000118222037694931,113225519,1057,219092653440.0,1591482648.0,13352014.4824219,96507.7858734131,1.9495662438
1318,2,633077522,False,0.0504466444253922,8360,3120,5740,4.27345391096203e-05,0.000183503070729785,0.0256535951048136,139.799255371094,1.46453759460449e-06,113225519,599626923,402121984.0,6515100.0,167135.734375,1195.54089355469,0.0079809975
1319,3,633078650,False,0.370254218578339,9820,4170,6640,0.0107047517734647,0.00038855905555394,0.0473791390267233,121.935490498808,0.000366858090429687,113225519,326,17300458144.0,770734816.0,36516752.0,299475.9921875,0.9441501496
1320,3,633078859,False,0.0,0,0,0,0.0,0.0,0.0,0.0,0.0,113225519,653,1630199552.0,27298800.0,0.0,0.0,0.03344103
1321,2,633077623,False,0.0,0,0,0,0.0,0.0,0.0,0.0,0.0,113225519,484682508,18423965696.0,146985296.0,0.0,0.0,0.1800569876
1322,2,633076958,False,0.0,0,0,0,0.0,0.0,0.0,0.0,0.0,113225519,338,568670016.0,9322200.0,0.0,0.0,0.011419695
1323,2,633076741,False,0.0,0,0,0,0.0,0.0,0.0,0.0,0.0,113225519,33,61535981568.0,481888800.0,0.0,0.0,0.59031378
1324,2,633077058,False,0.0,0,0,0,0.0,0.0,0.0,0.0,0.0,113225519,510,1543069056.0,22420800.0,0.0,0.0,0.02746548
1325,3,633078429,False,0.376823037862778,9040,4890,5580,0.0373607869451018,0.0133800952808885,3.16753337327373,236.734739684409,0.001280375971875,113225519,12,6282511360.0,78116400.0,247436304.0,1045204.875,0.09569259
1326,2,633077321,False,0.0541716106235981,9290,3700,10600,0.000209378716657944,7.60223512731558e-06,0.000910066641643839,119.710404427493,7.17553081054687e-06,113225519,895,90552097280.0,770507104.0,701212.8125,5857.576171875,0.9438712024
1327,3,633078554,False,0.0,0,0,0,0.0,0.0,0.0,0.0,0.0,113225519,312782652,2999135232.0,29453400.0,0.0,0.0,0.036080415
1328,3,633078883,False,0.0,0,0,0,0.0,0.0,0.0,0.0,0.0,113225519,687,234430300160.0,1510875008.0,0.0,0.0,1.8508218848
1329,3,633078711,False,0.298755168914795,7560,4620,5990,0.007483210904745,0.00331950997846423,1.0560247024574,318.126684151728,0.00025645400480957,113225519,414,7627248128.0,63066600.0,66599887.5,209350.208007812,0.077256585
1330,2,633076985,False,0.0386264212429523,7760,5400,8040,4.48336863702187e-05,1.64624329285315e-07,2.5125174261009e-05,152.62127031943,1.53647659626007e-06,113225519,375,1210434060288.0,7618962608.0,191427.763214111,1254.26660919189,9.3332291948
1331,3,633079217,False,0.0,0,0,0,0.0,0.0,0.0,0.0,0.0,113225519,1128,90192924672.0,499734016.0,0.0,0.0,0.6121741696
1332,2,633076733,False,0.355381458997726,5880,6220,7620,0.0095377757825026,0.00119941064622253,0.407415091991425,339.679412841797,0.0003268651421875,113225519,23,26588950528.0,222466496.0,90636208.0,266828.6875,0.2725214576
1333,1,633077773,False,0.0890673398971558,11960,6760,4770,4.11995268844245e-05,4.99422367283842e-06,0.000808564946055412,161.900024414062,1.41193182983398e-06,113225519,955,8548668928.0,230786096.0,186605.546875,1152.59741210938,0.2827129676
1334,3,633078572,False,0.437986552715302,11540,4450,7400,0.001836403622031,0.000161392496319355,0.104007573300774,644.438717243515,6.2934623828125e-05,113225519,217,18960586752.0,318324608.0,33108170.0,51375.203125,0.3899476448
1335,2,633077104,False,0.0,0,0,0,0.0,0.0,0.0,0.0,0.0,113225519,496345672,4209550848.0,43132500.0,0.0,0.0,0.0528373125
1336,1,633078063,False,0.146486014127731,8860,1190,5160,0.00123292596624898,8.09038465376943e-05,0.012340291403234,152.530349731445,4.22530923828125e-05,113225519,542,43414429696.0,426337216.0,5261125.5,34492.3203125,0.5222630896
1337,3,633078703,False,0.13636203110218,9760,6370,7130,0.00103028831267885,3.56381334600613e-05,0.00651626953717638,182.845421589741,3.53085817382812e-05,113225519,398,33759430656.0,808777824.0,5270214.296875,28823.33203125,0.9907528344
1338,1,633078364,False,0.226509377360344,5690,6820,5120,0.003791075526147,0.000331675808411092,0.116056598722935,349.909729003906,0.000129922370703125,113225519,88,40851914752.0,319767296.0,37111104.0,106059.078125,0.3917149376
1339,1,633078411,False,0.376823037862778,9040,4890,5580,0.0105067407161106,0.00752560142427683,1.7838728427887,237.040588378906,0.0003600721359375,113225519,12,2893463808.0,39058200.0,69674864.0,293936.4375,0.047846295
1340,2,633077170,False,0.0842703059315681,8450,1380,9650,0.000154925209220343,7.15127526556513e-07,9.09217486460044e-05,127.140608170701,5.30937733230591e-06,113225519,669,846816184096.0,6060717028.0,551050.990234375,4334.18557739258,7.4243783593
1341,3,633079172,False,0.0,0,0,0,0.0,0.0,0.0,0.0,0.0,113225519,1070,194661179392.0,1087234176.0,0.0,0.0,1.3318618656
1342,1,633077948,False,0.0831664353609085,5250,5650,2560,0.000348964004155701,2.43544377553917e-06,0.000440146948676556,180.725570678711,1.19592000732422e-05,113225519,703,470188003328.0,4008555776.0,1764353.625,9762.6123046875,4.9104808256
1343,2,633077517,True,1.0,6890,5910,6630,0.997403811958112,0.301705439480698,515.403365203791,1708.29987716136,0.0341816107076172,113225519,1129,65970497952.0,92485424.6171875,47667299080.0,27903355.6796875,0.113294645156055
1344,3,633078935,True,0.500898599624634,7040,6330,6690,0.00259618804188816,0.0595436210104415,20.9150220918541,351.255461742685,8.8972879296875e-05,113225519,768,121748592.0,1219793.5,25512008.0,72630.921875,0.0014942470375
1345,1,633076924,False,0.0,0,0,0,0.0,0.0,0.0,0.0,0.0,113225519,312782554,27768655872.0,192023104.0,0.0,0.0,0.2352283024
1346,1,633078395,False,0.0,0,0,0,0.0,0.0,0.0,0.0,0.0,113225519,33,59325534208.0,481888800.0,0.0,0.0,0.59031378
1347,1,633078389,False,0.206704750657082,8560,2930,5160,0.00157843265963795,0.000297098828013986,0.0766193270683289,257.891723632812,5.40938083984375e-05,113225519,42,14789177344.0,148631392.0,11388037.0,44158.2109375,0.1820734552
1348,3,633078496,False,0.236465618014336,5510,6980,6290,0.00199002328457593,0.000198856658930315,0.0252563420472859,127.007776270326,6.81992593139648e-05,113225519,117,4657526272.0,279964800.0,7070886.75,55672.8647460938,0.34295688
1349,2,633077497,False,0.142031148076057,3360,4110,8020,0.000117997219188778,4.85944656247739e-06,0.00191614171490073,394.312774658203,4.04383356323242e-06,113225519,1101,110486765568.0,679313728.0,1301661.375,3301.08862304688,0.8321593168
1350,3,633079153,False,0.137547805905342,8340,4470,7930,0.000603922163675592,0.000307022372675342,0.0601063972843706,195.772043452773,2.06967649902344e-05,113225519,1044,4043930496.0,55029600.0,3307631.0,16895.318359375,0.06741126
1351,1,633077966,False,0.228989988565445,9730,5080,5440,0.00210531407238951,0.000217542663449422,0.0335950143635273,154.429550170898,7.21503418945312e-05,113225519,679,14399921152.0,270743392.0,9095628.0,58898.23828125,0.3316606552
1352,1,633077716,False,0.0,0,0,0,0.0,0.0,0.0,0.0,0.0,113225519,1022,57491353600.0,704167168.0,0.0,0.0,0.8626047808
1353,3,633078542,False,0.206166833639145,12240,5780,5870,0.000475075019590916,0.00049237916714133,0.114840698260277,233.236306334856,1.62810981689453e-05,113225519,177,2527157760.0,26992800.0,3099872.0,13290.6923828125,0.03306618
1354,2,633077320,False,0.153789013624191,6140,440,6410,0.000485185741543406,1.27969318081847e-05,0.00153631323654635,120.05324866729,1.66275985107422e-05,113225519,894,125750650112.0,1060687828.0,1629548.75,13573.5498046875,1.2993425893
1355,3,633078682,False,0.691156387329102,7580,5570,6780,0.169360588219983,0.0316173444521436,12.2932084285629,388.812173874061,0.00580408619492187,113225519,364,16912724992.0,149855392.0,1842203568.0,4738029.546875,0.1835728552
1356,3,633079181,False,0.179450273513794,9200,3660,8240,0.00162798851778095,5.52041528671037e-05,0.00702808480781056,127.310798967058,5.57921165771484e-05,113225519,1084,104807518208.0,825020992.0,5798317.5,45544.5849609375,1.0106507152
1357,2,633077239,False,0.0,0,0,0,0.0,0.0,0.0,0.0,0.0,113225519,774,44736049152.0,329958912.0,0.0,0.0,0.4041996672
1358,2,633077270,False,0.201760306954384,8380,2210,7210,0.00699491984105797,2.3500444609886e-05,0.00349278368142841,148.626280881473,0.000239719985096741,113225519,822,988048402432.0,8327067296.0,29084644.765625,195689.783752441,10.2006574376
1359,3,633078942,False,0.0,0,0,0,0.0,0.0,0.0,0.0,0.0,113225519,778,211655475200.0,1397419264.0,0.0,0.0,1.7118385984
1360,3,633079002,False,0.0,0,0,0,0.0,0.0,0.0,0.0,0.0,113225519,862,241667416064.0,1865833216.0,0.0,0.0,2.2856456896
1361,2,633076746,False,0.0,0,0,0,0.0,0.0,0.0,0.0,0.0,113225519,41,17627637760.0,131492704.0,0.0,0.0,0.1610785624
1362,1,633077993,False,0.0,0,0,0,0.0,0.0,0.0,0.0,0.0,113225519,642,2296573952.0,69505200.0,0.0,0.0,0.08514387
1363,1,633077582,False,0.0,0,0,0,0.0,0.0,0.0,0.0,0.0,113225519,549009223,1676768256.0,31818600.0,0.0,0.0,0.038977785
1364,2,633077238,False,0.350819945335388,12860,5670,6090,0.00118930191828844,0.000261594337644055,0.104749567806721,400.427520751953,4.07580708007812e-05,113225519,773,14038493184.0,127188896.0,13322982.0,33271.89453125,0.1558063976
1365,1,633078257,False,0.0890673398971558,11960,6760,4770,4.11995268844245e-05,4.49565520475636e-06,0.000727846678494357,161.900022431503,1.41193182983398e-06,113225519,235,8831884960.0,256380296.0,186605.546875,1152.59741210938,0.3140658626
1366,1,633077705,False,0.0,0,0,0,0.0,0.0,0.0,0.0,0.0,113225519,1038,81447182336.0,583219776.0,0.0,0.0,0.7144442256
1367,3,633079190,False,0.0,0,0,0,0.0,0.0,0.0,0.0,0.0,113225519,1094,46886420480.0,245541600.0,0.0,0.0,0.30078846
1368,2,633077105,False,0.22407154738903,8090,4030,5850,0.00252337364157721,0.00169829884544015,0.633238255977631,372.8662109375,8.64774873046875e-05,113225519,587,5557745664.0,41567400.0,26322068.0,70593.8671875,0.050920065
1369,2,633077480,False,0.179450273513794,9200,3660,8240,0.00126599673916493,8.5858438978903e-05,0.0106667829677463,124.236862182617,4.33864470703125e-05,113225519,1084,52870742016.0,412510496.0,4400160.0,35417.5078125,0.5053253576
1370,1,633077898,False,0.0,0,0,0,0.0,0.0,0.0,0.0,0.0,113225519,791,12326491136.0,81607504.0,0.0,0.0,0.0999691924
1371,1,633077847,False,0.0,0,0,0,0.0,0.0,0.0,0.0,0.0,113225519,862,113706835968.0,932916608.0,0.0,0.0,1.1428228448
1372,2,633077158,False,0.0,0,0,0,0.0,0.0,0.0,0.0,0.0,113225519,653,753534848.0,13649400.0,0.0,0.0,0.016720515
1373,2,633077555,False,0.302619904279709,5800,6820,5800,0.00150315381317602,0.00142072117887437,0.437141954898834,307.690185546875,5.15139583984375e-05,113225519,286,2756353280.0,29599200.0,12939052.0,42052.2109375,0.03625902
1374,1,633077848,False,0.265868842601776,12470,4990,4970,0.000515803832024428,0.00114902306813747,0.356275171041489,310.067901611328,1.76768983398437e-05,113225519,859,932935424.0,12558600.0,4474317.5,14430.12109375,0.015384285
1375,2,633077418,False,0.581259965896606,7670,5330,7130,0.0403521704999297,0.0020416695864376,0.374947190924693,183.647341085645,0.00138289243203125,113225519,1000,15914634771.0352,552925796.0,207317974.0,1128891.78125,0.6773341001
1376,2,633076955,False,0.0,0,0,0,0.0,0.0,0.0,0.0,0.0,113225519,335,2896296704.0,24252300.0,0.0,0.0,0.0297090675
1377,3,633078483,False,0.112156093120575,8960,3450,10750,0.00109953907498545,6.50516825914394e-05,0.00582315618443377,89.5158426724551,3.76818457763672e-05,113225519,97,47266795520.0,472865408.0,2753569.125,30760.6904296875,0.5792601248
1378,1,633077904,False,0.0721640363335609,8700,6380,3140,3.30279287290607e-05,2.12413146982726e-06,0.000374010531231761,176.076934814453,1.13188639221191e-06,113225519,780,49822023680.0,434996096.0,162693.125,923.988891601562,0.5328702176
1379,1,633078323,False,0.30691009759903,9070,5480,5070,0.00182210606438105,4.79372283734847e-05,0.00863996800035238,180.235046386719,6.24446381835937e-05,113225519,146,50505846784.0,1063374272.0,9187520.0,50975.21484375,1.3026334832
1380,2,633077085,False,0.375820130109787,7640,6550,6790,0.0353615662322968,0.015318924583763,3.84700882335634,251.127864904688,0.00121186151132812,113225519,557,5449650944.0,64578600.0,248434444.0,989274.703125,0.079108785
1381,2,633077219,False,0.0,0,0,0,0.0,0.0,0.0,0.0,0.0,113225519,743,29796644864.0,280165504.0,0.0,0.0,0.3432027424
1382,3,633079119,False,0.581259965896606,7670,5330,7130,0.0455157350788638,0.00115146336446795,0.208986423605022,181.496372402249,0.00155985080354004,113225519,1000,31562841585.1914,1105851592.0,231107969.25,1273347.59472656,1.3546682002
1383,2,633077353,False,0.158878892660141,9010,6740,6040,0.00109749913492006,7.07015715306625e-05,0.00753712467849255,106.604759216309,3.76119358398437e-05,113225519,931,32808671232.0,434270688.0,3273152.25,30703.62109375,0.5319815928
1384,3,633078728,False,0.0,0,0,0,0.0,0.0,0.0,0.0,0.0,113225519,441,1595010560.0,21263400.0,0.0,0.0,0.026047665
1385,3,633079027,False,0.106898322701454,10870,6760,3500,0.000688534622142466,9.00183397158713e-06,0.000440833865966072,48.9715615015223,2.35964833206177e-05,113225519,901,15833080672.0,2139834552.0,943311.538085938,19262.4353637695,2.6212973262
1386,3,633078480,False,0.0187707711011171,8900,6290,3870,3.56629814881822e-05,1.86156748257329e-05,0.000518007725038483,27.8264274536225,1.22219118804932e-06,113225519,93,545584352.0,53595000.0,27762.6240234375,997.707092285156,0.065653875
1387,3,633078729,False,0.150840863585472,6240,440,5260,0.00171205890936121,6.38692001044925e-05,0.00804792835793115,126.006405979164,5.86732579589844e-05,113225519,442,78010773504.0,749916032.0,6035270.5,47896.537109375,0.9186471392
1388,3,633078905,False,0.165062770247459,12700,5280,6430,0.00146669654741301,0.000109925611369351,0.0232642122036283,211.635959207544,5.02645466247559e-05,113225519,720,21505540096.0,373273184.0,8683906.5625,41032.2829589844,0.4572596504
1389,2,633076883,False,0.103306420147419,12710,7290,7150,0.000122321668765167,1.33476301410272e-05,0.0011471336808826,85.942872911694,4.19203497390747e-06,113225519,235,9418944960.0,256380296.0,294102.47265625,3422.06936645508,0.3140658626
1390,2,633077115,False,0.386253118515015,6590,4290,5710,0.00715232148376939,0.00178167119156569,0.588391482830048,330.246948242188,0.00024511423125,113225519,599,14806983680.0,112306496.0,66080184.0,200093.25,0.1375754576
1391,3,633078592,False,0.0,0,0,0,0.0,0.0,0.0,0.0,0.0,113225519,312782608,41177966592.0,248751008.0,0.0,0.0,0.3047199848
1392,2,633077019,True,0.500898599624634,7040,6330,6690,0.00259618804188816,0.0595436207950115,20.9150218963623,351.255462646484,8.8972879296875e-05,113225519,436,121748592.0,1219793.5,25512008.0,72630.921875,0.0014942470375
1393,3,633079013,False,0.150840863585472,6240,440,5260,0.00171205890936121,1.40070987626671e-05,0.00176498417327888,126.006405979164,5.86732579589844e-05,113225519,879,404342562515.094,3419447376.0,6035270.5,47896.537109375,4.1888230356
1394,2,633077124,False,0.0,0,0,0,0.0,0.0,0.0,0.0,0.0,113225519,610,72070119424.0,542695488.0,0.0,0.0,0.6648019728
1395,1,633076880,False,0.0,0,0,0,0.0,0.0,0.0,0.0,0.0,113225519,312782616,18977916928.0,109932304.0,0.0,0.0,0.1346670724
1396,2,633077355,False,0.0,0,0,0,0.0,0.0,0.0,0.0,0.0,113225519,182305701,17000491008.0,84568496.0,0.0,0.0,0.1035964076
1397,3,633078443,False,0.335315614938736,5940,6100,5750,0.00716490770544618,0.00438574827408211,1.02834431522242,234.474085368623,0.000245545568412018,113225519,30,2752597760.0,45703800.0,46999242.9140625,200445.361968994,0.055987155
1398,2,633076851,False,0.349870532751083,8350,4750,5800,0.00790439393253246,0.00882809609174728,1.98703336715698,225.080612182617,0.00027088819296875,113225519,197,1667757952.0,25048800.0,49772800.0,221133.21875,0.03068478
1399,1,633078112,False,0.0,0,0,0,0.0,0.0,0.0,0.0,0.0,113225519,449,1195758464.0,29116800.0,0.0,0.0,0.03566808
1400,2,633077608,False,0.298205435276031,8100,6040,7200,0.0105554956990688,0.000152374661411159,0.0225273016840219,147.841522216797,0.00036174299765625,113225519,10703,266526064640.0,1937988864.0,43657660.0,295300.40625,2.3740363584
1401,2,633077179,False,0.0,0,0,0,0.0,0.0,0.0,0.0,0.0,113225519,680,281002208.0,4333500.0,0.0,0.0,0.0053085375
1402,3,633078420,False,0.375820130109787,7640,6550,6790,0.0376329522795524,0.0108513650411557,2.57603618980477,237.392823855312,0.00128970323671875,113225519,1,7508720128.0,97021800.0,249931668.0,1052818.96875,0.118851705
1403,2,633077357,False,0.0397275052964687,12150,1150,6250,0.000201186614904026,3.75067111235694e-06,0.000475046603241935,126.656433105469,6.89478270263672e-06,113225519,936,269982318592.0,1500636544.0,712872.3125,5628.39404296875,1.8382797664
1404,2,633076841,False,0.358818888664246,6450,5390,5840,0.0221846264562243,0.00325316656380892,1.20491588115692,370.382476806641,0.0007602800953125,113225519,181,27382892544.0,190779296.0,229873008.0,620636.8125,0.2337046376
1405,2,633076760,True,0.686500310897827,6700,5710,6600,0.00318300799649105,0.259092777967453,450.973602294922,1740.58740234375,0.000109083541601562,113225519,63,233741520.0,343690.75,154995456.0,89047.7890625,0.00042102116875
1406,3,633078889,False,0.0314034260809422,3870,5030,2230,2.51447159300372e-05,1.31378780468452e-06,0.000173249589657253,131.870298262402,8.61724089049548e-07,113225519,694,74231549952.0,535435200.0,92763.9286880493,703.448235958815,0.65590812
1407,3,633079007,False,0.0,0,0,0,0.0,0.0,0.0,0.0,0.0,113225519,869,4768540672.0,32974200.0,0.0,0.0,0.040393395
1408,1,633078289,False,0.363223612308502,8460,4480,5640,0.00452255721315414,0.00505106011405587,1.02953159809113,203.824844360352,0.000154990675,113225519,197,1583068672.0,25048800.0,25788530.0,126523.0,0.03068478
1409,3,633078495,False,0.286306142807007,9640,3710,5410,0.00147585822197398,0.00632077858053183,2.2111477373626,349.822052646014,5.05785225585937e-05,113225519,115,705240320.0,6532200.0,14443659.25,41288.58984375,0.008001945
1410,1,633078365,False,0.0,0,0,0,0.0,0.0,0.0,0.0,0.0,113225519,84,24569137152.0,209311200.0,0.0,0.0,0.25640622
1411,2,633077390,False,0.0,0,0,0,0.0,0.0,0.0,0.0,0.0,113225519,970,5187639296.0,107688600.0,0.0,0.0,0.131918535
1412,3,633078557,False,0.0,0,0,0,0.0,0.0,0.0,0.0,0.0,113225519,312782648,21089415168.0,162235808.0,0.0,0.0,0.1987388648
1413,2,633077174,False,0.210140094161034,8110,5730,6420,0.000400354443487239,0.000784121337346733,0.11179980635643,142.579727172852,1.37203804199219e-05,113225519,673,383251072.0,14283900.0,1596937.25,11200.310546875,0.0174977775
1414,2,633077034,False,0.0,0,0,0,0.0,0.0,0.0,0.0,0.0,113225519,456,802527296.0,7937100.0,0.0,0.0,0.0097229475
1415,2,633076834,False,0.238882541656494,12070,5140,5850,0.00151976152728874,0.000387160340324044,0.0868883058428764,224.424591064453,5.2083114453125e-05,113225519,169,9400614912.0,109817104.0,9541822.0,42516.828125,0.1345259524
1416,3,633079154,False,0.0,0,0,0,0.0,0.0,0.0,0.0,0.0,113225519,1045,4941685248.0,53416800.0,0.0,0.0,0.06543558
1417,2,633077095,False,0.347603172063828,9660,5860,6040,0.00449496100141028,0.000405192375183105,0.0639493986964226,157.824783325195,0.00015404493671875,113225519,574,14720884736.0,310348800.0,19846620.0,125750.96875,0.38017728
1418,2,633077330,False,0.0,0,0,0,0.0,0.0,0.0,0.0,0.0,113225519,905,13684694016.0,89691296.0,0.0,0.0,0.1098718376
1419,3,633078553,False,0.858463883399963,6940,5680,7000,1.42762768544396,0.0223299916414354,7.63810011198426,342.055663729451,0.048925633925,113225519,194,148352962560.0,1788594176.0,13661461376.0,39939293.0,2.1910278656
1420,1,633077821,False,0.0,0,0,0,0.0,0.0,0.0,0.0,0.0,113225519,902,14346434560.0,109265400.0,0.0,0.0,0.133850115
1421,3,633078448,False,0.589123845100403,6380,5680,6040,0.0545539082494685,0.00898424920898311,3.26928952374207,363.891233167619,0.00186959427265625,113225519,38,16462380544.0,169875008.0,555370584.0,1526199.40625,0.2080968848
1422,3,633078675,False,0.543903529644012,12190,5170,5580,0.424137338532228,0.000425769229515442,0.0840711665183325,197.457121582064,0.0145354341125,113225519,354,1500716901472.0,27868760064.0,2342959168.0,11865660.5,34.1392310784
1423,3,633079077,False,0.151924729347229,4230,4790,8240,0.00217548715192276,3.91726678041668e-05,0.0075086156518837,191.679966486352,7.45552142822265e-05,113225519,956,95290032128.0,1553670016.0,11665911.0,60861.3994140625,1.9032457696
1424,1,633078132,False,0.0,0,0,0,0.0,0.0,0.0,0.0,0.0,113225519,417,73194190720.0,457948808.0,0.0,0.0,0.5609872898
1425,1,633078165,False,0.404924005270004,7340,3510,5150,0.00551426821677788,0.00024780846433714,0.070107489824295,282.909973144531,0.00018897718984375,113225519,362,69090246656.0,622525504.0,43643700.0,154267.09375,0.7625937424
1426,3,633078582,False,0.32224914431572,12240,7270,5720,0.00808131212340776,0.00377102377023682,0.37326402858258,98.9821468452688,0.000276951282617187,113225519,230,1455872640.0,59952600.0,22378149.0,226082.6796875,0.073441935
1427,2,633076938,False,0.391437888145447,4440,3840,9890,0.046770850529223,2.35855655732844e-05,0.00410180320918645,173.911589969782,0.0016028643424928,113225519,315,8260672264047.34,55477180892.0,227556478.619423,1308460.68774922,67.9595465927
1428,3,633078535,False,0.0600445233285427,12720,5580,5710,1.77441971859454e-05,0.0012767783506417,0.379614951051312,297.322515580344,6.08103992843628e-07,113225519,164,26030915.0,388800.0,147594.29296875,496.411422729492,0.00047628
1429,2,633076923,False,0.174556076526642,6410,7160,7740,0.000253097572490242,0.00063045066781342,0.152308955788612,241.587432861328,8.67380151367187e-06,113225519,292,1140126336.0,11231100.0,1710597.125,7080.654296875,0.0137580975
1430,2,633076785,False,0.0,0,0,0,0.0,0.0,0.0,0.0,0.0,113225519,105,3476510720.0,87846304.0,0.0,0.0,0.1076117224
1431,2,633076920,False,0.0,0,0,0,0.0,0.0,0.0,0.0,0.0,113225519,288,30581852160.0,235492192.0,0.0,0.0,0.2884779352
1432,1,633077658,False,0.416118711233139,7750,3100,5240,0.0035017052060997,0.000104655786817382,0.0282932216978318,270.34550652418,0.000120005480962372,113225519,1100,92172855040.0,936055816.0,26484034.7236328,97963.6579284668,1.1466683746
1433,1,633078164,False,0.0,0,0,0,0.0,0.0,0.0,0.0,0.0,113225519,363,70413574144.0,440747104.0,0.0,0.0,0.5399152024
1434,2,633076803,False,0.429359465837479,7120,7220,5700,0.00498406573594128,0.000347686116583645,0.0605588518083096,174.176788330078,0.00017080684140625,113225519,129,12211264512.0,401034592.0,24286194.0,139434.15625,0.4912673752
1435,1,633077891,False,0.0524808466434479,6260,5450,4560,4.64855544352542e-05,1.06758543552132e-05,0.00175395654514432,164.291915893555,1.59308707885742e-06,113225519,802,10475236352.0,121815000.0,213658.21875,1300.47924804688,0.149223375
1436,2,633077405,False,0.122666068375111,3650,2060,8480,0.00151633981078513,8.30467300373557e-06,0.000959562036807132,115.544830768834,5.19658502316772e-05,113225519,985,809413208064.0,5108100248.0,4901539.07818589,42421.1022299406,6.2574228038
1437,1,633077762,False,0.0221291482448578,5300,5830,2730,3.31281472120558e-06,2.11729471288891e-07,2.90097705146763e-05,137.013381958008,1.13532093811035e-07,113225519,966,43338776576.0,437724896.0,12698.298828125,92.6792602539062,0.5362129976
1438,1,633077528,False,0.0,0,0,0,0.0,0.0,0.0,0.0,0.0,113225519,484682524,9119927296.0,183340800.0,0.0,0.0,0.22459248
1439,3,633078639,False,0.0,0,0,0,0.0,0.0,0.0,0.0,0.0,113225519,311,74983440384.0,640112384.0,0.0,0.0,0.7841376704
1440,2,633076723,False,0.858463883399963,6940,5680,7000,9.31155594337914,0.00129638254295778,0.417988582205452,322.426882771643,0.319112456281801,113225519,8,24967576591151.3,200943745908.0,83992191455.1374,260499964.311675,246.1560887373
1441,2,633076724,False,0.0,0,0,0,0.0,0.0,0.0,0.0,0.0,113225519,9,15678241792.0,104807696.0,0.0,0.0,0.1283894276
1442,2,633077442,False,0.0572809353470802,5410,910,7860,6.69079196431992e-05,1.38851073643309e-05,0.00180409557651728,129.930267333984,2.29297345275879e-06,113225519,1030,18710773760.0,134807392.0,243205.421875,1871.81506347656,0.1651390552
1443,1,633077764,False,0.0,0,0,0,0.0,0.0,0.0,0.0,0.0,113225519,964,4255992832.0,42002100.0,0.0,0.0,0.0514525725
1444,3,633079134,False,0.0261509194970131,7010,3120,720,9.39826270048449e-05,1.60673246730993e-06,7.75461418088426e-05,48.2632568810129,3.2208394744873e-06,113225519,1018,218139067904.0,1636399816.0,126896.4921875,2629.25671386719,2.0045897746
1445,3,633079136,False,0.0,0,0,0,0.0,0.0,0.0,0.0,0.0,113225519,1020,119176355840.0,1127356160.0,0.0,0.0,1.381011296
1446,3,633078710,False,0.059721264988184,10200,6520,3090,9.14176869314904e-05,1.13595782220393e-05,0.000695568111765619,61.2318607407548,3.13293748130798e-06,113225519,413,2696811776.0,225140400.0,156600.482910156,2557.49998474121,0.27579699
1447,1,633078299,False,0.01588149741292,3890,4300,1970,6.99462822002073e-06,1.08185145109019e-06,0.000148734397953376,137.481338500977,2.39709991073608e-07,113225519,180,24096104448.0,180876608.0,26902.572265625,195.681625366211,0.2215738448
1448,1,633078108,False,0.200999826192856,4880,6190,5670,0.00229533739201225,0.00354442396201193,1.02189970016479,288.311920166016,7.8662551953125e-05,113225519,452,1572763264.0,18117000.0,18513756.0,64214.328125,0.022193325
1449,2,633077148,False,0.117276094853878,4840,4620,9190,0.000321592804025007,4.55601220892277e-05,0.0130970040336251,287.466400146484,1.10211730712891e-05,113225519,638,25275832320.0,197472608.0,2586299.5,8996.8759765625,0.2419039448
1450,2,633077200,False,0.317672908306122,6580,4810,7470,0.00163907032227557,3.59506612254351e-05,0.00950049675801067,264.264868410516,5.6171896484375e-05,113225519,709,125421350400.0,1275487232.0,12117762.3125,45854.609375,1.5624718592
1451,3,633079098,False,0.0,0,0,0,0.0,0.0,0.0,0.0,0.0,113225519,977,42442231808.0,349572608.0,0.0,0.0,0.4282264448
1452,2,633076833,False,0.258272051811218,9750,3960,6070,0.00054977304566324,0.0021142375189811,0.557891964912415,263.873840332031,1.88410431152344e-05,113225519,606826663,388034304.0,7274700.0,4058496.5,15380.443359375,0.0089115075
1453,1,633077675,False,0.293312042951584,8830,5230,3530,0.00892266056354763,2.33901835105601e-05,0.00359791495354468,153.821578694341,0.000305784784660721,113225519,1080,1543075991040.0,10672008292.0,38396978.2181396,249620.232376099,13.0732101577
1454,1,633078386,False,0.0770916268229485,5280,2350,5690,0.000103866002927229,2.6809864475766e-06,0.000357493999959012,133.344202572213,3.55954853515625e-06,113225519,48,160503309824.0,1083837596.0,387465.4375,2905.75390625,1.3277010551
1455,2,633077139,False,0.0,0,0,0,0.0,0.0,0.0,0.0,0.0,113225519,625,65570574336.0,356534112.0,0.0,0.0,0.4367542872
1456,1,633077925,False,0.0,0,0,0,0.0,0.0,0.0,0.0,0.0,113225519,744,443076000.0,30121200.0,0.0,0.0,0.03689847
1457,3,633079185,False,0.299838185310364,4890,2730,5730,0.0375412977818391,2.73667964169024e-05,0.00412143799079096,150.599943376838,0.00128656218359375,113225519,1089,5099344330752.0,38376974336.0,158168320.0,1050254.84375,47.0117935616
1458,1,633077721,False,0.236829608678818,730,5840,5290,0.00156039054012529,2.67167451966088e-05,0.00391810201108456,146.653427124023,5.34754944335937e-05,113225519,1016,99890470912.0,1633936512.0,6401930.0,43653.46484375,2.0015722272
1459,1,633077745,False,0.165526211261749,10820,2730,4300,0.0012273049345946,2.78086099569919e-05,0.00466841785237193,167.876708984375,4.20604563476562e-05,113225519,984,210186698752.0,1234691968.0,5764058.0,34335.06640625,1.5124976608
1460,2,633076755,False,0.54055255651474,7680,5650,6400,0.0460137972373816,0.0579736679792404,17.1451454162598,295.740234375,0.001576919684375,113225519,54,2229062357.58203,22204588.0,380700896.0,1287281.375,0.0272006203
1461,3,633078979,False,0.0740984380245209,4290,4480,8450,7.80463961838695e-05,5.02470424667157e-05,0.0150331936731736,299.185642281967,2.67469554407671e-06,113225519,831,4185631616.0,43453800.0,653249.391235352,2183.42493394017,0.053230905
1462,1,633077635,False,0.0,0,0,0,0.0,0.0,0.0,0.0,0.0,113225519,1139,3302967296.0,26278200.0,0.0,0.0,0.032190795
1463,3,633078765,False,0.354165434837341,10490,3550,6980,0.0503478624386148,2.9066957966766e-05,0.00553255875344572,190.338416554338,0.001725450628125,113225519,512,7000314235648.0,48458153984.0,268097584.0,1408531.125,59.3612386304
1464,1,633076734,False,0.299748867750168,6800,6180,4660,0.00401629797861086,0.00116538617294282,0.404618352651596,347.19677734375,0.000137640875585937,113225519,576073704,10845494272.0,96414304.0,39010996.0,112359.8984375,0.1181075224
1465,3,633079249,False,0.0,0,0,0,0.0,0.0,0.0,0.0,0.0,113225519,182305713,1498509056.0,22109400.0,0.0,0.0,0.027084015
1466,3,633079194,False,0.447484344244003,12970,5680,6240,0.0182526936602382,0.00051338494665557,0.0935806103616097,182.281562736184,0.000625530463769531,113225519,1098,55212943360.0,994647616.0,93079731.0,510637.11328125,1.2184433296
1467,2,633078035,False,0.207467943429947,7920,6480,5900,0.0010471175476878,0.00047942396486178,0.148488163948059,309.722045898438,3.58853294433594e-05,113225519,606826651,6939666944.0,61102800.0,9073043.0,29294.146484375,0.07485093
1468,2,633078252,False,0.0,0,0,0,0.0,0.0,0.0,0.0,0.0,113225519,312782608,20847263744.0,124375504.0,0.0,0.0,0.1523599924
1469,3,633079160,False,0.6339972615242,9400,4500,7100,0.0847170929685865,0.0029506150094944,0.62483025939271,211.76271976593,0.00290330421582031,113225519,1052,48142753792.0,803237376.0,501887018.0,2370044.2578125,0.9839657856
1470,3,633079256,False,0.0195123050361872,9270,1850,9780,2.05637785140835e-05,1.2989870157915e-06,0.000182117203880803,140.199402816844,7.04732690429687e-07,113225519,312782574,63792540736.0,442877400.0,80655.59375,575.2919921875,0.542524815
1471,3,633078786,False,0.0,0,0,0,0.0,0.0,0.0,0.0,0.0,113225519,545,236243.09375,1800.0,0.0,0.0,2.205e-06
1472,2,633077273,False,0.557220995426178,4620,6250,6030,0.0757440584957476,0.00311653044355299,0.844179720077922,270.87164247801,0.00259579308789062,113225519,826,61017491456.0,679927504.0,573981010.0,2119014.765625,0.8329111924
1473,3,633079233,False,0.0524192415177822,9780,2880,3300,3.50112842730579e-05,3.33188164524485e-06,0.000444956391250183,133.545077114372,1.19985714416504e-06,113225519,484682508,35613005824.0,293970592.0,130804.09375,979.475219726562,0.3601139752
1474,1,633078210,False,0.0,0,0,0,0.0,0.0,0.0,0.0,0.0,113225519,303,50835439616.0,346324512.0,0.0,0.0,0.4242475272
1475,2,633076852,False,0.0289498958736658,12830,7390,6000,5.36311218006544e-05,4.95053536724299e-05,0.00311170960776508,62.8560218811035,1.8379698425293e-06,113225519,198,597939136.0,30307500.0,94308.140625,1500.38354492188,0.0371266875
1476,2,633077499,False,0.305480986833572,6180,4720,6330,0.000368331304535636,0.000137652314151637,0.0304517429322004,221.22216796875,1.26229287597656e-05,113225519,1104,10832686080.0,74858400.0,2279568.75,10304.431640625,0.09170154
1477,3,633078631,False,0.116521291434765,6720,350,4340,0.00011313961605328,1.467360062326e-05,0.00223293738051362,152.173787323477,3.87736066894531e-06,113225519,312782550,33069388800.0,215706592.0,481659.3125,3165.1923828125,0.2642405752
1478,2,633077601,False,0.299838185310364,4890,2730,5730,0.0127983197835419,3.35499760673237e-05,0.00494137331274656,147.28395939332,0.000438605887913927,113225519,1080,1592789912064.0,10672008292.0,52734376.9674988,358045.62278688,13.0732101577
1479,3,633078698,False,0.469123989343643,6050,6570,7030,0.024122218701299,0.0159720829886702,4.51208471198588,282.49820109165,0.000826682512304687,113225519,390,3631798144.0,42251400.0,190641896.0,674842.8671875,0.051757965
1480,2,633078245,False,0.0,0,0,0,0.0,0.0,0.0,0.0,0.0,113225519,312782598,794143936.0,7261200.0,0.0,0.0,0.00889497
1481,2,633077422,False,0.0252190735191107,6730,590,8090,3.7042436458588e-05,1.11986291813082e-05,0.000713893736246973,63.7483139038086,1.26946591491699e-06,113225519,1006,12288022528.0,92538000.0,66062.296875,1036.29870605469,0.11335905
1482,3,633079135,False,0.0209271386265755,8320,4200,7210,7.02507225715153e-06,1.06268126506578e-06,0.00012874395512478,121.150112792109,2.40753325992823e-07,113225519,1029,12370102272.0,184940992.0,23810.0347747803,196.53332734108,0.2265527152
1483,1,633078352,False,0.0,0,0,0,0.0,0.0,0.0,0.0,0.0,113225519,106,330628160.0,3250800.0,0.0,0.0,0.00398223
1484,2,633077315,False,0.143972933292389,6240,6000,8890,0.000117247980434202,4.45837322331499e-05,0.0201916508376598,452.892791748047,4.01815671386719e-06,113225519,884,6182412288.0,73572304.0,1485546.25,3280.1279296875,0.0901260724
1485,1,633078202,False,0.264428585767746,5950,860,5650,0.0227433975688993,1.14690215946659e-05,0.00140105659348984,122.160079822454,0.000779429507435382,113225519,315,7747569886787.75,55477180892.0,77726670.0769653,636268.985661536,67.9595465927
1486,2,633076863,False,0.0,0,0,0,0.0,0.0,0.0,0.0,0.0,113225519,211,40351842304.0,271941312.0,0.0,0.0,0.3331281072
1487,2,633077043,False,0.110654026269913,9030,3570,8100,0.000149600419439729,1.32893722024209e-05,0.00183000594497567,137.704469187965,5.12689367904663e-06,113225519,475,29376025088.0,314929800.0,576323.40625,4185.21932983398,0.385789005
1488,1,633077786,False,0.0,0,0,0,0.0,0.0,0.0,0.0,0.0,113225519,182305709,18508570624.0,132363904.0,0.0,0.0,0.1621457824
1489,1,633077826,False,0.00245820451527834,7890,4100,1620,2.21283960413323e-07,5.80751600119685e-09,6.88681877668922e-07,118.584585479746,7.58353046178818e-09,113225519,896,48018108672.0,1065969876.0,734.114135742188,6.19063711166382,1.3058130981
1490,1,633078360,False,0.151310533285141,11730,5070,3410,0.00049497751669021,5.02652546856552e-05,0.00646785274147987,128.674423217773,1.6963168359375e-05,113225519,96,26065715200.0,275488192.0,1781817.0,13847.484375,0.3374730352
1491,3,633079186,False,0.0,0,0,0,0.0,0.0,0.0,0.0,0.0,113225519,1090,334678802432.0,1966964352.0,0.0,0.0,2.4095313312
1492,1,633077776,False,0.0831664353609085,5250,5650,2560,0.00018299622718986,6.25166467216332e-06,0.00118367176037282,189.337051391602,6.2713875e-06,113225519,952,84186382336.0,818901888.0,969311.0,5119.5,1.0031548128
1493,2,633076831,False,0.0600445233285427,12720,5580,5710,1.33326536767846e-05,0.00191869412083179,0.573875248432159,299.096771240234,4.56917822265625e-07,113225519,164,12698455.0,194400.0,111561.34375,372.994140625,0.00023814
1494,3,633078758,False,0.468890815973282,3680,5810,6320,0.0648448594076546,0.000232930125259728,0.0934119214501698,401.029799584794,0.00222227117451172,113225519,493,1093482463232.0,7788167872.0,727507725.5,1814098.91796875,9.5405056432
1495,2,633076861,False,0.0,0,0,0,0.0,0.0,0.0,0.0,0.0,113225519,209,5895243264.0,129404704.0,0.0,0.0,0.1585207624
1496,1,633078062,False,0.0223554577678442,10220,3830,2060,4.7961016120512e-06,2.37502078448415e-07,4.77639005111996e-05,201.109405517578,1.64365201187134e-07,113225519,543,60875603968.0,564945280.0,26983.990234375,134.175674438477,0.692057968
1497,3,633078914,False,0.325851529836655,7760,5900,5860,0.00355177487268493,0.00143461233183468,0.452432293516521,315.369025817532,0.00012172139765625,113225519,732,6660648192.0,69262200.0,31336456.0,99364.40625,0.084846195
1498,3,633079189,False,0.381664365530014,10130,5590,6500,0.0353602930980189,0.000467914884367447,0.0692297691966407,147.953765758551,0.00121181788027344,113225519,1093,87659937792.0,2114143232.0,146361648.0,989239.0859375,2.5898254592
1499,1,633078094,False,0.0704788491129875,8980,3270,3410,0.000239010295628021,6.02803993388079e-05,0.00741786975413561,123.056083679199,8.19102231445312e-06,113225519,482,5224395776.0,110924096.0,822820.5,6686.548828125,0.1358820176
1500,3,633078461,False,0.262443274259567,8110,5720,6530,0.00449776502450399,0.0032245597137655,0.853455837318244,264.673602934032,0.000154141032226562,113225519,58,3664868352.0,39022200.0,33303724.375,125829.4140625,0.047802195
1501,3,633078957,False,0.557220995426178,4620,6250,6030,0.717573727994236,0.00238182829425917,0.739141815696251,310.32539897094,0.024591670425,113225519,803,809810490880.0,8428329216.0,6229730560.0,20074833.0,10.3247032896
1502,1,633077689,False,0.243359789252281,7820,6280,5350,0.00158494284670817,0.000725667865481228,0.191032528877258,263.250610351562,5.43169163085937e-05,113225519,606826651,6050874368.0,61102800.0,11672622.0,44340.33984375,0.07485093
1503,3,633078526,False,0.238882541656494,12070,5140,5850,0.00258886539045302,0.000293666391462538,0.0666634024932095,227.003853458367,8.8721927758789e-05,113225519,154,20925377024.0,246627008.0,16440995.5,72426.0634765625,0.3021180848
1504,2,633077137,False,0.557220995426178,4620,6250,6030,0.961547842216208,0.00110035090045495,0.349027066202946,317.196147209619,0.0329528056994874,113225519,623,3036398486208.0,24446973724.0,8532655516.42822,26900249.550602,29.9475428119
1505,3,633078792,False,0.121200583875179,5290,1680,9240,0.00115502541683848,8.87979141021909e-05,0.0115028073000982,129.539161098542,3.95833950927734e-05,113225519,558,49997959168.0,363893408.0,4185795.75,32312.9755859375,0.4457694248
1506,3,633079061,False,0.16393093764782,11520,6480,7120,0.00069324828338375,0.00101608956198395,0.251031895720692,247.056859073077,2.37580232421875e-05,113225519,939,1412374272.0,19087200.0,4791496.0,19394.3046875,0.02338182
1507,1,633078268,False,0.347985804080963,6810,7080,5360,0.0144047902399086,0.00314291403628886,0.75257271528244,239.450607299805,0.00049366056796875,113225519,223,7634847744.0,128221200.0,96495776.0,402988.21875,0.15707097
1508,1,633078344,False,0.12996082007885,3910,5330,2290,0.000770729914037451,2.76196513126342e-05,0.0040544701153464,146.796571377849,2.64133639419556e-05,113225519,119,104254061352.0,780673496.0,3165217.359375,21561.9297485352,0.9563250326
1509,1,633078336,False,0.348422199487686,9940,4000,5010,0.0361882098893862,0.000437423237599432,0.0877221971750259,200.543075561523,0.001240191071875,113225519,128,144501440512.0,2314465280.0,203029984.0,1012400.875,2.835219968
1510,1,633078351,False,0.179580315947533,11860,4950,3520,0.00264713519507705,0.000113807400339283,0.0126168923452497,110.861793518066,9.071886796875e-05,113225519,108,21615128576.0,650715328.0,8210005.5,74056.21875,0.7971262768
1511,1,633078049,False,0.541790068149567,6380,5740,3890,0.181404082942171,4.12593581728384e-05,0.00997831499395484,241.843679490965,0.00621682378747718,113225519,567,16113209221123.8,123001384864.0,1227346562.86566,5074958.19385892,150.6766964584
1512,1,633077606,False,0.293289870023727,6730,5490,5660,0.00569589440738795,0.00403927685692906,1.52600181102753,377.790832519531,0.000195201625390625,113225519,560581559,5799854080.0,39449700.0,60200312.0,159348.265625,0.0483258825
1513,3,633078851,False,0.295833319425583,5690,6980,7900,0.00239710847608247,9.70880539482434e-05,0.0336057827326812,346.137154531865,8.21503063964844e-05,113225519,639,81368358912.0,690728384.0,23212468.0,67061.474609375,0.8461422704
1514,2,633076899,False,0.0,0,0,0,0.0,0.0,0.0,0.0,0.0,113225519,255,29996470272.0,187021792.0,0.0,0.0,0.2291016952
1515,1,633078419,False,0.356048762798309,7570,6580,4810,0.006348088229356,0.0036609098315239,0.658429563045502,179.854080200195,0.00021755268828125,113225519,1,3355981312.0,48510900.0,31941012.0,177594.03125,0.0594258525
1516,1,633077950,False,0.342071294784546,12190,4840,5200,0.00426482019860959,8.26630735894869e-05,0.0214848525316776,259.90870649661,0.000146157877099609,113225519,701,114563235840.0,1443359744.0,31010371.25,119312.552734375,1.7681156864
1517,1,633078253,False,0.280402928590775,6370,4540,5640,0.00245749353980741,7.07721084327475e-05,0.0251923993270401,355.965081229418,8.42197377702713e-05,113225519,239,136798675200.0,971439284.0,24472886.364502,68750.8063430786,1.1900131229
1518,3,633079052,False,0.0,0,0,0,0.0,0.0,0.0,0.0,0.0,113225519,182305697,52631062528.0,298328384.0,0.0,0.0,0.3654522704
1519,2,633077314,False,7.41600672427012e-07,5240,2340,7210,2.38576246869075e-11,8.07017473680727e-12,9.45363343163308e-10,117.142852783203,8.1761472101789e-13,113225519,882,6202624000.0,82704600.0,0.0781858935952187,0.000667440588586032,0.101313135
1520,2,633077030,False,0.0958177447319031,4960,1500,8750,0.000731236080164102,9.88650135695934e-05,0.0140140810981393,141.749649047852,2.50598872070312e-05,113225519,450,32092633088.0,206919008.0,2899779.75,20457.05078125,0.2534757848
1521,1,633078337,False,0.0633898004889488,6000,4910,4970,4.68524636915278e-05,7.09354138686193e-06,0.00206929682542751,291.715620248595,1.60566127319336e-06,113225519,127,24201129984.0,184779904.0,382364.46875,1310.74389648438,0.2263553824
1522,3,633078875,False,0.210140094161034,8110,5730,6420,0.000509857291016534,0.000499295036446191,0.0722352788804178,144.674538314187,1.74731069091797e-05,113225519,673,817365504.0,28567800.0,2063603.0,14263.7607421875,0.034995555
1523,2,633076842,False,0.0145518044009805,1920,3090,7400,5.8255293059251e-06,3.71881544147236e-07,1.89422051071925e-05,50.9361257779786,1.99644289016724e-07,113225519,184,49913222084.0,438244200.0,8301.3115234375,162.97492980957,0.536849145
1524,2,633077177,False,0.0,0,0,0,0.0,0.0,0.0,0.0,0.0,113225519,678,10779847680.0,59628600.0,0.0,0.0,0.073045035
1525,1,633077692,False,0.136078402400017,12470,1900,4120,0.000501968619831558,5.48086063645314e-06,0.00068610132439062,125.181312561035,1.72027575439453e-05,113225519,1056,383175229440.0,2562201088.0,1757929.625,14043.0673828125,3.1386963328
1526,3,633079243,False,0.202270716428757,4810,3600,6200,0.00229561525307969,0.000126610430322153,0.0360609561130168,284.818209852551,7.86720744140625e-05,113225519,250,45396697088.0,507241792.0,18291624.0,64222.1015625,0.6213711952
1527,1,633078277,False,0.0,0,0,0,0.0,0.0,0.0,0.0,0.0,113225519,211,38463123456.0,271941312.0,0.0,0.0,0.3331281072
1528,2,633077116,False,0.0,0,0,0,0.0,0.0,0.0,0.0,0.0,113225519,600,23066517504.0,147310208.0,0.0,0.0,0.1804550048
1529,2,633077307,False,0.456359654664993,9550,3790,5770,0.0617462540142738,0.0251072272658348,8.8177433013916,351.203399658203,0.002116080159375,113225519,872,8231563264.0,68801400.0,606673088.0,1727412.375,0.084281715
1530,1,633077723,False,0.0,0,0,0,0.0,0.0,0.0,0.0,0.0,113225519,1014,18139136832.0,235584904.0,0.0,0.0,0.2885915074
1531,2,633077425,True,0.500898599624634,7040,6330,6690,0.00259618804188816,0.0595332309603691,20.9113731384277,351.255462646484,8.8972879296875e-05,113225519,1009,121772440.0,1220006.375,25512008.0,72630.921875,0.001494507809375
1532,2,633077412,False,0.54055255651474,7680,5650,6400,0.0867802760388293,0.000766241115512824,0.200286704551676,261.388615798344,0.00297401070368417,113225519,991,150986832581.582,3168407164.0,634589829.555481,2427763.83974218,3.8812987759
1533,1,633078084,False,0.0,0,0,0,0.0,0.0,0.0,0.0,0.0,113225519,506,247976640.0,5330700.0,0.0,0.0,0.0065301075
1534,3,633079197,False,0.416118711233139,7750,3100,5240,0.0171091473450687,0.000255671333219835,0.0676507600998691,264.60049019927,0.000586340464190006,113225519,1100,189243568896.0,1872111632.0,126649774.896606,478645.276889801,2.2933367492
1535,3,633079202,False,0.0,0,0,0,0.0,0.0,0.0,0.0,0.0,113225519,1106,68515950592.0,485830784.0,0.0,0.0,0.5951427104
1536,1,633078098,False,0.042532667517662,7630,5360,4060,1.67883139889181e-05,5.36336256118375e-06,0.00186220486648381,347.208465576172,5.75345317840576e-07,113225519,470,8553820672.0,87570000.0,163073.28125,469.669647216797,0.10727325
1537,3,633078686,False,0.472791761159897,10880,4380,6560,0.152614854871317,0.000271250878918521,0.058232128462003,214.679962307127,0.00523020014047224,113225519,370,905661811872.0,15740229680.0,916587076.747192,4269551.13507938,19.281781358
1538,2,633076953,False,0.00303169735707343,4500,3900,5800,9.4286677721467e-07,1.58441321218561e-06,0.000187375175300986,118.261558532715,3.23125946998596e-08,113225519,333,1897628928.0,16648200.0,3119.45947265625,26.377628326416,0.020394045
1539,1,633077886,False,0.411877572536469,5220,5580,4560,0.0212836337574874,0.000981253565030109,0.357841373576558,364.677781899909,0.000729402549719238,113225519,809,70751802560.0,606806104.0,217140329.75,595430.652832031,0.7433374774
1540,2,633076811,False,0.244255632162094,10360,3420,6170,0.00244848491763912,0.000375613220967352,0.123818352818489,329.643218994141,8.391100703125e-05,113225519,140,3256647680.0,182365200.0,22580158.0,68498.78125,0.22339737
1541,3,633078518,False,0.0,0,0,0,0.0,0.0,0.0,0.0,0.0,113225519,143,1403065536.0,19692000.0,0.0,0.0,0.0241227
1542,3,633078917,True,0.500898599624634,7040,6330,6690,0.00259618804188816,0.0595436210104415,20.9150220918541,351.255461742685,8.8972879296875e-05,113225519,737,121748592.0,1219793.5,25512008.0,72630.921875,0.0014942470375
1543,1,633077463,False,0.455409944057465,6320,5610,5460,0.0315771921359649,0.00250825128898143,0.731526968347408,291.648197914202,0.00108216880253563,113225519,157,24180453568.0,352198804.0,257642923.345703,883403.104110718,0.4314435349
1544,3,633079206,False,0.0,0,0,0,0.0,0.0,0.0,0.0,0.0,113225519,1111,56700350464.0,317705408.0,0.0,0.0,0.3891891248
1545,1,633077766,False,0.00822577625513077,5130,870,4880,9.94482481236346e-07,1.62518585256066e-08,2.30011323765211e-06,141.529235839844,3.40814949989319e-08,113225519,962,238469087232.0,1711904384.0,3937.57397460938,27.8216285705566,2.0970828704
1546,1,633078010,False,0.0,0,0,0,0.0,0.0,0.0,0.0,0.0,113225519,618,21341602688.0,458324096.0,0.0,0.0,0.5614470176
1547,3,633078791,False,0.375820130109787,7640,6550,6790,0.0417211416976467,0.00903697278305239,2.17134789160999,240.273811124236,0.00142980787389069,113225519,557,9913186048.0,129157200.0,280445213.90625,1167190.10113525,0.15821757
1548,3,633079101,False,0.478654444217682,7540,5900,5190,0.0285903143074614,0.00672198480531814,2.37372096580356,353.12798742502,0.00097980675625,113225519,980,14188317696.0,118989000.0,282446684.0,799842.25,0.145761525
1549,2,633077370,False,0.00614187540486455,2140,3780,5810,1.76495420330539e-06,8.17137242847821e-06,0.00109677598811686,134.221771240234,6.04860105514526e-08,113225519,949,512655904.0,6042600.0,6627.37890625,49.376335144043,0.007402185
1550,3,633078473,False,0.146615266799927,8660,3080,3760,0.000134046340051929,0.000363845093848842,0.0920548569876198,253.005629439279,4.59384630126953e-06,113225519,75,478337984.0,10306800.0,948791.0,3750.07861328125,0.01262583
1551,3,633079085,False,0.0,0,0,0,0.0,0.0,0.0,0.0,0.0,113225519,964,8890536448.0,84004200.0,0.0,0.0,0.102905145
1552,2,633077278,False,0.0740984380245209,4290,4480,8450,7.8031049862843e-05,0.000100474324426614,0.0300635043531656,299.215789794922,2.67416961669922e-06,113225519,831,2127713152.0,21726900.0,653186.75,2182.99560546875,0.0266154525
1553,3,633078659,False,0.0,0,0,0,0.0,0.0,0.0,0.0,0.0,113225519,335,5706914816.0,48504600.0,0.0,0.0,0.059418135
1554,3,633078769,False,0.0,0,0,0,0.0,0.0,0.0,0.0,0.0,113225519,520,29895267328.0,252991808.0,0.0,0.0,0.3099149648
1555,1,633076929,False,0.116521291434765,6720,350,4340,0.00011313961605328,4.88739348941986e-06,0.000743733177425126,152.173787323477,3.87736066894531e-06,113225519,312782546,98503259904.0,647623808.0,481659.3125,3165.1923828125,0.7933391648
1556,3,633078516,True,0.995573461055756,7060,5960,6350,0.0065044745817771,0.188807231455699,288.490071183726,1527.96092056154,0.00022291213984375,113225519,141,435042592.0,963782.4375,278041664.0,181969.09375,0.0011806334859375
1557,2,633077184,False,0.519021332263947,5340,6830,6530,0.0552586052466031,0.0525076352059841,15.53600025177,295.880798339844,0.00189374465,113225519,689,2716214016.0,29441700.0,457406272.0,1545914.0,0.0360660825
1558,1,633078400,False,0.0,0,0,0,0.0,0.0,0.0,0.0,0.0,113225519,27,1741681408.0,30789000.0,0.0,0.0,0.037716525
1559,1,633078034,False,0.198255494236946,3400,6180,5570,0.000877094238341742,3.7840403978274e-05,0.0056357513446853,148.934756297027,3.00585314086914e-05,113225519,589,115747983360.0,648449120.0,3654498.0,24537.5766601562,0.794350172
1560,2,633077266,False,0.240586191415787,6440,5370,7300,0.000992140990134903,3.10201478776902e-05,0.00737478638873864,237.741819214299,3.40012507324219e-05,113225519,818,68752413696.0,894777264.0,6598791.1875,27756.123046875,1.0961021484
1561,2,633077005,False,0.0,0,0,0,0.0,0.0,0.0,0.0,0.0,113225519,412,43115958272.0,279534592.0,0.0,0.0,0.3424298752
1562,1,633078328,False,0.0,0,0,0,0.0,0.0,0.0,0.0,0.0,113225519,139,74191527936.0,642948288.0,0.0,0.0,0.7876116528
1563,3,633079079,False,0.217274606227875,7340,3310,6180,0.00150034395175113,7.01581265762158e-05,0.0163243294430848,232.679095633361,5.1417662807608e-05,113225519,958,41313686528.0,598271424.0,9766379.82175946,41973.6022919249,0.7328824944
1564,1,633078043,False,0.0,0,0,0,0.0,0.0,0.0,0.0,0.0,113225519,577,45878734848.0,235408496.0,0.0,0.0,0.2883754076
1565,3,633079130,False,5.65111186006106e-05,7390,4070,8500,2.09708630480638e-09,1.2451574224294e-10,2.49905217181556e-08,200.701704603721,7.18683714978397e-11,113225519,1014,35614285696.0,471169808.0,11.7747793197632,0.0586680583655834,0.5771830148
1566,1,633077951,False,0.0,0,0,0,0.0,0.0,0.0,0.0,0.0,113225519,699,122182440.0,1377000.0,0.0,0.0,0.001686825
1567,2,633077465,False,0.0911859199404716,8230,2400,6130,0.000139415935366008,5.98448496020865e-05,0.0162627212703228,271.748046875,4.77786546630859e-06,113225519,1061,8471941632.0,65173500.0,1059898.5,3900.29833984375,0.0798375375
1568,2,633078100,False,0.0697181671857834,8410,6230,5770,8.50746533867842e-05,0.000139632349601015,0.0177669078111649,127.240623474121,2.91555802001953e-06,113225519,606826655,1430255232.0,17045100.0,302838.71875,2380.04736328125,0.0208802475
1569,1,633077697,False,0.24537481367588,10580,6510,5600,0.00129712248460876,3.07348273054231e-05,0.00451004412025213,146.740493774414,4.445314453125e-05,113225519,1048,47151915008.0,1180689280.0,5324960.5,36288.28125,1.446344368
1570,2,633077234,True,0.500898599624634,7040,6330,6690,0.00259618804188816,0.0595436210104415,20.9150220918541,351.255461742685,8.8972879296875e-05,113225519,768,121748592.0,1219793.5,25512008.0,72630.921875,0.0014942470375
1571,3,633078591,False,0.305480986833572,6180,4720,6330,0.0102329196454442,0.000147346328077779,0.0506252803106231,343.580196202106,0.000350688128047371,113225519,239,267740858880.0,1942878568.0,98358772.114502,286276.022895813,2.3800262458
1572,1,633076821,False,0.083877220749855,11280,4210,4710,3.17683318877646e-05,2.31954636547016e-05,0.00588230416178703,253.597183227539,1.08871927337646e-06,113225519,589508455,1823160320.0,38315700.0,225384.609375,888.750427246094,0.0469367325
1573,2,633077144,False,0.00886617880314589,8450,5680,7600,2.66211426939147e-06,1.03145204377597e-07,1.13060923467856e-05,109.613357543945,9.12322095870972e-08,113225519,632,64903921664.0,722043008.0,8163.48486328125,74.4752731323242,0.8845026848
1574,1,633077756,False,0.0443163961172104,2280,2180,5360,0.000133973043723239,3.455425722087e-06,0.000356339059012609,103.12450264374,4.59133439331055e-06,113225519,972,158355317376.0,1084679104.0,386513.53125,3748.02807617188,1.3287319024
1575,2,633077326,False,0.0599030442535877,12250,5600,8210,0.000300622479163935,7.86061748685956e-06,0.000483745949380763,61.540451521707,1.0302507800293e-05,113225519,901,8066048608.0,1069917276.0,517568.1484375,8410.21044921875,1.3106486631
1576,2,633077246,False,0.0,0,0,0,0.0,0.0,0.0,0.0,0.0,113225519,786,3756781056.0,40391100.0,0.0,0.0,0.0494790975
1577,1,633078149,False,0.0190956145524979,8230,420,3480,1.62405932317314e-05,1.4272547581693e-07,9.10944579837851e-06,63.8249460808448,5.56574607849121e-07,113225519,385,420516901888.0,3183360336.0,28998.6484375,454.346618652344,3.8996164116
1578,3,633078807,False,0.0,0,0,0,0.0,0.0,0.0,0.0,0.0,113225519,582,37862402048.0,285271200.0,0.0,0.0,0.34945722
1579,2,633077333,False,0.194749861955643,5440,5320,5840,0.00121139285055124,0.00035514633054845,0.132168889045715,372.153289794922,4.15151399414062e-05,113225519,908,5463045632.0,95425200.0,12612242.0,33889.91015625,0.11689587
1580,2,633076725,False,0.265990912914276,8610,2210,6340,0.0076275186435456,0.000232732854783535,0.0867989212274551,372.955169677734,0.000261399515234375,113225519,10,129148190720.0,916876800.0,79583920.0,213387.359375,1.12317408
1581,2,633076987,False,0.391437888145447,4440,3840,9890,0.0143722788620162,9.9078744848661e-05,0.0138193051486157,139.477999743781,0.000492546384075165,113225519,378,642362397696.0,4058172936.0,56081130.1484375,402078.680877686,4.9712618466
1582,2,633077622,False,0.052223227918148,7750,2360,6550,3.54758899693463e-05,1.66068969065236e-06,0.000218126500840299,131.346939086914,1.21577945251465e-06,113225519,484682470,92051095552.0,597627008.0,130358.2890625,992.473022460938,0.7320930848
1583,2,633076758,False,0.384456902742386,6580,4170,5750,0.0250078825624304,0.00881305802613497,2.70939040184021,307.429077148438,0.0008570347296875,113225519,59,9086166016.0,79384496.0,215083584.0,699620.1875,0.0972460076
1584,1,633078307,False,0.538526177406311,9670,3460,5650,0.0748507147999348,0.00634408117658215,1.83953625267458,289.961020591106,0.00256517767809143,113225519,165,34362980928.0,330075000.0,607184928.601562,2094022.59436035,0.404341875
1585,2,633077098,False,0.0,0,0,0,0.0,0.0,0.0,0.0,0.0,113225519,577,48702386176.0,235408496.0,0.0,0.0,0.2883754076
1586,1,633077885,False,0.0,0,0,0,0.0,0.0,0.0,0.0,0.0,113225519,810,22071296000.0,163526400.0,0.0,0.0,0.20031984
1587,2,633077056,False,0.0,0,0,0,0.0,0.0,0.0,0.0,0.0,113225519,506,220483616.0,5330700.0,0.0,0.0,0.0065301075
1588,3,633079275,False,0.386926501989365,8480,5190,6040,0.00481629838967769,0.00688773868332873,1.65732744001247,240.619964869444,0.000165057356542969,113225519,607344830,1606101632.0,19562400.0,32421302.3125,134740.69921875,0.02396394
1589,3,633079168,False,0.086117148399353,12200,4010,9510,0.000660576940115649,4.01687258311037e-06,0.00049312710005762,122.763938824213,2.26383572418213e-05,113225519,1064,685706739712.0,4600666624.0,2268713.390625,18480.2916259766,5.6358166144
1590,2,633077074,False,0.0,0,0,0,0.0,0.0,0.0,0.0,0.0,113225519,538,2907416064.0,70977600.0,0.0,0.0,0.08694756
1591,2,633077537,False,0.0,0,0,0,0.0,0.0,0.0,0.0,0.0,113225519,526157196,5096122880.0,50499900.0,0.0,0.0,0.0618623775
1592,3,633079174,False,0.212703138589859,11060,4310,2140,0.016798790729994,1.68676851865067e-05,0.00193023499680347,114.433899818546,0.000575704361871338,113225519,1073,3740727078912.0,27861721344.0,53779669.609375,469962.744384766,34.1306086464
1593,1,633078205,False,0.0,0,0,0,0.0,0.0,0.0,0.0,0.0,113225519,311,39134773248.0,320056192.0,0.0,0.0,0.3920688352
1594,2,633076762,False,0.151931539177895,6250,3590,6430,0.000380744608095165,0.000146917460369878,0.0400837920606136,272.832061767578,1.30483399169922e-05,113225519,64,11174576128.0,72501296.0,2906127.0,10651.7060546875,0.0888140876
1595,1,633078298,False,0.285757064819336,7150,5060,5670,0.00651627655608107,0.000955550582148135,0.292622029781342,306.233947753906,0.000223316600390625,113225519,181,24941746176.0,190779296.0,55826224.0,182299.265625,0.2337046376
1596,3,633078739,False,0.0,0,0,0,0.0,0.0,0.0,0.0,0.0,113225519,456,1508042688.0,15874200.0,0.0,0.0,0.019445895
1597,1,633077709,False,0.0,0,0,0,0.0,0.0,0.0,0.0,0.0,113225519,1031,8157171200.0,190610096.0,0.0,0.0,0.2334973676
1598,2,633077260,False,0.441746443510056,5460,5400,6970,0.219268045304268,0.0101090609622197,3.57198322514938,353.3447110962,0.00751444387453918,113225519,809,75491269440.0,606806104.0,2167501224.40625,6134239.89758301,0.7433374774
1599,3,633079228,False,0.165180176496506,6810,5340,8290,0.000166229249117313,0.000147094664784463,0.0458908768567018,311.981926223807,5.69677337646484e-06,113225519,484682528,3000829824.0,31615200.0,1450849.25,4650.42724609375,0.03872862
1600,2,633077325,False,0.132882565259933,5000,5240,6670,0.000580698563584087,4.74940497952048e-05,0.01147386059165,241.585235595703,1.99008786621094e-05,113225519,900,11400815616.0,342055808.0,3924700.75,16245.615234375,0.4190183648
1601,2,633076779,False,0.112156093120575,8960,3450,10750,0.000683160809605998,8.08352560852654e-05,0.00787309836596251,97.396842956543,2.34123196289062e-05,113225519,97,25541353472.0,236432704.0,1861458.0,19112.09765625,0.2896300624
1602,2,633077114,False,0.0,0,0,0,0.0,0.0,0.0,0.0,0.0,113225519,598,1557996800.0,20722500.0,0.0,0.0,0.0253850625
1603,3,633078920,False,0.0,0,0,0,0.0,0.0,0.0,0.0,0.0,113225519,743,60198502400.0,560331008.0,0.0,0.0,0.6864054848
1604,1,633077713,False,0.0,0,0,0,0.0,0.0,0.0,0.0,0.0,113225519,1026,2114039552.0,32959800.0,0.0,0.0,0.040375755
1605,2,633076838,False,0.206166833639145,12240,5780,5870,0.000475075019590916,0.00098475837148726,0.229681402444839,233.236312866211,1.62810981689453e-05,113225519,177,1296691712.0,13496400.0,3099872.0,13290.6923828125,0.01653309
1606,3,633078580,False,0.0,0,0,0,0.0,0.0,0.0,0.0,0.0,113225519,312782620,18616910848.0,136285200.0,0.0,0.0,0.16694937
1607,3,633079225,False,0.0,0,0,0,0.0,0.0,0.0,0.0,0.0,113225519,204,26609575936.0,249560992.0,0.0,0.0,0.3057122152
1608,3,633079066,False,0.0541746877133846,12910,2460,6950,0.000109796232469429,3.23994666806902e-06,0.000436685894698196,134.781815701447,3.76278096237183e-06,113225519,944,159591784448.0,948058176.0,414003.6328125,3071.6579284668,1.1613712656
1609,1,633078117,False,0.150840863585472,6240,440,5260,0.000930605654732153,6.94334012223408e-05,0.00873633101582527,125.823173522949,3.18923988769531e-05,113225519,442,39809286144.0,374958016.0,3275757.5,26034.611328125,0.4593235696
1610,1,633077735,False,0.698794782161713,7860,5630,5670,2.08598498530667,0.0002578254789114,0.0685699656605721,265.954956054688,0.0714879228,113225519,997,24762451560421.9,226344927232.0,15520463872.0,58357488.0,277.2725358592
1611,3,633078497,False,0.371510922908783,6320,6280,5770,0.0273242988580537,0.00414249323560524,1.06399604622278,256.849193398217,0.00093641966796875,113225519,118,11531709952.0,184532400.0,196341744.0,764424.21875,0.22605219
1612,3,633078830,False,0.0844478085637093,10060,3880,7580,0.000205279022345192,8.81614075904082e-06,0.00109232870419677,123.90100544579,7.0350318939209e-06,113225519,612,38835075072.0,651405568.0,711549.0,5742.88317871094,0.7979718208
1613,2,633077021,False,0.422285705804825,12060,5680,7810,0.00416119707976619,0.00013995825429447,0.0287025216966867,205.079162597656,0.00014260665234375,113225519,437,51389603840.0,831773696.0,23874002.0,116413.59375,1.0189227776
1614,2,633078276,False,0.0,0,0,0,0.0,0.0,0.0,0.0,0.0,113225519,312782636,19934754816.0,168287392.0,0.0,0.0,0.2061520552
1615,1,633078241,False,0.00746530760079622,5700,4010,4730,2.26279425186841e-06,3.38484085204982e-07,1.35727268570918e-05,40.0985679626465,7.7547279548645e-08,113225519,255,30573668352.0,187021792.0,2538.39575195312,63.3039016723633,0.2291016952
1616,3,633078570,False,0.263266623020172,8320,3240,6870,0.00301185511514586,7.33699331319875e-05,0.0165996514531868,226.245966768502,0.000103218032475281,113225519,215,110417113088.0,1148421632.0,19063398.8125,84259.618347168,1.4068164992
1617,2,633076788,False,0.127941772341728,5890,5530,10070,0.000747621784680217,1.9090732237061e-05,0.00242100861180132,126.815911602458,2.56214348632812e-05,113225519,111,139263502400.0,1095581708.0,2652412.75,20915.45703125,1.3420875923
1618,1,633078172,False,0.411877572536469,5220,5580,4560,0.021226188407841,0.000984266400337219,0.359397500753403,365.142517089844,0.0007274338640625,113225519,351,70418538496.0,603315904.0,216830224.0,593823.5625,0.7390619824
1619,2,633078218,False,0.0,0,0,0,0.0,0.0,0.0,0.0,0.0,113225519,312782558,12035756032.0,69660000.0,0.0,0.0,0.0853335
1620,1,633078106,False,0.0,0,0,0,0.0,0.0,0.0,0.0,0.0,113225519,456,705515392.0,7937100.0,0.0,0.0,0.0097229475
1621,3,633078723,False,0.0,0,0,0,0.0,0.0,0.0,0.0,0.0,113225519,434,110219481088.0,875204992.0,0.0,0.0,1.0721261152
1622,2,633076802,False,0.666905224323273,8470,4550,7050,0.457524275454333,0.00553030241280794,1.24605774879456,225.314590454102,0.015679623925,113225519,128,153638993920.0,2314465280.0,2883957504.0,12799693.0,2.835219968
1623,2,633077080,False,0.0,0,0,0,0.0,0.0,0.0,0.0,0.0,113225519,545,135963.34375,900.0,0.0,0.0,1.1025e-06
1624,2,633077198,False,0.00162496883422136,7690,2560,6310,2.11208145766466e-07,2.25898389771828e-07,2.92145923594944e-05,129.326263427734,7.23822641372681e-09,113225519,706,3334571008.0,26156700.0,764.157348632812,5.90875625610352,0.0320419575
1625,2,633077113,False,0.219277694821358,3900,4610,6150,0.00223893368975061,0.000192421517567709,0.0486143715679646,252.645202636719,7.67295641601562e-05,113225519,597,39456428032.0,325516512.0,15824781.0,62636.37890625,0.3987577272
1626,3,633078934,False,0.0871001705527306,2910,2400,7370,7.85560013280195e-05,5.39871610286679e-07,0.000142170930124177,263.342112115662,2.69216000976562e-06,113225519,767,631922950144.0,4070748672.0,578742.125,2197.681640625,4.9866671232
1627,1,633078086,False,0.0,0,0,0,0.0,0.0,0.0,0.0,0.0,113225519,501,5995744768.0,44468100.0,0.0,0.0,0.0544734225
1628,2,633076942,False,0.0,0,0,0,0.0,0.0,0.0,0.0,0.0,113225519,321,1397268224.0,12087000.0,0.0,0.0,0.014806575
1629,3,633078521,False,0.448112785816193,10680,4390,6720,0.0113539089509629,0.0243635084209658,8.04910120115974,330.375291689646,0.000389105085742187,113225519,147,1289950144.0,13037400.0,104939352.0,317636.8046875,0.015970815
1630,2,633076855,False,0.472791761159897,10880,4380,6560,0.00834952345297999,0.00028565785032697,0.0881606191396713,308.623107910156,0.00028614304140625,113225519,202,74213130240.0,817713024.0,72090088.0,233586.15625,1.0016984544
1631,2,633076732,False,0.0119735980406404,7820,1240,9510,8.25829174653758e-06,2.08972125312599e-07,3.04616997620625e-05,145.769201114719,2.83016477584839e-07,113225519,22,176740355968.0,1105572616.0,33677.62109375,231.03385925293,1.3543264546
1632,2,633077416,False,0.858463883399963,6940,5680,7000,9.7983221075996,0.00121264241170138,0.382543385028839,315.462646484375,0.3357942168,113225519,997,25935647482591.0,226049916928.0,86473900032.0,274117728.0,276.9111482368
1633,1,633076860,False,0.0,0,0,0,0.0,0.0,0.0,0.0,0.0,113225519,312782640,3719783424.0,27284400.0,0.0,0.0,0.03342339
1634,3,633078439,False,0.338597983121872,8810,3100,6540,0.0115647021759343,0.000300865217575278,0.0816426110600069,271.359420400863,0.000396329092578125,113225519,26,121833111552.0,1075345152.0,87793986.0,323533.953125,1.3172978112
1635,3,633079170,False,0.0,0,0,0,0.0,0.0,0.0,0.0,0.0,113225519,1066,25436262400.0,186256800.0,0.0,0.0,0.22816458
1636,1,633077777,False,0.0,0,0,0,0.0,0.0,0.0,0.0,0.0,113225519,951,103042711552.0,561608128.0,0.0,0.0,0.6879699568
1637,2,633077411,True,0.500898599624634,7040,6330,6690,0.00259618804188816,0.0595332311192524,20.911372585827,351.255461742685,8.8972879296875e-05,113225519,991,121772442.417969,1220006.38146973,25512008.0,72630.921875,0.00149450781730041
1638,2,633077380,False,0.453274488449097,10480,3550,6980,0.0141140336612654,8.94772028822063e-05,0.0134116821338285,149.889376308337,0.000483696170336914,113225519,960,156408382144.0,4412900760.0,59184422.28125,394854.016601562,5.405803431
1639,3,633078670,False,0.6339972615242,9400,4500,7100,0.304576312277223,0.00519403957163666,1.39350990539283,268.290198057489,0.0104380079684906,113225519,348,139938778240.0,1640500176.0,2286053245.05469,8520822.8314209,2.0096127156
1640,2,633077078,False,0.0240736808627844,10300,3550,9520,9.14956831832689e-06,4.5308493668017e-07,8.32613441161811e-05,183.765411376953,3.13561045837402e-07,113225519,543,63915220992.0,564945280.0,47038.1015625,255.968200683594,0.692057968
1641,2,633077493,False,0.447484344244003,12970,5680,6240,0.0163899246532521,0.000921983446460217,0.165435194969177,179.434020996094,0.0005616922828125,113225519,1098,28190361600.0,497323808.0,82274864.0,458524.3125,0.6092216648
1642,3,633079215,False,0.260943949222565,7580,6360,5960,0.00408818941809423,0.00355903870452068,0.949530608184432,266.794122519191,0.000140104637171936,113225519,1126,2404465920.0,32135400.0,30513545.90625,114371.132385254,0.039365865
1643,1,633077683,False,0.0,0,0,0,0.0,0.0,0.0,0.0,0.0,113225519,1066,12436417536.0,93128400.0,0.0,0.0,0.11408229
1644,1,633078097,False,0.201967388391495,9030,3780,3180,0.000584391665222856,5.19129450320021e-05,0.00757397381213632,145.897594664824,2.00274434105158e-05,113225519,475,27295732224.0,314929800.0,2385270.05786133,16348.9333963394,0.385789005
1645,1,633077726,False,0.535319983959198,8590,5020,5320,0.0748504388718518,0.000100285367807373,0.0152716934680939,152.282363891602,0.002565168221875,113225519,1009,845764429446.156,20880562176.0,318881536.0,2094014.875,25.5786886656
1646,1,633077719,False,0.0261509194970131,7010,3120,720,5.31805836935847e-05,1.81835671493989e-06,0.000101119532498774,55.6103935316767,1.82252963867187e-06,113225519,1018,101646552320.0,818199908.0,82735.9921875,1487.779296875,1.0022948873
1647,1,633077975,False,0.0,0,0,0,0.0,0.0,0.0,0.0,0.0,113225519,667,10716086272.0,104673600.0,0.0,0.0,0.12822516
1648,3,633078563,False,0.000124724523629993,12480,4950,5910,4.04456250399602e-09,2.38183764484555e-09,2.97729707487724e-07,125.000000790159,1.38609517365694e-10,113225519,207,2455463552.0,47505600.0,14.1438283920288,0.113150626420975,0.05819436
1649,2,633077160,False,0.145377606153488,7770,7250,9030,0.00074470382458599,3.85061975975987e-05,0.00585523154586554,152.059463500977,2.55214346679687e-05,113225519,655,59102130176.0,541051200.0,3167980.0,20833.82421875,0.66278772
1650,2,633077434,False,0.0,0,0,0,0.0,0.0,0.0,0.0,0.0,113225519,1020,61073502208.0,563678080.0,0.0,0.0,0.690505648
1651,2,633077066,False,0.187878713011742,8960,6060,9970,0.000876860342854,4.37472153862473e-05,0.00709641212597489,162.21403503418,3.00505156738281e-05,113225519,526,63115091968.0,560745024.0,3979277.75,24531.033203125,0.6869126544
1652,3,633078907,False,0.0969698280096054,3770,4200,7200,8.31207142234219e-05,9.47083042270518e-07,0.000164887887735425,174.100770868124,2.84859538459778e-06,113225519,723,347773107456.0,2455311608.0,404851.144775391,2325.38398742676,3.0077567198
1653,1,633077780,False,0.344278961420059,8920,5720,4120,0.00657139518581294,0.000289522234134043,0.0324126944963739,111.952350027001,0.000225205547998047,113225519,948,22042980928.0,634981504.0,20581461.5,183841.263671875,0.7778523424
1654,1,633077921,False,0.260150700807571,9690,4240,5170,0.00507156564345473,0.000111839818495078,0.0103703799960449,92.725293509854,0.000173805514300537,113225519,752,23821468832.0,1268618408.0,13156054.9609375,141882.052490234,1.5540575498
1655,2,633076856,False,0.194753915071487,11880,6250,7120,0.00106348321548875,0.00107862730510533,0.185927629470825,172.374313354492,3.64461904296875e-05,113225519,203,2083630976.0,27583200.0,5128479.0,29751.9921875,0.03378942
1656,1,633078396,False,0.145816057920456,4340,1740,5690,0.000476022609608117,5.34197098722702e-06,0.000722795996477955,135.305114574041,1.63135726318359e-05,113225519,31,358041433472.0,2492937940.0,1801885.5625,13317.2021484375,3.0538489765
1657,2,633077331,False,0.0,0,0,0,0.0,0.0,0.0,0.0,0.0,113225519,906,20122912768.0,185507104.0,0.0,0.0,0.2272462024
1658,2,633077376,False,0.151924729347229,4230,4790,8240,0.00159728113476092,5.75225312786642e-05,0.0115856118500233,201.40998840332,5.4739756640625e-05,113225519,956,48486021120.0,776835008.0,9000109.0,44685.515625,0.9516228848
1659,3,633078735,False,0.119746178388596,5110,1040,3470,0.00133547136114811,9.02795960297906e-05,0.0114282737258242,126.587559408807,4.57673829101562e-05,113225519,450,58601955328.0,413838016.0,4729454.125,37361.12890625,0.5069515696
1660,2,633077204,False,0.165062770247459,12700,5280,6430,0.00141176209663305,0.00021161679538169,0.0436671242368163,206.349992958047,4.83819109375e-05,113225519,720,11588294912.0,186636592.0,8149883.25,39495.4375,0.2286298252
1661,3,633078625,False,0.0,0,0,0,0.0,0.0,0.0,0.0,0.0,113225519,289,118055739392.0,854308800.0,0.0,0.0,1.04652828
1662,1,633077672,False,0.0903249084949493,9130,3350,3160,0.000361991778616018,2.45498649746878e-05,0.00338938646018505,138.061309814453,1.24056695068359e-05,113225519,1084,51936776192.0,412510496.0,1398157.5,10127.0771484375,0.5053253576
1663,2,633077257,False,0.406701445579529,7660,5180,6610,0.00975292681848658,0.00251782825216651,0.742956936359406,295.078460693359,0.00033423849375,113225519,804,9012406272.0,108366304.0,80511496.0,272847.75,0.1327487224
1664,1,633077642,False,0.0886633470654488,11240,6160,3170,0.000479098838807848,3.42869752785191e-05,0.00142771785613149,41.6402397155762,1.64189968017578e-05,113225519,1123,4569360640.0,390914112.0,558115.0625,13403.2626953125,0.4788697872
1665,2,633076968,False,0.368659555912018,10550,4550,6620,0.00555279400285114,0.0129128023982048,3.50705575942993,271.595245361328,0.000190297491015625,113225519,350,1184316800.0,12030300.0,42190932.0,155344.890625,0.0147371175
1666,3,633078647,False,0.299033641815186,4330,3470,9770,0.0143730107761791,1.83842910381266e-05,0.00248662597175079,135.258192257392,0.000492571467200661,113225519,322,3577632778112.0,21871888128.0,54387205.0703125,402099.156898499,26.7930629568
1667,1,633077674,False,0.0,0,0,0,0.0,0.0,0.0,0.0,0.0,113225519,1081,374943680.0,4872600.0,0.0,0.0,0.005968935
1668,1,633078266,False,0.143349573016167,11880,4600,4350,0.000376700787070237,3.12643460347317e-05,0.00479731429368258,153.443618774414,1.29097558105469e-05,113225519,225,19717115904.0,337079712.0,1617077.25,10538.576171875,0.4129226472
1669,3,633079162,False,0.136078402400017,12470,1900,4120,0.00139431308483358,7.61206533756797e-06,0.000777207952891167,102.102112688838,4.77839231201172e-05,113225519,1056,769710129152.0,5124402176.0,3982726.125,39007.2841796875,6.2773926656
1670,2,633077282,False,0.0541716106235981,9290,3700,10600,0.000209378716657944,5.03513692819979e-05,0.00602758256718516,119.710403442383,7.17553081054687e-06,113225519,836,10697664512.0,116334000.0,701212.8125,5857.576171875,0.14250915
1671,1,633077673,False,0.266152828931808,8040,4890,5430,0.000958470302607751,0.000122578755757407,0.0295462145752197,241.038623639598,3.28473366210937e-05,113225519,1083,15604363136.0,218750404.0,6463246.375,26814.15234375,0.2679692449
1672,1,633078024,False,0.0,0,0,0,0.0,0.0,0.0,0.0,0.0,113225519,601,6561069056.0,50253300.0,0.0,0.0,0.0615602925
1673,1,633078333,False,0.0,0,0,0,0.0,0.0,0.0,0.0,0.0,113225519,132,709925504.0,9615600.0,0.0,0.0,0.01177911
1674,1,633078383,False,0.0,0,0,0,0.0,0.0,0.0,0.0,0.0,113225519,52,60793511936.0,592686016.0,0.0,0.0,0.7260403696
1675,2,633078270,False,0.0254837162792683,9570,3420,10440,3.01970009346339e-05,1.46390147707014e-06,0.000239929456854674,163.89727082923,1.03486884460449e-06,113225519,312782628,73207916800.0,577081796.0,138458.921875,844.790893554688,0.7069252001
1676,3,633079014,False,0.362717986106873,10470,4000,6030,0.00338787656724969,0.00101519473367914,0.39671084483176,390.773150875251,0.000116104507080078,113225519,880,9408750080.0,93360600.0,37037162.5,94779.189453125,0.114366735
1677,1,633077932,False,0.0801581293344498,2390,3910,5560,0.000143456771827963,6.37325654170024e-06,0.000752093317429541,118.007695517761,4.91634729003906e-06,113225519,731,108573680568.0,629716488.0,473605.5625,4013.3447265625,0.7714026978
1678,2,633076859,False,0.000124724523629993,12480,4950,5910,4.04456250399602e-09,4.76367523205568e-09,5.95459425767331e-07,125.0,1.38609517365694e-10,113225519,207,1294551808.0,23752800.0,14.1438283920288,0.113150626420975,0.02909718
1679,1,633077131,False,0.0,0,0,0,0.0,0.0,0.0,0.0,0.0,113225519,496345668,17415245824.0,188627392.0,0.0,0.0,0.2310685552
1680,1,633077803,False,0.0403213277459145,7230,4870,690,4.49035702503996e-05,3.53460620165837e-06,0.000350641367452681,99.2023856259197,1.53887155761719e-06,113225519,922,34754531712.0,355406404.0,124620.1875,1256.2216796875,0.4353728449
1681,2,633077388,False,0.214388251304626,11640,3930,6300,0.000792987770202033,3.24529064528178e-05,0.0148444902151823,457.416351318359,2.71761536621094e-05,113225519,968,106242547712.0,683594112.0,10147606.0,22184.615234375,0.8374027872
1682,1,633077815,False,0.0782932937145233,5280,5410,5100,4.84810445839714e-05,1.42132794280769e-05,0.00433267187327147,304.832672119141,1.6614736907959e-06,113225519,908,5466371584.0,95425200.0,413446.09375,1356.30505371094,0.11689587
1683,2,633076840,False,0.0134857324883342,4590,4440,9840,5.08170716225732e-06,7.8598208119729e-07,9.93766443571076e-05,126.43627166748,1.74153070068359e-07,113225519,180,26433769472.0,180876608.0,17974.91015625,142.165771484375,0.2215738448
1684,1,633076884,False,0.0,0,0,0,0.0,0.0,0.0,0.0,0.0,113225519,312782612,12039732224.0,65832300.0,0.0,0.0,0.0806445675
1685,2,633077240,False,0.260049492120743,4330,3840,6030,0.00376028342997223,2.9969316342086e-05,0.0055434583504333,184.971131378416,0.000128867107597351,113225519,776,182213293568.0,3510178132.0,19458526.2773438,105197.63885498,4.2999682117
1686,3,633079209,False,0.0,0,0,0,0.0,0.0,0.0,0.0,0.0,113225519,1116,393808432.0,26125200.0,0.0,0.0,0.03200337
1687,3,633079195,True,0.500898599624634,7040,6330,6690,0.00259618804188816,0.0595436210104415,20.9150220918541,351.255461742685,8.8972879296875e-05,113225519,1099,121748592.0,1219793.5,25512008.0,72630.921875,0.0014942470375
1688,2,633077339,False,0.147772669792175,8600,2910,7600,0.00175422251117353,0.0005431825411506,0.0883763059973717,162.700942993164,6.01182291992187e-05,113225519,916,3710658560.0,90349200.0,7984728.5,49076.10546875,0.11067777
1689,1,633077829,False,0.0,0,0,0,0.0,0.0,0.0,0.0,0.0,113225519,893,7437346304.0,93616200.0,0.0,0.0,0.114679845
1690,1,633077638,False,0.0,0,0,0,0.0,0.0,0.0,0.0,0.0,113225519,1128,43254464512.0,249867008.0,0.0,0.0,0.3060870848
1691,1,633078293,False,0.319538205862045,6250,4730,5620,0.00276414402649453,0.0018947635544464,0.583442866802216,307.923858642578,9.472882890625e-05,113225519,189,4560927744.0,40812300.0,23811646.0,77329.65625,0.0499950675
1692,2,633076771,False,0.603066027164459,4160,3910,6380,0.00557524238452733,9.36455326154828e-05,0.0209477636963129,223.692077636719,0.00019106681015625,113225519,81,42931819008.0,1665566976.0,34889904.0,155972.90625,2.0403195456
1693,3,633079009,False,0.391437888145447,4440,3840,9890,0.0199916726294744,0.000501936655851442,0.0671026068885984,133.687400803138,0.000685126287890625,113225519,873,124933992448.0,1114257664.0,74769594.0,559286.765625,1.3649656384
1694,2,633077068,False,0.348689407110214,10420,3410,6510,0.0196518459215853,2.38474897167153e-05,0.00540863301102108,226.800936923354,0.000673480228292847,113225519,528,3584958850048.0,23053989528.0,124690568.796875,549779.778198242,28.2411371718
1695,2,633077228,False,0.174822151660919,9990,4500,6090,0.000229957278358217,0.000380926765501499,0.0613657906651497,161.09602355957,7.88077012939453e-06,113225519,757,1395467520.0,16888500.0,1036376.125,6433.28173828125,0.0206884125
1696,2,633077025,False,0.00308227422647178,7610,1980,5730,8.07686991558666e-07,5.26455181670826e-08,8.44434089231072e-06,160.399993896484,2.76799045562744e-08,113225519,443,16176490496.0,429207296.0,3624.37255859375,22.5958404541016,0.5257789376
1697,2,633078232,False,0.0195123050361872,9270,1850,9780,2.05637785140835e-05,1.72406234923983e-05,0.00241712504066527,140.199401855469,7.04732690429687e-07,113225519,312782578,4310790144.0,33368400.0,80655.59375,575.2919921875,0.04087629
1698,1,633077854,False,0.0858545452356339,10810,3880,4500,9.71936895093053e-05,7.10304811946116e-05,0.00638125836849213,89.8383178710938,3.33088446044922e-06,113225519,850,750324416.0,38280600.0,244278.40625,2719.08935546875,0.046893735
1699,2,633077007,False,0.298755168914795,7560,4620,5990,0.00689929086322982,0.00612097280099988,1.94031882286072,316.995178222656,0.00023644272421875,113225519,414,3968364032.0,31533300.0,61184656.0,193014.46875,0.0386282925
1700,2,633077304,False,0.261922985315323,12400,7350,7220,0.00188060698937286,0.000411421118769795,0.0635645017027855,154.499847412109,6.44494990234375e-05,113225519,866,2047919232.0,127878304.0,8128521.0,52611.8359375,0.1566509224
1701,1,633077585,False,0.139395162463188,10000,5760,4180,0.000138621317291372,2.68125495495042e-05,0.00523078255355358,195.087097167969,4.75063344116211e-06,113225519,549009215,9726496768.0,144636304.0,756561.0625,3878.06811523438,0.1771794724
1702,3,633079250,False,0.0,0,0,0,0.0,0.0,0.0,0.0,0.0,113225519,10704,73510715392.0,617394624.0,0.0,0.0,0.7563084144
1703,1,633077699,False,0.0,0,0,0,0.0,0.0,0.0,0.0,0.0,113225519,1046,8003481088.0,62379000.0,0.0,0.0,0.076414275
1704,2,633077040,False,0.67063969373703,6610,5790,6520,0.76358103005463,0.0123421341007774,4.82476597615821,390.918291501492,0.0261683675158691,113225519,467,203606863264.0,1730813528.0,8350770220.96875,21361932.6660156,2.1202465718
1705,3,633079112,True,0.500898599624634,7040,6330,6690,0.00259618804188816,0.0595332311192524,20.911372585827,351.255461742685,8.8972879296875e-05,113225519,991,121772442.417969,1220006.38146973,25512008.0,72630.921875,0.00149450781730041
1706,2,633077286,False,0.240575313568115,10240,7140,5790,0.00116788155274746,0.000242468930082396,0.020566726103425,84.8221054077148,4.00239823730469e-05,113225519,841,2022537088.0,134749792.0,2771362.0,32672.638671875,0.1650684952
1707,2,633077335,False,0.160154119133949,3110,3070,6550,0.000489938387547679,0.000163133110618219,0.0351225323975086,215.299835205078,1.67904744628906e-05,113225519,910,8102698496.0,84020400.0,2951009.25,13706.509765625,0.10292499
1708,1,633078140,False,0.0,0,0,0,0.0,0.0,0.0,0.0,0.0,113225519,402,45754430528.0,341200800.0,0.0,0.0,0.41797098
1709,2,633077612,False,0.0,0,0,0,0.0,0.0,0.0,0.0,0.0,113225519,527696977,99353616.0,1668600.0,0.0,0.0,0.002044035
1710,3,633079260,False,0.858463883399963,6940,5680,7000,2.33840454606422,0.0129683020727162,4.36523244321934,336.60786267489,0.0801384884559135,113225519,290,468224232704.0,5044544296.0,22020608422.1562,65419174.2497253,6.1795667626
1711,2,633076796,False,0.0,0,0,0,0.0,0.0,0.0,0.0,0.0,113225519,121,1615471872.0,17208000.0,0.0,0.0,0.0210798
1712,2,633076991,False,0.00653520599007607,7710,2380,6540,1.65843770337833e-06,1.01164152610522e-08,1.2917710137117e-06,127.690589904785,5.68356279373169e-08,113225519,382,758577954816.0,4586252288.0,5924.3876953125,46.3964309692383,5.6181590528
1713,3,633078545,False,0.358818888664246,6450,5390,5840,0.0287009030123054,0.00210435853093042,0.748768964950998,355.818152631974,0.000983596695703125,113225519,181,52324638720.0,381558592.0,285699232.0,802936.078125,0.4674092752
1714,1,633077636,False,0.421673238277435,10210,3840,4310,0.0382964532667,0.000618375098695058,0.207911599441726,336.222464132978,0.00131244180275879,113225519,1132,116799626240.0,1732574720.0,360222381.1875,1071381.06347656,2.122404032
1715,3,633078576,False,0.637140989303589,6750,7080,6030,0.10134794383236,0.0110563179831026,2.79188439977164,252.514843009986,0.00347325318046875,113225519,223,16360242176.0,256442400.0,715957536.0,2835308.71875,0.31414194
1716,3,633079223,False,0.0504466444253922,8360,3120,5740,5.7510222438857e-05,0.00012347509726653,0.0171581388212575,138.96031832411,1.97090888519287e-06,113225519,599626923,699314240.0,13030200.0,223573.98046875,1608.90521240234,0.015961995
1717,3,633079264,False,0.296576172113419,8260,5430,6000,0.00193417895224838,0.00315208395681876,0.699143598615917,221.803609356118,6.62854414550781e-05,113225519,607344862,2127197824.0,17166600.0,12001918.5,54110.564453125,0.021029085
1718,3,633078446,False,0.172496423125267,9230,3740,5950,0.000304291476550093,0.00029075147447761,0.0635427695470998,218.546680326441,1.04282464818954e-05,113225519,35,2478775936.0,29278800.0,1860456.04101562,8512.85427093506,0.03586653
1719,2,633077060,False,0.0,0,0,0,0.0,0.0,0.0,0.0,0.0,113225519,514,207679920.0,10040400.0,0.0,0.0,0.01229949
1720,3,633078831,False,0.0,0,0,0,0.0,0.0,0.0,0.0,0.0,113225519,613,43608070144.0,283069792.0,0.0,0.0,0.3467604952
1721,1,633078188,False,0.0167751479893923,6170,6160,5330,1.88275144586647e-06,1.88362591870828e-05,0.00531431939452887,282.132446289062,6.45229907989502e-08,113225519,332,394880192.0,2796300.0,14860.431640625,52.6718292236328,0.0034254675
1722,1,633078377,False,0.475731551647186,6530,5710,4760,0.0181851339059329,0.00865379441529512,3.48157477378845,402.317718505859,0.0006232151515625,113225519,63,7279755264.0,58788900.0,204677952.0,508747.0625,0.0720164025
1723,3,633079241,False,0.0,0,0,0,0.0,0.0,0.0,0.0,0.0,113225519,496345664,18190325248.0,186573600.0,0.0,0.0,0.22855266
1724,3,633079099,False,0.244673907756805,11600,7000,6840,0.0024255316386665,0.000106537947777015,0.0174746549437763,164.022822932078,8.3124384765625e-05,113225519,978,25037523968.0,636924608.0,11130037.75,67856.640625,0.7802326448
1725,2,633076978,False,0.691156387329102,7580,5570,6780,0.160377668316063,0.0598807074129581,23.5250549316406,392.865325927734,0.0054962362875,113225519,364,9450076160.0,74927696.0,1762678144.0,4486723.5,0.0917864276
1726,1,633078407,False,0.000411824934417382,9550,5510,1490,1.32485927560239e-08,5.1336429551796e-10,7.01842353123538e-08,136.714294433594,4.54037005454302e-10,113225519,20,57664634880.0,721987200.0,50.672119140625,0.370642453432083,0.88443432
1727,3,633078501,False,0.0964121073484421,10450,6980,6850,7.36400421322831e-05,6.25538661795162e-06,0.000669391479580313,107.010408862548,2.52368721923828e-06,113225519,122,11223102464.0,329340608.0,220457.796875,2060.15283203125,0.4034422448
1728,1,633078285,False,0.342071294784546,12190,4840,5200,0.00388811941153935,0.000133022185764275,0.0359457321465015,270.223571777344,0.000133248121289062,113225519,202,78769389568.0,817713024.0,29393294.0,108773.9765625,1.0016984544
1729,3,633078810,False,0.505361616611481,8490,3770,5610,0.005136676249676,0.0017285611553465,0.594188907653594,343.747692012948,0.000176036892773437,113225519,587,10230837760.0,83134800.0,49397776.0,143703.5859375,0.10184013
1730,3,633078759,False,0.264428585767746,5950,860,5650,0.00606674268451352,7.71281981750588e-06,0.000992753596045899,128.714739814437,0.00020791081226992,113225519,500,3195512815872.0,22005325688.0,21845866.2089232,169723.112057078,26.9565239678
1731,2,633078264,False,0.0,0,0,0,0.0,0.0,0.0,0.0,0.0,113225519,312782620,9336731648.0,68142600.0,0.0,0.0,0.083474685
1732,1,633077965,False,0.0,0,0,0,0.0,0.0,0.0,0.0,0.0,113225519,680,296994208.0,4333500.0,0.0,0.0,0.0053085375
1733,1,633077936,False,0.293312042951584,8830,5230,3530,0.00824928784365496,7.77376284203778e-05,0.0119974135223275,154.332126746262,0.000282707908578491,113225519,726,355680579584.0,2968729184.0,35617071.65625,230781.966186523,3.6366932504
1734,2,633076765,False,0.0145518044009805,1920,3090,7400,5.8255293059251e-06,1.41184511903703e-06,7.19139206921682e-05,50.9361267089844,1.99644289016724e-07,113225519,68,11527284736.0,115434000.0,8301.3115234375,162.97492980957,0.14140665
1735,1,633078166,False,0.00995218846946955,6200,430,4490,3.29726357729254e-06,1.46241997063809e-07,1.52140763306956e-05,104.0335651602,1.12999147033691e-07,113225519,361,100591956480.0,630764100.0,9596.4931640625,92.2442016601562,0.7726860225
1736,2,633077229,False,0.0,0,0,0,0.0,0.0,0.0,0.0,0.0,113225519,759,5677603328.0,33389100.0,0.0,0.0,0.0409016475
1737,2,633076813,False,0.684102892875671,6870,6000,6330,0.530233135056004,0.0161300980932195,5.61675516381549,348.215809436184,0.0181713989754883,113225519,141,106451427520.0,919634524.0,5165361961.5,14833795.0820312,1.1265522919
1738,1,633078133,False,0.276765674352646,7570,4840,5270,0.00058392004151518,0.000518047250807285,0.171730563044548,331.495941162109,2.00112805908203e-05,113225519,414,3658884096.0,31533300.0,5415231.5,16335.7392578125,0.0386282925
1739,2,633078287,False,0.0,0,0,0,0.0,0.0,0.0,0.0,0.0,113225519,312782648,11078611968.0,81117904.0,0.0,0.0,0.0993694324
1740,1,633078057,False,0.0307772662490606,13090,7070,4000,4.97091791572582e-05,2.11413844226627e-05,0.000909370253793895,43.0137519836426,1.7035625793457e-06,113225519,553,581296640.0,65779200.0,59817.6484375,1390.66333007812,0.08057952
1741,2,633077605,False,0.339586496353149,7120,7230,5880,0.00687495023372144,0.00524105224758387,1.13700497150421,216.942123413086,0.000235608556640625,113225519,10671,1430581120.0,36697500.0,41725240.0,192333.515625,0.0449544375
1742,1,633078300,False,0.0,0,0,0,0.0,0.0,0.0,0.0,0.0,113225519,178,14629581824.0,182583904.0,0.0,0.0,0.2236652824
1743,2,633077428,False,0.0869756266474724,7170,2590,10530,0.000179027212228693,9.16173807290912e-06,0.00118838944791464,129.712226922167,6.13536704101562e-06,113225519,1011,84611191936.0,546671696.0,649658.875,5008.462890625,0.6696728276
1744,3,633079269,False,0.21821765601635,7980,3530,6310,0.0015538820285992,0.00077695175103483,0.182625609459672,235.053990439472,5.32524439453125e-05,113225519,549009203,6074344960.0,55951200.0,10218122.0,43471.3828125,0.06854022
1745,1,633077945,False,0.0135382972657681,3820,3640,5680,3.91039273376162e-06,1.60728222908801e-06,0.000148723236634396,92.530876159668,1.34011441040039e-07,113225519,707,13435653120.0,68063400.0,10122.609375,109.397094726562,0.083377665
1746,3,633079038,False,0.0957858562469482,11380,4060,6270,2.55870248945937e-05,6.53926787348856e-06,0.00173022410889488,264.589881064445,8.76882275390625e-07,113225519,912,14668803072.0,109465200.0,189399.328125,715.822265625,0.13409487
1747,3,633078441,False,0.0,0,0,0,0.0,0.0,0.0,0.0,0.0,113225519,28,105175715840.0,943808384.0,0.0,0.0,1.1561652704
1748,2,633076752,False,0.386253118515015,6590,4290,5710,0.0200992820772349,0.000780504981192125,0.222202237251657,284.690351254735,0.000688814126464844,113225519,51,74177256448.0,720427492.0,160080600.5,562297.24609375,0.8825236777
1749,1,633078014,False,0.0,0,0,0,0.0,0.0,0.0,0.0,0.0,113225519,613,21432578048.0,141534896.0,0.0,0.0,0.1733802476
1750,3,633078596,False,0.477248996496201,9100,4400,7110,0.0705442393657092,0.0159158883930156,3.74337664034375,235.197467329971,0.00241759225175781,113225519,246,10169972736.0,123998400.0,464172714.0,1973544.6953125,0.15189804
1751,2,633077356,False,0.13634717464447,5970,980,5700,0.000612181269740938,6.2818122387398e-05,0.00806663278490305,128.412506103516,2.0979809375e-05,113225519,935,35691335680.0,272634304.0,2199240.75,17126.375,0.3339770224
1752,2,633077469,False,0.0,0,0,0,0.0,0.0,0.0,0.0,0.0,113225519,1066,12999844864.0,93128400.0,0.0,0.0,0.11408229
1753,3,633078597,False,0.0869756266474724,7170,2590,10530,0.000814198657820179,4.36793535730167e-06,0.000417706284009612,95.6301432692569,2.79030631591797e-05,113225519,247,732772768960.0,5214823224.0,2178264.43066406,22778.0107421875,6.3881584494
1754,3,633078777,False,0.0375647358596325,8390,310,3930,6.06658894473724e-05,1.79808283948947e-06,0.000168544778823921,93.7358252480605,2.07905543518066e-06,113225519,533,123589448256.0,943887608.0,159087.328125,1697.18811035156,1.1562623198
1755,2,633076847,False,0.222108855843544,12550,7380,6030,0.00328714669422468,0.000364450213965029,0.0256801266223192,70.462646484375,0.000112652435546875,113225519,190,2463439104.0,252328496.0,6479827.5,91961.171875,0.3091024076
1756,1,633077997,False,0.416118711233139,7750,3100,5240,0.00342322098372935,0.000734593952074647,0.200747296214104,273.276550292969,0.000117315780859375,113225519,634,12992584704.0,130368600.0,26171144.0,95767.984375,0.159701535
1757,3,633078548,False,0.0,0,0,0,0.0,0.0,0.0,0.0,0.0,113225519,187,74448809984.0,490786208.0,0.0,0.0,0.6012131048
1758,3,633078534,False,0.0,0,0,0,0.0,0.0,0.0,0.0,0.0,113225519,163,85313937408.0,723279616.0,0.0,0.0,0.8860175296
1759,3,633078930,False,0.0,0,0,0,0.0,0.0,0.0,0.0,0.0,113225519,759,11004409344.0,66778200.0,0.0,0.0,0.081803295
1760,2,633077343,False,0.348689407110214,10420,3410,6510,0.00831571613879228,0.000126728456702202,0.0419382193484696,330.929772521572,0.000284984445019531,113225519,920,313010552832.0,1835738944.0,76987622.5,232640.36328125,2.2487802064
1761,2,633076766,False,0.344538867473602,5130,5760,6090,0.0101176346890369,0.00631972076371312,2.14380836486816,339.225158691406,0.0003467372453125,113225519,72,6565428224.0,44788500.0,96017960.0,283050.8125,0.0548659125
1762,2,633076906,False,0.320834934711456,5820,6830,7710,0.000988536196577976,0.000410852662753314,0.139133274555206,338.645202636719,3.38777123535156e-05,113225519,268,9751100416.0,67311904.0,9365326.0,27655.275390625,0.0824570824
1763,1,633077981,False,0.344278961420059,8920,5720,4120,0.00399523192083805,0.000297414284432307,0.0384924709796906,129.423751831055,0.000136918929492187,113225519,658,13868232704.0,375807616.0,14465764.0,111770.5546875,0.4603643296
1764,2,633078314,False,0.0387785024940968,12520,5200,7540,4.71867652883003e-05,2.85826081380947e-05,0.00472028739750385,165.145446777344,1.61711798400879e-06,113225519,589508451,1281504384.0,46185300.0,218007.890625,1320.09631347656,0.0565769925
1765,3,633078658,False,0.0,0,0,0,0.0,0.0,0.0,0.0,0.0,113225519,334,84388843520.0,645989376.0,0.0,0.0,0.7913369856
1766,2,633077352,False,0.298222929239273,7460,3610,6200,0.00590902920527447,0.000755889166612178,0.188489720225334,249.361572265625,0.000202505879296875,113225519,930,20662525952.0,218697296.0,41222192.0,165310.921875,0.2679041876
1767,3,633078589,False,0.207130298018456,12690,5220,6260,0.00112192313147546,0.00374509670844557,0.910698270153207,243.170828699695,3.84489604553223e-05,113225519,237,470257296.0,8380800.0,7632380.0625,31386.9064941406,0.01026648
1768,3,633079146,False,0.122428365051746,12780,4870,7920,0.000550502710222643,6.82800069886487e-06,0.000928497627657076,135.983821415167,1.88660491455078e-05,113225519,1033,356136501248.0,2255544064.0,2094267.3125,15400.8564453125,2.7630414784
1769,2,633077133,False,0.320834934711456,5820,6830,7710,0.00213256065392589,0.000414983282704651,0.133276295973282,321.16063833862,7.30840981445312e-05,113225519,619,18490347008.0,143766004.0,19160600.5,59660.48828125,0.1761133549
1770,1,633077663,False,0.0,0,0,0,0.0,0.0,0.0,0.0,0.0,113225519,1094,22499000320.0,122770800.0,0.0,0.0,0.15039423
1771,1,633077837,False,0.162385478615761,4470,2450,1890,0.0028372608625201,0.000225962809054181,0.0284997597336769,126.125885009766,9.7234585546875e-05,113225519,878,42114486272.0,351275392.0,10011264.0,79375.171875,0.4303123552
1772,3,633078523,False,0.476632118225098,6520,3690,5670,0.085440431790402,0.00597516938643138,1.48550872914346,248.613659809678,0.002928093459375,113225519,149,39967295488.0,400035584.0,594256352.0,2390280.375,0.4900435904
1773,1,633078031,False,0.0190956145524979,8230,420,3480,1.62405932317314e-05,7.99141389506985e-07,5.10051540913992e-05,63.8249473571777,5.56574607849121e-07,113225519,593,58732699648.0,568543488.0,28998.6484375,454.346618652344,0.6964657728
1774,3,633078992,False,0.0,0,0,0,0.0,0.0,0.0,0.0,0.0,113225519,847,100949090304.0,642502784.0,0.0,0.0,0.7870659104
1775,1,633077641,False,0.0,0,0,0,0.0,0.0,0.0,0.0,0.0,113225519,1125,39792582656.0,278974784.0,0.0,0.0,0.3417441104
1776,3,633078741,False,0.0,0,0,0,0.0,0.0,0.0,0.0,0.0,113225519,461,2746286720.0,30299400.0,0.0,0.0,0.037116765
1777,1,633077956,False,0.0314034260809422,3870,5030,2230,2.51354679345207e-05,2.62660910266277e-06,0.000346315879141912,131.849029541016,8.61407154846191e-07,113225519,694,34127491072.0,267717600.0,92714.859375,703.189514160156,0.32795406
1778,2,633077400,False,0.442220449447632,7570,6260,5940,0.0230444442114507,0.0108361458405852,3.89078998565674,359.056640625,0.0007897465515625,113225519,980,7423966720.0,59494500.0,231480608.0,644691.0625,0.0728807625
1779,3,633078519,False,0.313526332378387,10490,3700,6300,0.0157236076698518,0.000508464399831382,0.112278751978358,220.819298294221,0.0005388572109375,113225519,145,31577385984.0,865121408.0,97134752.0,439883.4375,1.0597737248
1780,1,633078070,False,0.00491336779668927,7900,2390,5280,2.00628955421237e-06,2.84846828435548e-06,0.000371994217857718,130.594467163086,6.87567138671875e-08,113225519,531,2555444480.0,19704600.0,7329.9970703125,56.1279296875,0.024138135
1781,3,633078990,False,0.0,0,0,0,0.0,0.0,0.0,0.0,0.0,113225519,844,331359666176.0,2588785152.0,0.0,0.0,3.1712618112
1782,2,633076839,False,5.65111186006106e-05,7390,4070,8500,2.09708630480638e-09,3.2132108085392e-10,6.44896900325875e-08,200.701705932617,7.18683714978397e-11,113225519,178,13514530816.0,182583904.0,11.7747793197632,0.0586680583655834,0.2236652824
1783,2,633077006,False,0.0222383867949247,10180,6460,8310,6.75156087355063e-06,1.67790028626769e-06,3.71269597962964e-05,22.1270351409912,2.31379931259155e-07,113225519,413,1375588352.0,112570200.0,4179.38916015625,188.881576538086,0.137898495
1784,2,633077322,False,0.16192564368248,6520,4800,7470,0.000563887506483535,1.47990198234944e-05,0.00299705734250036,202.517286836952,1.93247539245605e-05,113225519,896,48118477824.0,1065969876.0,3194772.84375,15775.3093261719,1.3058130981
1785,1,633076738,False,0.245594918727875,5260,6870,5200,0.00414878883774621,0.00514533743262291,1.48615789413452,288.835845947266,0.000142181414648437,113225519,576073699,1985068544.0,22557600.0,33524154.0,116066.4609375,0.02763306
1786,3,633079126,True,0.500898599624634,7040,6330,6690,0.00259618804188816,0.0595332314349587,20.9113726967205,351.255461742685,8.8972879296875e-05,113225519,1009,121772440.0,1220006.375,25512008.0,72630.921875,0.001494507809375
1787,2,633076889,False,0.520042836666107,4560,5220,6010,0.114897343383878,0.00233986801203381,0.709553929627358,303.245279638921,0.00393759901035156,113225519,242,139590348800.0,1373738400.0,974741480.0,3214366.5390625,1.68282954
1788,3,633078467,False,0.133096680045128,8250,4530,8000,0.000200331790689179,0.000348199476390287,0.068665893163349,197.202746756527,6.86548737792969e-06,113225519,66,1099080608.0,16095600.0,1105218.75,5604.4794921875,0.01971711
1789,1,633077996,False,0.17179511487484,7330,5180,4910,0.000774078430066035,9.90239338602208e-06,0.00258046921980748,260.590457196943,2.65281195404053e-05,113225519,637,197390324736.0,2186906432.0,5643244.734375,21655.6077880859,2.6789603792
1790,1,633076898,False,0.0,0,0,0,0.0,0.0,0.0,0.0,0.0,113225519,312782594,4589344768.0,35704800.0,0.0,0.0,0.04373838
1791,2,633077268,False,0.0242422353476286,10980,1780,6210,3.08207658692421e-05,1.44741568419704e-06,0.000332128576701507,229.463165283203,1.05624563293457e-06,113225519,820,79081635840.0,595710912.0,197852.625,862.241333007812,0.7297458672
1792,2,633076812,True,0.995573461055756,7060,5960,6350,0.0065044745817771,0.188807231455699,288.490071183726,1527.96092056154,0.00022291213984375,113225519,141,435042592.0,963782.4375,278041664.0,181969.09375,0.0011806334859375
1793,1,633077632,False,0.0280804615467787,10720,4510,5590,5.29108690867676e-06,6.84893893776461e-06,0.00133871776051819,195.463531494141,1.81328636169434e-07,113225519,599626927,2591405568.0,21612600.0,28933.171875,148.023376464844,0.026475435
1794,1,633077985,False,0.0,0,0,0,0.0,0.0,0.0,0.0,0.0,113225519,654,48678756352.0,246657600.0,0.0,0.0,0.30215556
1795,1,633078415,False,0.698794782161713,7860,5630,5670,1.80197162040026,0.000250579045005329,0.0714473163770337,285.128855748948,0.061754619038174,113225519,8,23770598783603.8,201181762456.0,14373897031.4831,50411933.9087135,246.4476590086
1796,3,633078498,False,0.20947177708149,4450,5180,9580,0.00187856914351498,3.36599266264086e-05,0.00569309442174469,169.135675336798,6.43796608566277e-05,113225519,119,224848995112.0,1561346992.0,8888895.85056305,52554.8251890838,1.9126500652
1797,1,633077958,False,0.0,0,0,0,0.0,0.0,0.0,0.0,0.0,113225519,692,9130971136.0,75768304.0,0.0,0.0,0.0928161724
1798,2,633076936,False,0.699556529521942,7790,5460,6850,2.67202758796807,0.00452135782688856,1.33154380321503,294.500854492188,0.0915719448,113225519,313,1668674812288.0,16533220352.0,22014707712.0,74752608.0,20.2531949312
1799,3,633078566,False,0.396385461091995,8070,6050,6610,0.00726017758558803,0.00291408603290944,0.781939186164626,268.330851366091,0.000248810522802734,113225519,210,5024620032.0,69699600.0,54500848.5,203110.630859375,0.08538201
1800,3,633078819,False,0.543859720230103,6580,4440,5610,0.0124575544006207,0.00155161271793218,0.515961944000105,332.532685532329,0.000426927659375,113225519,599,27610157056.0,224612992.0,115891756.0,348512.375,0.2751509152
1801,2,633076974,False,0.455514758825302,10670,4650,6520,0.01284134336767,0.0169095080345869,5.87753868103027,347.587829589844,0.00044008033125,113225519,358,2607876608.0,21245400.0,124870664.0,359249.25,0.026025615
1802,1,633078322,False,0.375871419906616,10760,4400,4690,0.00168059952119344,0.00721254711970687,1.76088488101959,244.141891479492,5.75951263671875e-05,113225519,147,533467328.0,6518700.0,11478680.0,47016.4296875,0.0079854075
1803,1,633077824,False,0.523277938365936,10640,4060,4930,0.0337672966088438,0.00387733452953398,1.14136350154877,294.368072509766,0.0011572249609375,113225519,898,24425334784.0,243639904.0,278081696.0,944673.4375,0.2984588824
1804,2,633077028,False,0.00647596782073379,2250,4130,7540,1.46381741718121e-06,2.42406770212256e-07,1.35790096464916e-05,56.0174522399902,5.01658771514892e-08,113225519,448,24167510016.0,168938096.0,2294.01196289062,40.9517364501953,0.2069491676
1805,3,633079093,False,0.184222638607025,3130,3070,6540,0.000912422273541369,1.17665737292384e-05,0.00244245686314521,207.575877171111,3.12692437919617e-05,113225519,972,312690267136.0,2169358208.0,5298563.84375,25525.9132995605,2.6574638048
1806,3,633078933,False,0.0,0,0,0,0.0,0.0,0.0,0.0,0.0,113225519,765,3418468864.0,51346800.0,0.0,0.0,0.06289983
1807,1,633077954,False,0.024819141253829,8760,2300,1050,1.29263953139432e-05,7.13136478225351e-06,0.000226458927500062,31.7553405761719,4.42995111083984e-07,113225519,696,5137013760.0,50709600.0,11483.6416015625,361.628662109375,0.06211926
1808,3,633078487,False,0.581259965896606,7670,5330,7130,0.0204478307209834,0.00565669746222841,1.44083658664895,254.713389971777,0.000700759091894531,113225519,102,7161183744.0,101127600.0,145708346.0,572048.23828125,0.12388131
1809,3,633078726,False,0.422285705804825,12060,5680,7810,0.0107783771371323,0.000181260681736562,0.0429406425951705,236.899928786425,0.000369381274609375,113225519,437,101542760448.0,1663547392.0,71433794.0,301535.734375,2.0378455552
1810,2,633077254,False,0.0,0,0,0,0.0,0.0,0.0,0.0,0.0,113225519,800,52471799808.0,324194400.0,0.0,0.0,0.39713814
1811,3,633078664,False,0.541987180709839,5460,6050,7000,0.253036936223891,0.00259835398963986,0.845300159525421,325.321400739005,0.0086717234734375,113225519,342,308804861952.0,2724400896.0,2302936512.0,7078957.9375,3.3373910976
1812,2,633077466,False,0.0,0,0,0,0.0,0.0,0.0,0.0,0.0,113225519,1062,4987925504.0,65949300.0,0.0,0.0,0.0807878925
1813,1,633077800,False,0.0962866023182869,10280,3830,2060,0.000480910168003675,5.95712849314399e-06,0.000944891868899327,158.615324478362,1.64810721103668e-05,113225519,926,242329544704.0,2258460000.0,2134000.49023438,13453.936416626,2.7666135
1814,1,633078056,False,0.0,0,0,0,0.0,0.0,0.0,0.0,0.0,113225519,556,7932818944.0,63430200.0,0.0,0.0,0.077701995
1815,3,633078627,False,0.174556076526642,6410,7160,7740,0.000286249834011174,0.000356515458013734,0.0818246570905788,229.512228015164,9.80994886322021e-06,113225519,292,2424721792.0,22462200.0,1837961.8125,8008.12152099609,0.027516195
1816,2,633076941,False,0.122666068375111,3650,2060,8480,0.0015163397869275,7.09333253325894e-05,0.00819597858935595,115.544830322266,5.19658494140625e-05,113225519,320,89203662848.0,598041920.0,4901539.0,42421.1015625,0.732601352
1817,2,633077514,False,0.260943949222565,7580,6360,5960,0.00407670218210035,0.00709807639941573,1.89471971988678,266.934234619141,0.000139710962890625,113225519,1126,1296912128.0,16067700.0,30443788.0,114049.765625,0.0196829325
1818,1,633078388,False,0.0135382972657681,3820,3640,5680,3.91039273376162e-06,2.87928844098915e-07,2.66423091389547e-05,92.5308793647712,1.34011441040039e-07,113225519,44,55329822144.0,379944896.0,10122.609375,109.397094726562,0.4654324976
1819,3,633078527,False,0.0747083723545074,6420,3480,6570,4.41219900034887e-05,1.34926561970274e-06,0.00052361212044852,388.071935430979,1.51208634643555e-06,113225519,155,115514413056.0,914835584.0,479019.0,1234.35620117188,1.1206735904
1820,1,633078103,False,0.0031166304834187,7620,5870,3800,5.93354790498012e-07,5.88945869850477e-09,2.87936785525744e-07,48.8901977539062,2.0334614944458e-08,113225519,463,413499621376.0,2818541824.0,811.561889648438,16.5996856689453,3.4527137344
1821,1,633077661,False,0.698794782161713,7860,5630,5670,0.574369627382598,0.00234886375255883,0.707415103912354,301.173309326172,0.019683982325,113225519,1097,670214267760.0,6840991232.0,4839420416.0,16068557.0,8.3802142592
1822,1,633078393,False,0.143032521009445,3810,4430,1980,0.00165467536285797,0.000524185306858271,0.0618121735751629,117.920455932617,5.67066903320312e-05,113225519,36,9143506944.0,88310704.0,5458676.5,46291.17578125,0.1081806124
1823,2,633078398,False,0.337818622589111,5520,6750,6130,0.00984770676450828,0.0122131481766701,3.32827877998352,272.516052246094,0.0003374866578125,113225519,576073699,2128020480.0,22557600.0,75077984.0,275499.3125,0.02763306
1824,1,633078347,False,0.286306142807007,9640,3710,5410,0.00123880572984205,0.0106110693886876,3.64672231674194,343.671539306641,4.24545953125e-05,113225519,115,331836544.0,3266100.0,11910560.0,34656.8125,0.0040009725
1825,3,633078673,False,0.441746443510056,5460,5400,6970,0.240481530046352,0.00557560974101223,1.97587541799661,354.378356767469,0.0082414423765625,113225519,351,145615626240.0,1206631808.0,2384154128.0,6727708.0625,1.4781239648
1826,2,633077345,False,0.0777685716748238,9270,3760,10560,4.88094643227206e-05,3.84206053845297e-06,0.00065253273404719,169.839263987739,1.6727288269043e-06,113225519,922,39952846272.0,355406404.0,231914.3125,1365.49291992188,0.4353728449
1827,3,633079040,False,0.160230979323387,8670,2960,3690,0.00302088374321283,0.000467697573000093,0.0714664629017191,152.804861576019,0.000103527448828125,113225519,916,6783543552.0,180698400.0,12913875.5,84512.203125,0.22135554
1828,3,633078537,False,0.258272051811218,9750,3960,6070,0.000838967476120498,0.00161318974466945,0.382559297977923,237.144637970849,2.87519050170898e-05,113225519,606826663,772762880.0,14549400.0,5566008.25,23470.9428710938,0.017823015
1829,2,633076751,False,0.447287082672119,7880,3230,5830,0.0168578415738039,0.00613940227776766,1.62894475460052,265.326263427734,0.00057772806875,113225519,50,6295568896.0,76817696.0,125131784.0,471614.75,0.0941016776
1830,3,633078613,False,0.144435852766037,9340,3950,7360,0.000685901772898405,0.000217138866920073,0.0629818831969764,290.053476332082,2.35062540405273e-05,113225519,271,7998812160.0,88371000.0,5565772.0,19188.7788085938,0.108254475
1831,2,633077242,False,0.0187282878905535,8370,6460,8120,1.39714385118235e-05,8.98547796168714e-07,0.000131490218336694,146.336364746094,4.78809351348877e-07,113225519,780,54866432000.0,434996096.0,57197.73046875,390.864776611328,0.5328702176
1832,2,633077361,False,0.188025772571564,3650,3480,6580,0.000158738537115684,7.79667516326299e-06,0.00159020733553916,203.959686279297,5.4400623046875e-06,113225519,940,24685729792.0,569584768.0,905757.875,4440.8671875,0.6977413408
1833,2,633076872,False,0.637140989303589,6750,7080,6030,0.086943153592451,0.0189697220921516,4.83119630813599,254.679336547852,0.0029795926125,113225519,223,8725394432.0,128221200.0,619461760.0,2432320.5,0.15707097
1834,2,633078012,False,0.0,0,0,0,0.0,0.0,0.0,0.0,0.0,113225519,496345668,17021466624.0,188627392.0,0.0,0.0,0.2310685552
1835,3,633079151,False,0.212703138589859,11060,4310,2140,0.0110713608280825,6.00695623706488e-05,0.00657664747129411,109.48385857573,0.000379421996679687,113225519,1041,346334822400.0,5156226048.0,33910681.0,309732.2421875,6.3163769088
1836,3,633078772,False,0.187878713011742,8960,6060,9970,0.00135297440924562,3.37504501380225e-05,0.00542697125208908,160.79700359241,4.63672225830078e-05,113225519,526,122127704064.0,1121490048.0,6086294.25,37850.7939453125,1.3738253088
1837,3,633078560,False,0.194753915071487,11880,6250,7120,0.00106348321548875,0.000539313643585588,0.0929638149308275,172.374305817231,3.64461904296875e-05,113225519,203,4032536960.0,55166400.0,5128479.0,29751.9921875,0.06757884
1838,3,633079131,False,0.0,0,0,0,0.0,0.0,0.0,0.0,0.0,113225519,1015,178189615104.0,1077769856.0,0.0,0.0,1.3202680736
1839,2,633077146,False,0.249781370162964,7970,2950,5790,0.00856409698475544,0.00183778197970241,0.52434104681015,285.311889648438,0.0002934966015625,113225519,634,13503953920.0,130368600.0,68357608.0,239589.0625,0.159701535
1840,3,633078604,False,0.0,0,0,0,0.0,0.0,0.0,0.0,0.0,113225519,257,16916396544.0,136776608.0,0.0,0.0,0.1675513448
1841,2,633077435,False,0.188566267490387,3190,2570,6620,0.000106182678303862,2.77628487310722e-06,0.000777139153797179,279.920532226562,3.63894235229492e-06,113225519,1021,120497790976.0,1069978496.0,831522.1875,2970.56518554688,1.3107236576
1842,2,633076807,False,0.16393093764782,11520,6480,7120,0.00069324828338375,0.00100024263973986,0.247116804885093,247.056859073077,2.37580232421875e-05,113225519,135,1440680960.0,19389600.0,4791496.0,19394.3046875,0.02375226
1843,2,633076948,False,0.0212726406753063,4580,4950,9680,1.04199820187027e-05,6.99935185366485e-07,6.99705997249112e-05,99.9672470092773,3.57098864746094e-07,113225519,328,62203080704.0,416480384.0,29141.380859375,291.50927734375,0.5101884704
1844,1,633078000,False,0.289804548025131,6660,7150,3080,0.00105526419158053,2.0092348620776e-05,0.00652227902659691,324.615063659243,3.61645196838379e-05,113225519,631,152168431616.0,1469318368.0,9583304.375,29522.0568847656,1.7999150008
1845,3,633078799,False,0.0,0,0,0,0.0,0.0,0.0,0.0,0.0,113225519,573,26286702592.0,161175600.0,0.0,0.0,0.19744011
1846,1,633077887,False,0.0,0,0,0,0.0,0.0,0.0,0.0,0.0,113225519,806,137233989632.0,965805312.0,0.0,0.0,1.1831115072
1847,3,633078745,False,0.698794782161713,7860,5630,5670,0.920387527683379,0.00743735706134083,2.83700970529781,381.454014093865,0.0315422176998264,113225519,467,394977213728.0,3462083228.0,9821963718.38477,25748749.1427155,4.2410519543
1848,1,633077677,False,0.134546563029289,6840,5450,5210,0.00113628679457723,0.000466823868919164,0.149893581867218,321.092376708984,3.89412115722656e-05,113225519,1077,10073546752.0,68095800.0,10207123.0,31788.744140625,0.083417355
1849,1,633077778,False,0.0,0,0,0,0.0,0.0,0.0,0.0,0.0,113225519,950,82891988992.0,426937504.0,0.0,0.0,0.5229984424
1850,3,633078490,False,0.00431208033114672,11230,5450,7150,7.94394246048582e-07,3.41822978710063e-06,0.000688659360051757,201.4666663577,2.72243544101715e-08,113225519,106,650729440.0,6501600.0,4477.3876953125,22.2239627838135,0.00796446
1851,3,633078615,False,0.0,0,0,0,0.0,0.0,0.0,0.0,0.0,113225519,274,69251911680.0,681024576.0,0.0,0.0,0.8342551056
1852,1,633077787,False,0.0670403614640236,3870,3910,4980,8.65283711781294e-06,4.24996727588223e-07,2.62805497186491e-05,61.8370666503906,2.96537777709961e-07,113225519,940,23429771264.0,569584768.0,14969.0009765625,242.071655273438,0.6977413408
1853,3,633078845,False,0.295833319425583,5690,6980,7900,0.00353593056963751,3.36622574094964e-05,0.00949639335584757,282.108036912835,0.000121178404144287,113225519,631,322591096832.0,2938636736.0,27906450.375,98921.1462402344,3.5998300016
1854,2,633077460,False,0.106735050678253,10780,3940,9360,0.000892344465002021,9.74327031144639e-06,0.000868314527906477,89.1194229125977,3.05811655761719e-05,113225519,1056,386534899712.0,2562201088.0,2224796.5,24964.216796875,3.1386963328
1855,2,633076818,False,0.0,0,0,0,0.0,0.0,0.0,0.0,0.0,113225519,148,11405670400.0,65983500.0,0.0,0.0,0.0808297875
1856,2,633077173,False,0.25710317492485,3820,4200,7180,0.00212580807147221,5.07937375004985e-06,0.00121111876796931,238.438598632812,7.2852683203125e-05,113225519,672,1576159150080.0,11708446720.0,14180320.0,59471.578125,14.342847232
1857,3,633078898,False,0.20947177708149,4450,5180,9580,0.00149034106687845,0.000186437663762147,0.0267718015531392,143.596529869061,5.10748581054687e-05,113225519,704,31490394112.0,223633792.0,5987079.5,41693.76171875,0.2739513952
1858,1,633077649,False,0.0,0,0,0,0.0,0.0,0.0,0.0,0.0,113225519,1111,28545177600.0,158852704.0,0.0,0.0,0.1945945624
1859,1,633077850,False,0.543859720230103,6580,4440,5610,0.0833537931841404,0.000408861425803852,0.113456188141891,277.493011033819,0.00285658313660343,113225519,856,589901464640.0,5703410628.0,647087229.260831,2331904.60130893,6.9866780193
1860,1,633077679,False,0.212703138589859,11060,4310,2140,0.00858152017833983,1.72334286576284e-05,0.00184878151757995,107.278798334862,0.000294093704574585,113225519,1073,1746310676480.0,13930860672.0,25755117.734375,240076.493530273,17.0653043232
1861,1,633078036,False,0.505361616611481,8490,3770,5610,0.00261330260809879,0.00175882352050394,0.555139541625977,315.631195068359,8.955940546875e-05,113225519,587,4673092096.0,41567400.0,23075708.0,73109.71875,0.050920065
1862,2,633077419,False,0.0360743999481201,7890,2970,10760,0.000149279270209831,4.31853846168898e-06,0.000401324746165394,92.9306870196163,5.11588770751953e-06,113225519,1002,146573957888.0,967048204.0,388100.375,4176.23486328125,1.1846340499
1863,1,633078286,False,0.0,0,0,0,0.0,0.0,0.0,0.0,0.0,113225519,201,109472768000.0,682217984.0,0.0,0.0,0.8357170304
1864,2,633077397,False,0.0,0,0,0,0.0,0.0,0.0,0.0,0.0,113225519,977,20660469760.0,174786304.0,0.0,0.0,0.2141132224
1865,2,633077505,False,0.0,0,0,0,0.0,0.0,0.0,0.0,0.0,113225519,1111,28155172864.0,158852704.0,0.0,0.0,0.1945945624
1866,1,633077986,False,0.0,0,0,0,0.0,0.0,0.0,0.0,0.0,113225519,653,876664704.0,13649400.0,0.0,0.0,0.016720515
1867,3,633078505,False,0.305480986833572,6180,4720,6330,0.00324883941830431,0.000245939861612628,0.0778139413330088,316.394181987347,0.000111339622845459,113225519,127,50770678784.0,369559808.0,28756905.21875,90889.4880371094,0.4527107648
1868,2,633077123,False,0.307214319705963,7570,4040,5710,0.0237903830516857,0.0111516490578651,3.51543211936951,315.23876953125,0.0008153103109375,113225519,609,7367289344.0,59682600.0,209810128.0,665559.4375,0.073111185
1869,2,633077290,False,0.0,0,0,0,0.0,0.0,0.0,0.0,0.0,113225519,846,15818377216.0,150742800.0,0.0,0.0,0.18465993
1870,1,633078193,False,0.0,0,0,0,0.0,0.0,0.0,0.0,0.0,113225519,327,41650851840.0,345339904.0,0.0,0.0,0.4230413824
1871,3,633079238,False,0.0,0,0,0,0.0,0.0,0.0,0.0,0.0,113225519,526322264,47878032.0,847800.0,0.0,0.0,0.001038555
1872,2,633077088,False,0.28644523024559,5080,5100,5780,0.00910979322211878,0.00136413564905524,0.415345221757889,304.475036621094,0.000312197930078125,113225519,564,18274791424.0,186825600.0,77597120.0,254855.453125,0.22886136
1873,1,633077737,False,0.264428585767746,5950,860,5650,0.00163655007169661,7.76717561870312e-06,0.00101485003790341,130.658824741864,5.60855260262489e-05,113225519,993,800520552960.0,5894562596.0,5982097.07397461,45784.1028785706,7.2208391801
1874,1,633077846,False,0.535319983959198,8590,5020,5320,0.0021610891663468,0.000221758586121723,0.0292086359113455,131.713668823242,7.40617869140625e-05,113225519,863,5811538176.0,272632512.0,7963224.0,60458.6015625,0.3339748272
1875,1,633077917,False,0.0,0,0,0,0.0,0.0,0.0,0.0,0.0,113225519,757,1286143104.0,16888500.0,0.0,0.0,0.0206884125
1876,1,633077706,False,0.140510484576225,8800,2520,3670,0.00136785348542856,7.84252333687618e-05,0.0123470695689321,157.437469482422,4.68771372070312e-05,113225519,1037,58216968192.0,487943104.0,6024667.5,38267.05078125,0.5977303024
1877,1,633078339,False,0.428034901618958,6170,6980,4860,0.00186433829368817,0.00016621129179839,0.0229774992913008,138.242706298828,6.3891961328125e-05,113225519,125,6664252416.0,313797600.0,7210284.0,52156.703125,0.38440206
1878,3,633078989,False,0.0771252065896988,9570,4150,8340,0.00011636485959526,3.87740193991634e-06,0.000643974538233743,166.084029515815,3.98789164733887e-06,113225519,843,101089112064.0,839588416.0,540673.5625,3255.42175292969,1.0284958096
1879,2,633076865,False,0.47401550412178,8510,4470,6920,0.0211358564729572,0.00166799803264439,0.334781557321548,200.708618164062,0.0007243381359375,113225519,214,24604254208.0,354494688.0,118678288.0,591296.4375,0.4342559928
1880,1,633078173,False,0.142447486519814,10530,4610,4810,0.000874189455703917,0.00203289301134646,0.452713400125504,222.69416809082,2.99589828125e-05,113225519,350,1018632256.0,12030300.0,5446278.0,24456.3125,0.0147371175
1881,1,633078346,False,0.127190038561821,5930,7040,5610,0.000209757092919325,4.1920709918486e-05,0.00510745123028755,121.835983276367,7.18849798583984e-06,113225519,117,2453354752.0,139982400.0,714953.25,5868.16162109375,0.17147844
1882,3,633078433,False,0.000411824934417382,9550,5510,1490,1.32485927560239e-08,2.56682149927369e-10,3.50921173814612e-08,136.714288046095,4.54037005454302e-10,113225519,20,127517327360.0,1443974400.0,50.672119140625,0.370642453432083,1.76886864
1883,1,633078114,False,0.347422987222672,11060,5850,3800,0.00196812624418489,0.000122801939141937,0.0259236358106136,211.101196289062,6.74488349609375e-05,113225519,445,23578898432.0,448366496.0,11623290.0,55060.2734375,0.5492489576
1884,3,633078832,True,0.547546565532684,7060,6490,6850,0.00355054250998077,0.175712761152734,200.363225759017,1140.28841414003,0.000121679163867187,113225519,614,186037536.0,565297.1875,113264768.0,99329.9296875,0.0006924890546875
1885,3,633079031,False,0.0,0,0,0,0.0,0.0,0.0,0.0,0.0,113225519,905,25149478912.0,179382592.0,0.0,0.0,0.2197436752
1886,2,633077121,False,0.187628820538521,11710,5070,7970,0.000994435752536023,3.79448963010729e-05,0.00621665354550398,163.833720777047,3.40798935791016e-05,113225519,607,49587939328.0,733176896.0,4557906.75,27820.3212890625,0.8981416976
1887,2,633076792,False,0.236465618014336,5510,6980,6290,0.00178026619165661,0.000355792610207573,0.0454052314162254,127.617134094238,6.1010761328125e-05,113225519,117,2204171520.0,139982400.0,6355933.5,49804.703125,0.17147844
1888,3,633078822,False,0.0467967092990875,6400,2720,3850,7.64111674006437e-05,1.56907761010948e-06,0.000177546808428565,113.153617950216,2.61865529937744e-06,113225519,603,62036213760.0,1362378624.0,241885.9765625,2137.67779541016,1.6689138144
1889,1,633077750,False,0.130996078252792,11580,6660,4430,0.000684504037479789,6.01316860411316e-05,0.0116316163912416,193.43571472168,2.34583528320312e-05,113225519,978,12746576896.0,318462304.0,3704231.25,19149.67578125,0.3901163224
1890,1,633077785,False,0.0831664353609085,5250,5650,2560,0.000186309041911065,4.14775439025968e-06,0.000781464561579904,188.40666250997,6.38491959381103e-06,113225519,942,127525158912.0,1256626784.0,982009.298828125,5212.17926025391,1.5393678104
1891,1,633077978,False,0.0677852556109428,7310,6980,3420,9.60011646120775e-05,4.60750334241311e-06,0.000555776001419872,120.624122619629,3.2900159362793e-06,113225519,663,59298975744.0,582902976.0,323963.5,2685.72729492188,0.7140561456
1892,3,633078896,False,0.0,0,0,0,0.0,0.0,0.0,0.0,0.0,113225519,702,93837205504.0,510629408.0,0.0,0.0,0.6255210248
1893,2,633077100,False,0.172701224684715,8940,3150,7670,0.000334282258200688,0.000236357242101803,0.0572314783930779,242.139739990234,1.14560480712891e-05,113225519,580,2110529024.0,39566700.0,2264460.75,9351.8759765625,0.0484692075
1894,2,633077494,True,0.500898599624634,7040,6330,6690,0.00259618804188816,0.0595436210104415,20.9150220918541,351.255461742685,8.8972879296875e-05,113225519,1099,121748592.0,1219793.5,25512008.0,72630.921875,0.0014942470375
1895,3,633078486,False,0.137010306119919,11350,5800,8280,0.00088857368785518,2.71568047984176e-05,0.00353892391453908,130.314443868054,3.04519388427734e-05,113225519,101,49590726656.0,915377408.0,3239451.0,24858.7255859375,1.1213373248
1896,3,633078502,False,0.2500379383564,10410,4570,3730,0.00487237508157753,0.000864439530130778,0.187526356275148,216.934036145683,0.0001669791375,113225519,123,12025720320.0,157685408.0,29570170.0,136309.5,0.1931646248
1897,1,633078294,False,0.0,0,0,0,0.0,0.0,0.0,0.0,0.0,113225519,188,6285694976.0,69504304.0,0.0,0.0,0.0851427724
1898,1,633077610,False,0.0,0,0,0,0.0,0.0,0.0,0.0,0.0,113225519,182305713,712044160.0,11054700.0,0.0,0.0,0.0135420075
1899,2,633077489,False,0.0,0,0,0,0.0,0.0,0.0,0.0,0.0,113225519,1094,24387420160.0,122770800.0,0.0,0.0,0.15039423
1900,2,633076950,False,0.0,0,0,0,0.0,0.0,0.0,0.0,0.0,113225519,330,859270208.0,13954500.0,0.0,0.0,0.0170942625
1901,3,633079273,False,0.158786743879318,8240,5420,5860,0.000631176974577124,0.000244209312975194,0.0454129178422261,185.958992672974,2.16308032653809e-05,113225519,607344834,11290867712.0,72306000.0,3283626.4375,17657.7985839844,0.08857485
1902,2,633076919,False,0.0423877574503422,5360,5000,6200,1.27036657569733e-05,0.000101827281469014,0.0508052296936512,498.935333251953,4.3536203918457e-07,113225519,287,294181696.0,3490200.0,177320.40625,355.397583007812,0.004275495
1903,3,633079069,False,0.660337209701538,7160,5820,6420,0.520344669423989,0.0228781722257826,9.2550791545814,404.537524381051,0.0178325154875,113225519,946,85449463024.0,636290144.0,5888915648.0,14557155.5,0.7794554264
1904,1,633078017,False,0.0,0,0,0,0.0,0.0,0.0,0.0,0.0,113225519,610,73135874048.0,542695488.0,0.0,0.0,0.6648019728
1905,1,633078079,False,0.272927343845367,5180,6140,5440,0.00218209699896126,0.000333788892021403,0.114807114005089,343.951263427734,7.47817375976562e-05,113225519,515,21795584000.0,182888992.0,20996958.0,61046.31640625,0.2240390152
1906,1,633078219,False,0.0,0,0,0,0.0,0.0,0.0,0.0,0.0,113225519,289,53959639040.0,427154400.0,0.0,0.0,0.52326414
1907,3,633079095,False,0.0,0,0,0,0.0,0.0,0.0,0.0,0.0,113225519,974,195437060096.0,1095372032.0,0.0,0.0,1.3418307392
1908,1,633077731,False,0.38391849398613,7560,6580,4810,0.00397956334920756,0.00126859999727458,0.341408431529999,269.122222900391,0.000136381958398437,113225519,1004,8627035136.0,87759904.0,29961972.0,111332.2109375,0.1075058824
1909,1,633077968,False,0.128051415085793,5150,4600,1140,0.000876219167968714,2.31845737233226e-05,0.00194868972060376,84.0511343386686,3.00285422363281e-05,113225519,677,143172758912.0,1057301980.0,2060353.5,24513.095703125,1.2951949255
1910,2,633077613,False,0.0,0,0,0,0.0,0.0,0.0,0.0,0.0,113225519,312782590,12052121600.0,66575700.0,0.0,0.0,0.0815552325
1911,1,633077761,False,0.428034901618958,6170,6980,4860,0.0194724074047261,0.000102294974908077,0.01258239573683,123.001112695288,0.000667330765602112,113225519,967,181906279080.0,5325381908.0,67006062.6162109,544759.808654785,6.5235928373
1912,2,633077415,True,1.0,6890,5910,6630,0.999999978497184,0.298552453517914,508.96533203125,1704.77697753906,0.03427058285,113225519,997,66092273664.0,93705432.0,47692816384.0,27975986.0,0.1147891542
1913,3,633078660,False,0.387362718582153,8370,2570,5790,0.00147950685893552,0.00164920127433519,0.49579235299274,300.625739688807,5.07035634765625e-05,113225519,336,2343902720.0,25097400.0,12443099.0,41390.6640625,0.030744315
1914,3,633079192,True,1.0,6890,5910,6630,0.997403823407663,0.301705444957467,515.403404540806,1708.29997653329,0.0341816111,113225519,1097,65970499584.0,92485424.0,47667302400.0,27903356.0,0.1132946444
1915,3,633078421,False,0.0,0,0,0,0.0,0.0,0.0,0.0,0.0,113225519,2,8683195904.0,102828600.0,0.0,0.0,0.125965035
1916,3,633079277,False,0.162982821464539,9880,6100,7420,0.000846564131380884,0.000372163872654281,0.0697748879586154,187.484312921024,2.90122468261719e-05,113225519,549009223,3662003072.0,63637200.0,4440278.5,23683.466796875,0.07795557
1917,2,633077077,False,0.135532528162003,6800,710,5750,0.000762582508732095,5.00401947647333e-05,0.00705250166356564,140.936737060547,2.61341476074219e-05,113225519,542,44352155648.0,426337216.0,3006744.0,21333.998046875,0.5222630896
1918,1,633077862,False,0.278606206178665,10290,7170,5550,0.00233715296934687,0.00048522642464377,0.0392792969942093,80.9504470825195,8.00955961914062e-05,113225519,841,2065921664.0,134749792.0,5292877.0,65384.16015625,0.1650684952
1919,3,633078688,False,0.291073620319366,8890,4700,7080,0.00549306574178753,0.000867661363796123,0.291968028284799,336.499976220451,0.000188250568652344,113225519,374,19766296576.0,177112800.0,51711275.0,153673.93359375,0.21696318
1920,1,633078074,False,0.0962866023182869,10280,3830,2060,0.000476114066391624,2.37536860367982e-05,0.00375753035768867,158.187255859375,1.63167069091797e-05,113225519,526,59012612096.0,560745024.0,2107016.5,13319.7607421875,0.6869126544
1921,1,633077892,False,0.0,0,0,0,0.0,0.0,0.0,0.0,0.0,113225519,800,46890795008.0,324194400.0,0.0,0.0,0.39713814
1922,2,633077625,False,0.199324354529381,5420,2810,8330,0.000391474757766481,8.00301586423302e-06,0.00112683512270451,140.801315307617,1.34160684082031e-05,113225519,484682516,69158944768.0,1368470656.0,1542040.875,10951.892578125,1.6763765536
1923,1,633077849,False,0.0,0,0,0,0.0,0.0,0.0,0.0,0.0,113225519,857,31087325184.0,240640192.0,0.0,0.0,0.2947842352
1924,2,633076822,False,0.238882541656494,12070,5140,5850,0.00199483654687966,0.000452566172378108,0.102516704091062,226.52312600468,6.83642126220703e-05,113225519,154,10697306624.0,123313504.0,12641694.0,55807.5205078125,0.1510590424
1925,1,633078295,False,0.0,0,0,0,0.0,0.0,0.0,0.0,0.0,113225519,187,35837956096.0,245393104.0,0.0,0.0,0.3006065524
1926,1,633077827,False,0.0323555842041969,9120,3860,750,0.000119488217836911,4.33844251908416e-06,0.000478911994236461,110.38800033187,4.09493095703125e-06,113225519,895,84270241792.0,770507104.0,369005.09375,3342.80078125,0.9438712024
1927,1,633078180,False,0.541790068149567,6380,5740,3890,0.0242955126902312,0.00049896544078365,0.1858069896698,372.384490966797,0.0008326213984375,113225519,342,157070557184.0,1362200448.0,253106368.0,679690.9375,1.6686955488
1928,2,633077459,False,0.251498281955719,3520,3730,6390,0.00371787742623135,0.00112707575317472,0.358363479375839,317.958618164062,0.000127413829101562,113225519,1054,11336688640.0,92284200.0,33071286.0,104011.2890625,0.113048145
1929,2,633077558,False,0.353503286838531,8360,2570,5790,0.0274304685945246,0.000301696745186542,0.100598475866972,333.442363803995,0.000940058166796875,113225519,294,334902718464.0,2543595296.0,255881810.0,767394.421875,3.1159042376
1930,3,633079198,False,0.142031148076057,3360,4110,8020,0.000117997219188778,2.42972318016137e-06,0.000958070859860497,394.312762739032,4.04383356323242e-06,113225519,1101,210771419136.0,1358627456.0,1301661.375,3301.08862304688,1.6643186336
1931,2,633076808,False,0.420149803161621,11040,6100,6710,0.0251886402626688,0.000563802488613874,0.107121132314205,189.997619628906,0.0008632294015625,113225519,136,74566475776.0,1249865088.0,133886960.0,704677.0625,1.5310847328
1932,1,633078374,False,0.0919911861419678,8690,3860,5410,0.000227310738958705,0.000177248264662921,0.0255696792155504,144.259124755859,7.7900716796875e-06,113225519,67,2459780096.0,35877600.0,917378.75,6359.2421875,0.04395006
1933,2,633077073,False,0.365425854921341,6400,5840,7800,0.0245748493535381,0.00116005344606573,0.391944018005744,337.867207183432,0.00084219442890625,113225519,536,80303668224.0,592649984.0,232285616.0,687505.65625,0.7259962304
1934,3,633078438,False,0.669089376926422,6760,6410,6800,0.0686488085582024,0.0100882338824665,4.55865813690083,451.87871237044,0.00235263473183594,113225519,576073704,23113608320.0,190372088.0,867841268.0,1920518.1484375,0.2332058078
1935,3,633079010,False,8.49320713314228e-06,9230,4010,7890,2.732302701255e-10,1.89732979283261e-10,3.59457776637354e-08,189.454557660586,9.36376081081107e-12,113225519,874,3017385600.0,40287600.0,1.44816911220551,0.0076438863761723,0.04935231
1936,3,633078755,False,0.181477829813957,6280,6410,8410,0.00104790435528331,0.000178275943273413,0.0638009707363406,357.877622548838,3.59122937988281e-05,113225519,1105,21248648192.0,164442592.0,10491597.0,29316.158203125,0.2014421752
1937,2,633078256,False,0.0,0,0,0,0.0,0.0,0.0,0.0,0.0,113225519,312782612,12378924032.0,65832300.0,0.0,0.0,0.0806445675
1938,2,633077166,False,0.0448417402803898,8650,6540,8330,9.53232237507508e-05,4.57496571470983e-06,0.000628948560915887,137.476119995117,3.26678250732422e-06,113225519,663,68229758976.0,582902976.0,366616.0,2666.76123046875,0.7140561456
1939,1,633076891,False,0.0,0,0,0,0.0,0.0,0.0,0.0,0.0,113225519,312782604,11436904448.0,76833000.0,0.0,0.0,0.094120425
1940,2,633077342,False,0.203720957040787,11580,5480,8190,0.00338357537566568,0.00045562515151687,0.0693650394678116,152.241455078125,0.000115957102734375,113225519,153,8643955712.0,207756000.0,14411003.0,94658.859375,0.2545011
1941,2,633076983,False,0.0,0,0,0,0.0,0.0,0.0,0.0,0.0,113225519,372,983010560.0,24060600.0,0.0,0.0,0.029474235
1942,1,633078275,False,0.268338471651077,8870,4030,4990,0.00126909677505411,0.000100154487881809,0.0166037753224373,165.781631469727,4.3492687109375e-05,113225519,214,22488791040.0,354494688.0,5885950.0,35504.234375,0.4342559928
1943,3,633078746,False,0.0,0,0,0,0.0,0.0,0.0,0.0,0.0,113225519,469,2128340544.0,25196400.0,0.0,0.0,0.03086559
1944,3,633078956,False,0.43086701631546,6270,5460,6830,0.00625548686594927,0.000718316368050104,0.159639035499528,222.240565021334,0.000214379185516357,113225519,802,18587267072.0,243630000.0,38892858.21875,175003.416748047,0.29844675
1945,1,633078135,False,0.0,0,0,0,0.0,0.0,0.0,0.0,0.0,113225519,412,42174636032.0,279534592.0,0.0,0.0,0.3424298752
1946,1,633077795,False,0.379190444946289,8690,6390,5220,0.00346092296060766,0.00022295479720924,0.0507823526859283,227.769729614258,0.000118607849609375,113225519,931,30255468544.0,434270688.0,22053288.0,96822.734375,0.5319815928
1947,1,633078350,False,0.20708055794239,5000,5020,1380,0.00122565745583339,3.1297507353509e-05,0.00368361252340296,117.696674108775,4.20039962890625e-05,113225519,111,129932653440.0,1095581708.0,4035698.5,34288.9765625,1.3420875923
1948,2,633077125,False,0.0448761843144894,7680,2590,6010,3.55000457304862e-05,4.61811541754287e-05,0.00248279375955462,53.7620544433594,1.2166072845459e-06,113225519,611,1031408832.0,21505500.0,53393.71875,993.148803710938,0.0263442375
1949,3,633079201,False,0.154819220304489,7740,3430,4240,0.000122179316238005,1.61123504486761e-05,0.00343028397884801,212.897800961738,4.18715646972656e-06,113225519,560581551,17842549760.0,212140800.0,727703.1875,3418.0869140625,0.25987248
1950,3,633078749,False,0.520042836666107,4560,5220,6010,0.365161100768094,0.000252454883012976,0.0813760062801258,322.338808855375,0.0125142840265625,113225519,477,5225414415488.0,40465614848.0,3292930128.0,10215742.0625,49.5703781888
1951,2,633076966,False,0.6339972615242,9400,4500,7100,0.223844388867041,0.00763458330013528,1.99795698339885,261.69823615173,0.00767127783912964,113225519,348,72248100416.0,820250088.0,1638824391.45312,6262267.6237793,1.0048063578
1952,3,633078721,False,0.00143688323441893,8270,1710,5270,1.61528460167412e-07,4.95673110693528e-09,7.85473667594879e-07,158.466063752353,5.53567459583282e-09,113225519,430,110475214848.0,911673024.0,716.095153808594,4.51891803741455,1.1167994544
1953,2,633077261,False,0.0,0,0,0,0.0,0.0,0.0,0.0,0.0,113225519,810,21961969664.0,163526400.0,0.0,0.0,0.20031984
1954,1,633078137,False,0.0,0,0,0,0.0,0.0,0.0,0.0,0.0,113225519,409,72144786432.0,551530784.0,0.0,0.0,0.6756252104
1955,3,633078585,False,0.0,0,0,0,0.0,0.0,0.0,0.0,0.0,113225519,233,28105578496.0,182647808.0,0.0,0.0,0.2237435648
1956,2,633077316,False,0.135532528162003,6800,710,5750,0.000762582508732095,1.09056989933291e-05,0.00153701359407415,140.936733630217,2.61341476074219e-05,113225519,886,258510852096.0,1956224728.0,3006744.0,21333.998046875,2.3963752918
1957,1,633077548,False,0.293312042951584,8830,5230,3530,0.00821128827006837,0.000118534677312709,0.0182901248335838,154.301895141602,0.000281405641015625,113225519,10703,256468566016.0,1937988864.0,35446060.0,229718.890625,2.3740363584
1958,3,633079067,False,0.0,0,0,0,0.0,0.0,0.0,0.0,0.0,113225519,945,112636604416.0,847812608.0,0.0,0.0,1.0385704448
1959,2,633077508,False,0.0,0,0,0,0.0,0.0,0.0,0.0,0.0,113225519,1116,187523744.0,13062600.0,0.0,0.0,0.016001685
1960,1,633078361,False,0.20708055794239,5000,5020,1380,0.00266066241502702,2.0953651483779e-05,0.002605139576095,124.328667874988,9.11824536907442e-05,113225519,95,458374731432.0,3552347720.0,9254361.63342285,74434.6560740769,4.351625957
1961,2,633077162,False,0.0320763029158115,4400,2900,9550,4.42046109097719e-05,1.8354725170866e-06,0.000348296161973849,189.758316040039,1.51491781311035e-06,113225519,657,125100539904.0,673759808.0,234667.953125,1236.66760253906,0.8253557648
1962,1,633078093,False,1.83072170329979e-05,6190,3470,5520,5.88951354106477e-10,1.14410085572114e-10,1.69898974888838e-08,148.5,2.01837066095322e-11,113225519,483,8724367360.0,144012608.0,2.44675946235657,0.0164764951914549,0.1764154448
1963,3,633078574,False,0.0254837162792683,9570,3420,10440,3.27847762963655e-05,7.94676308245862e-07,0.000123307105054707,155.166454284878,1.12355341644287e-06,113225519,312782628,137019933696.0,1154163592.0,142316.571289062,917.186462402344,1.4138504002
1964,2,633077504,False,0.358818888664246,4970,5900,6520,0.0354549940142094,0.0228012464940548,8.45815753936768,370.951568603516,0.0012150633359375,113225519,1109,6749892608.0,43501500.0,367942560.0,991888.4375,0.0532893375
1965,2,633076890,False,0.0,0,0,0,0.0,0.0,0.0,0.0,0.0,113225519,243,1239911552.0,13707000.0,0.0,0.0,0.016791075
1966,1,633078378,False,0.151427760720253,9650,3990,5570,0.000330539476603607,0.000137823866680264,0.0279743336141109,202.971633911133,1.13277807617187e-05,113225519,62,1305153792.0,67094100.0,1876912.75,9247.16796875,0.0821902725
1967,3,633078562,False,0.415922820568085,10040,6360,5750,0.0105484103814776,0.00280411965453806,0.563303192358712,200.884149664258,0.0003615001796875,113225519,206,6123792384.0,105238800.0,59281352.0,295102.1875,0.12891753
1968,2,633076832,False,0.467327982187271,9070,4520,5880,0.139515438766914,0.0118248338882202,3.40913435871582,288.302938624107,0.00478127550592651,113225519,165,37666746944.0,330075000.0,1125270023.45312,3903082.0456543,0.404341875
1969,2,633077458,False,0.6339972615242,9400,4500,7100,0.0801292205321116,0.00558164762333035,1.17907476425171,211.241348266602,0.00274607515,113225519,1052,24860323840.0,401618688.0,473538464.0,2241694.0,0.4919828928
1970,1,633077825,False,0.128051415085793,5150,4600,1140,0.000876219167968714,0.000162573618581519,0.0136644979938865,84.0511322021484,3.00285422363281e-05,113225519,897,16965875712.0,150781504.0,2060353.5,24513.095703125,0.1847073424
1971,2,633076727,False,0.278906375169754,5960,4630,6060,0.00891353059505943,0.00240982486866415,0.906263709068298,376.070373535156,0.0003054718953125,113225519,15,15552387072.0,103478400.0,93778720.0,249364.8125,0.12676104
1972,3,633079216,False,0.0,0,0,0,0.0,0.0,0.0,0.0,0.0,113225519,1127,69475698688.0,631436416.0,0.0,0.0,0.7735096096
1973,1,633078167,False,0.618896305561066,10530,4670,4970,0.00507566549921314,0.0066836467012763,2.02066397666931,302.329559326172,0.00017394601875,113225519,358,2484998144.0,21245400.0,42929816.0,141996.75,0.026025615
1974,2,633076984,False,0.291073620319366,8890,4700,7080,0.00419972956801595,0.00132674293126911,0.451869130134583,340.585296630859,0.000143927183203125,113225519,374,9721029632.0,88556400.0,40015904.0,117491.578125,0.10848159
1975,3,633079073,False,0.0,0,0,0,0.0,0.0,0.0,0.0,0.0,113225519,951,212012302336.0,1123216256.0,0.0,0.0,1.3759399136
1976,2,633076726,False,0.371703654527664,8800,4830,5710,0.0268540462289913,0.0192345902323723,4.55119371414185,236.615081787109,0.0009203038359375,113225519,12,3389047552.0,39058200.0,177761440.0,751268.4375,0.047846295
1977,3,633079147,False,0.0,0,0,0,0.0,0.0,0.0,0.0,0.0,113225519,1035,191328460800.0,1050447616.0,0.0,0.0,1.2867983296
1978,2,633077216,True,0.500898599624634,7040,6330,6690,0.00259618804188816,0.0595436210104415,20.9150220918541,351.255461742685,8.8972879296875e-05,113225519,737,121748592.0,1219793.5,25512008.0,72630.921875,0.0014942470375
1979,2,633076728,False,0.353503286838531,8360,2570,5790,0.00687719937245232,0.000204586845939048,0.086747869849205,424.014923095703,0.0002356856359375,113225519,17,129825439744.0,940414528.0,81578960.0,192396.4375,1.1520077968
1980,1,633077763,False,0.0,0,0,0,0.0,0.0,0.0,0.0,0.0,113225519,965,35215929344.0,301475712.0,0.0,0.0,0.3693077472
1981,1,633078229,False,0.0,0,0,0,0.0,0.0,0.0,0.0,0.0,113225519,274,34241732608.0,340512288.0,0.0,0.0,0.4171275528
1982,2,633077016,False,0.0,0,0,0,0.0,0.0,0.0,0.0,0.0,113225519,430,57770930176.0,455836512.0,0.0,0.0,0.5583997272
1983,1,633077882,False,0.0458342395722866,3740,4300,5030,7.66180512844598e-05,9.43742452363949e-06,0.00164701452013105,174.519500732422,2.62574533081055e-06,113225519,814,35468382208.0,227124000.0,374076.53125,2143.46557617188,0.2782269
1984,2,633076976,False,0.267065167427063,6520,4240,6210,0.0150101911410891,0.000674550537951291,0.198617368936539,294.444030761719,0.00051440801015625,113225519,362,70539010048.0,622525504.0,123644376.0,419924.90625,0.7625937424
1985,2,633077096,False,0.274923324584961,6650,3420,6570,0.00108000017096135,0.000186022953130305,0.0503186360001564,270.496948242188,3.70122361328125e-05,113225519,575,15499646976.0,162421200.0,8172813.5,30214.0703125,0.19896597
1986,3,633079070,False,0.344278961420059,8920,5720,4120,0.0121109929172977,0.000266792791169188,0.0292410456179209,109.602082911519,0.000415050795092773,113225519,948,42910560352.0,1269963008.0,37135046.25,338816.975585938,1.5557046848
1987,3,633079239,False,0.0770916268229485,5280,2350,5690,0.000284158739670901,1.84696226296188e-05,0.00255087171480614,138.111739798919,9.73828583984375e-06,113225519,588,59634268160.0,430416000.0,1097936.0,7949.62109375,0.5272596
1988,1,633077788,False,0.0,0,0,0,0.0,0.0,0.0,0.0,0.0,113225519,939,667149696.0,9543600.0,0.0,0.0,0.01169091
1989,3,633078651,False,0.269946098327637,6540,6760,8580,0.00657425094133151,0.000266290043692721,0.0845604856599485,317.55030900639,0.00022530341640625,113225519,327,84840816640.0,690679808.0,58404220.0,183921.15625,0.8460827648
1990,1,633077828,False,0.136909246444702,6390,400,4650,0.000429000034553909,1.13150155040244e-05,0.00164898293242222,145.73404091543,1.47020815429687e-05,113225519,894,128352636672.0,1060687828.0,1749056.125,12001.69921875,1.2993425893
1991,1,633078362,False,0.0187707711011171,8900,6290,3870,1.51358642286321e-05,1.58015009219525e-05,0.00048977107508108,30.9952220916748,5.18714900207519e-07,113225519,93,314786816.0,26797500.0,13124.6396484375,423.440734863281,0.0328269375
1992,3,633078716,False,0.00340282660908997,7790,4400,9490,3.45709696031902e-07,2.25793475811184e-08,5.68077584573476e-07,25.1591673555936,1.1847673034668e-08,113225519,423,79222931456.0,428336992.0,243.328643798828,9.67156982421875,0.5247128152
1993,1,633077880,False,0.0,0,0,0,0.0,0.0,0.0,0.0,0.0,113225519,818,65648524800.0,894777264.0,0.0,0.0,1.0961021484
1994,3,633078998,False,0.0,0,0,0,0.0,0.0,0.0,0.0,0.0,113225519,854,154649952256.0,881060416.0,0.0,0.0,1.0792990096
1995,2,633077519,False,0.563569724559784,10600,4310,6740,0.176136578841046,0.00284408776881043,0.798521167450357,280.765304153869,0.00603630334788513,113225519,1132,103520193024.0,1732574720.0,1383497588.10938,4927594.56970215,2.122404032
1996,2,633077512,False,0.134314149618149,11500,5720,8210,0.00101214447367492,7.24346828064881e-05,0.00567518919706345,78.3490524291992,3.46867817871094e-05,113225519,1123,5282905664.0,390914112.0,2218511.5,28315.740234375,0.4788697872
1997,1,633077753,False,0.575094401836395,8350,4410,5690,0.00809449111572538,0.0197668820619583,7.59235191345215,384.094573974609,0.000277402934375,113225519,975,1545733376.0,11456100.0,86978744.0,226451.375,0.0140337225
1998,3,633078646,False,0.0,0,0,0,0.0,0.0,0.0,0.0,0.0,113225519,321,2589470976.0,24174000.0,0.0,0.0,0.02961315
1999,3,633078869,False,0.350160241127014,4810,6720,2850,0.0104097741850053,0.000357855110936918,0.0353872179485828,98.886998863685,0.000356749036328125,113225519,665,25331845120.0,813803392.0,28798238.0,291223.703125,0.9969091552
2000,3,633078552,True,1.0,6890,5910,6630,0.778814999817847,0.313664798892257,537.029076632727,1712.11139576167,0.02669044455,113225519,194,50947563520.0,69463064.0,37303685120.0,21788118.0,0.0850922534
2001,2,633077042,False,0.12521581351757,7570,5530,7140,0.000355259477227692,0.000113494737888686,0.027290016412735,240.451812744141,1.2174949609375e-05,113225519,470,10255168512.0,87570000.0,2389786.75,9938.734375,0.10727325
2002,1,633077928,False,0.217419981956482,7320,6270,4810,0.000984411774899186,0.000220184203166194,0.0516466685741911,234.561189365653,3.3736366015625e-05,113225519,737,7169769536.0,125076596.0,6459789.5,27539.890625,0.1532188301
2003,1,633077905,False,0.0,0,0,0,0.0,0.0,0.0,0.0,0.0,113225519,778,103714603008.0,698709632.0,0.0,0.0,0.8559192992
2004,1,633078047,False,0.0,0,0,0,0.0,0.0,0.0,0.0,0.0,113225519,573,12420737024.0,80587800.0,0.0,0.0,0.098720055
2005,3,633078551,False,0.222108855843544,12550,7380,6030,0.00415604492120954,0.000230393037002151,0.0153333590887808,66.5530490343669,0.000142430084863281,113225519,190,4923555072.0,504656992.0,7738086.875,116269.45703125,0.6182048152
2006,3,633079155,False,0.0,0,0,0,0.0,0.0,0.0,0.0,0.0,113225519,1046,15687290368.0,124758000.0,0.0,0.0,0.15282855
2007,1,633078192,False,0.0437427274882793,3880,5030,2220,3.80357635943349e-05,2.55495342571521e-06,0.000301270803902298,117.916358947754,1.30350781555176e-06,113225519,328,54444244992.0,416480384.0,125473.3828125,1064.08801269531,0.5101884704
2008,1,633078329,False,0.199438408017159,7300,3340,4740,0.000668650450292893,1.35167016441747e-05,0.00349937417169148,258.892610328468,2.29150411471903e-05,113225519,138,125406300672.0,1383929048.0,4842885.56602478,18706.1560385227,1.6953130838
2009,3,633078981,False,0.144202649593353,8410,1880,6630,0.000905472894284949,7.7914830199738e-05,0.0117893455674059,151.310675222976,3.10310845092773e-05,113225519,834,34872971264.0,325117792.0,3832926.0,25331.4975585938,0.3982692952
2010,3,633078912,False,0.0,0,0,0,0.0,0.0,0.0,0.0,0.0,113225519,729,56898895872.0,471124800.0,0.0,0.0,0.57712788
2011,3,633078926,False,0.179038271307945,7590,5620,6270,0.00152256198985118,0.00142134575410352,0.369229933729754,259.774887752514,5.21790879394531e-05,113225519,753,2027886464.0,29968200.0,11065156.5,42595.173828125,0.036711045
2012,3,633078828,False,0.0,0,0,0,0.0,0.0,0.0,0.0,0.0,113225519,610,145205993472.0,1085390976.0,0.0,0.0,1.3296039456
2013,2,633077501,False,0.0,0,0,0,0.0,0.0,0.0,0.0,0.0,113225519,1106,36329132032.0,242915392.0,0.0,0.0,0.2975713552
2014,3,633079193,False,0.858463883399963,6940,5680,7000,4.90142603200781,0.0100903095011664,3.57380193780526,354.181597441798,0.167974730525,113225519,1097,1397622869264.0,13589496832.0,48566170112.0,137122229.0,16.6471336192
2015,1,633078001,False,0.0,0,0,0,0.0,0.0,0.0,0.0,0.0,113225519,630,82233253888.0,543106816.0,0.0,0.0,0.6653058496
2016,1,633077819,False,0.345393359661102,5110,6590,4590,0.0301571245552741,0.00162309237202216,0.44674148159576,275.240947031978,0.0010335022578125,113225519,904,52460365824.0,519795008.0,232213992.0,843675.3125,0.6367488848
2017,2,633076975,False,0.0252190735191107,6730,590,8090,3.7042436458588e-05,1.6429259465697e-06,0.000104733761599622,63.7483155088623,1.26946591491699e-06,113225519,361,98538013824.0,630764100.0,66062.296875,1036.29870605469,0.7726860225
2018,1,633077614,False,0.150840863585472,6240,440,5260,0.00259269318399521,1.53456170589573e-05,0.00217631624037321,141.820054026624,8.88531084773302e-05,113225519,254,578791846775.75,4726636244.0,10286655.2201538,72533.1497774124,5.7901293989
2019,1,633077772,False,0.098904512822628,5270,5660,2570,0.000578206017161842,2.08228047995362e-05,0.00343161937780678,164.801010131836,1.98154576416016e-05,113225519,956,46804011008.0,776835008.0,2665802.0,16175.8837890625,0.9516228848
2020,1,633077856,False,0.428034901618958,6170,6980,4860,0.00407868239599911,0.000193956468137912,0.0296981669962406,153.117691040039,0.000139778825976562,113225519,848,13700012256.0,588302976.0,17471520.0,114105.1640625,0.7206711456
2021,2,633076965,False,0.417590707540512,5730,6570,5960,0.0100276780760372,0.00569843966513872,2.06466341018677,362.320831298828,0.0003436543796875,113225519,347,5025321472.0,49230000.0,101643376.0,280534.1875,0.06030675
2022,2,633077288,False,0.0771252065896988,9570,4150,8340,9.24845727451214e-05,6.16337047176785e-06,0.000997884548269212,161.905654907227,3.16950028076172e-06,113225519,843,49471688704.0,419794208.0,418906.15625,2587.34716796875,0.5142479048
2023,2,633076981,False,0.0958177447319031,4960,1500,8750,0.000731236080164102,1.20601062159044e-05,0.00170951581250325,141.749648129036,2.50598872070312e-05,113225519,369,287158172160.0,1696257928.0,2899779.75,20457.05078125,2.0779159618
2024,2,633077368,False,0.660337209701538,7160,5820,6420,0.453877969733186,0.0399186722934246,16.4095039367676,411.073364257812,0.0155546629,113225519,946,45944075504.0,318088832.0,5219679744.0,12697684.0,0.3896588192
2025,1,633078401,False,0.242991030216217,8470,2820,5120,0.00236190396753727,0.000122893747175112,0.0355828031897545,289.541229248047,8.094382734375e-05,113225519,26,60619010048.0,537672576.0,19131898.0,66076.59375,0.6586489056
2026,2,633076747,False,0.293491631746292,8700,2800,6320,0.00372295237012956,0.000700748758390546,0.175311833620071,250.177871704102,0.000127587750390625,113225519,42,14714986496.0,148631392.0,26056842.0,104153.265625,0.1820734552
2027,3,633079219,False,0.858463883399963,6940,5680,7000,5.29182087701009,0.00465009157133167,1.62936052413472,350.393212507879,0.181353789692551,113225519,1129,3232044123152.0,31836773036.0,51873581200.6949,148043909.953103,39.0000469691
2028,2,633077329,False,0.557220995426178,4620,6250,6030,0.0738535375910426,0.00397488538044021,1.07051364371702,269.319374335888,0.00253100383320312,113225519,904,49372813312.0,519795008.0,556447648.0,2066125.578125,0.6367488848
2029,1,633077619,False,0.0,0,0,0,0.0,0.0,0.0,0.0,0.0,113225519,526157196,4892155904.0,50499900.0,0.0,0.0,0.0618623775
2030,3,633079072,False,0.0,0,0,0,0.0,0.0,0.0,0.0,0.0,113225519,950,172317360128.0,853875008.0,0.0,0.0,1.0459968848
2031,2,633077089,False,0.0,0,0,0,0.0,0.0,0.0,0.0,0.0,113225519,565,18967943168.0,129204000.0,0.0,0.0,0.1582749
2032,3,633079048,False,0.103825487196445,5650,1230,2620,0.000185685964211352,3.4720538223686e-05,0.00462781783866699,133.287618090838,6.36356635742187e-06,113225519,182305693,22354676736.0,149616000.0,692395.59375,5194.748046875,0.1832796
2033,3,633079207,False,0.281444847583771,5960,4240,6170,0.00380999160773007,0.00106161293447675,0.390680478117013,368.006516715597,0.000130570635858154,113225519,1113,11943293952.0,100402200.0,39225179.5,106588.274169922,0.122992695
2034,2,633077141,False,0.628508746623993,6760,4870,6980,0.00610633904741214,0.000464631215436384,0.129427134990692,278.558837890625,0.000209267802734375,113225519,629,44344430592.0,367669792.0,47586448.0,170830.859375,0.4503954952
2035,1,633077792,False,0.145816057920456,4340,1740,5690,0.000372156606680888,3.8188329199329e-05,0.00518797570839524,135.852386474609,1.27540240966797e-05,113225519,935,32152756224.0,272634304.0,1414420.125,10411.4482421875,0.3339770224
2036,1,633077938,False,0.0,0,0,0,0.0,0.0,0.0,0.0,0.0,113225519,723,173462124032.0,1227655804.0,0.0,0.0,1.5038783599
2037,2,633077155,False,0.0,0,0,0,0.0,0.0,0.0,0.0,0.0,113225519,648,261328453632.0,1472779776.0,0.0,0.0,1.8041552256
2038,1,633078004,False,0.0,0,0,0,0.0,0.0,0.0,0.0,0.0,113225519,625,65344446464.0,356534112.0,0.0,0.0,0.4367542872
2039,3,633079246,False,0.520042836666107,4560,5220,6010,0.0901109923294609,0.00148840422767034,0.432288673260351,290.437681661905,0.00308815629472656,113225519,258,178002190336.0,1693722624.0,732177106.0,2520943.9140625,2.0748102144
2040,1,633077597,False,0.131236508488655,5600,6370,4140,0.000810968243653751,0.000138403222081251,0.0315973907709122,228.299545288086,2.77923549804687e-05,113225519,298,14396319744.0,163924192.0,5179577.0,22687.63671875,0.2008071352
2041,2,633076719,False,0.0812273845076561,10850,1120,6400,0.000111368971708671,1.55743538332296e-06,0.00023141786316171,148.589062274901,3.81667965393066e-06,113225519,4,241245282304.0,2000504736.0,462952.53125,3115.65686035156,2.4506183016
2042,2,633077452,False,0.0,0,0,0,0.0,0.0,0.0,0.0,0.0,113225519,1045,2409626112.0,26708400.0,0.0,0.0,0.03271779
2043,3,633078511,False,0.16393093764782,11520,6480,7120,0.00069324828338375,0.00050012131986993,0.123558402442547,247.056859073077,2.37580232421875e-05,113225519,135,2815439808.0,38779200.0,4791496.0,19394.3046875,0.04750452
2044,1,633077940,False,0.121724121272564,12610,5090,4980,5.49344507799607e-05,8.23442735701247e-06,0.00286130017044032,347.480164240398,1.88263568725586e-06,113225519,720,9917245184.0,186636592.0,534023.3125,1536.84545898438,0.2286298252
2045,2,633077536,False,0.137973338365555,3390,2670,6620,0.00028553868988677,2.53983453148976e-05,0.00673364941030741,265.12158203125,9.7855775390625e-06,113225519,919,36280934400.0,314517600.0,2117851.25,7988.2265625,0.38528406
2046,3,633079075,False,0.0,0,0,0,0.0,0.0,0.0,0.0,0.0,113225519,954,34062153728.0,267962400.0,0.0,0.0,0.32825394
2047,2,633077338,False,0.105522289872169,5430,5700,6220,0.000214811947741616,0.00114474655129015,0.335015416145325,292.654663085938,7.36173081054687e-06,113225519,914,772357952.0,5249700.0,1758730.5,6009.576171875,0.0064308825
2048,2,633076930,False,0.355732411146164,6250,6080,8800,0.00122309177889151,9.8800977866631e-05,0.0462682731449604,468.297729492188,4.19160690429687e-05,113225519,303,54490083328.0,346324512.0,16023837.0,34217.19921875,0.4242475272
2049,2,633077112,False,0.557220995426178,4620,6250,6030,0.0647437443689238,0.00543974945321679,1.43812167644501,264.372772216797,0.002218805903125,113225519,596,31098021888.0,332969408.0,478850528.0,1811270.125,0.4078875248
2050,2,633077431,False,0.070075049996376,570,5860,6990,0.000254228110981626,4.50636935056536e-06,0.000230319623369724,51.1097984313965,8.71254572753906e-06,113225519,1016,99008462848.0,1578273280.0,363507.3125,7112.2822265625,1.933384768
2051,1,633077607,False,0.179896041750908,4980,4920,5450,0.000651203715018669,6.66702762828209e-05,0.0180203802883625,270.291046142578,2.23171313476562e-05,113225519,266,30811179008.0,273256192.0,4924180.5,18218.06640625,0.3347388352
2052,3,633078706,False,0.376988798379898,6860,5440,8130,0.0159959006249133,0.000245108875419772,0.0717664658380392,292.79423568458,0.000548188849414062,113225519,403,209514889216.0,1825723776.0,131025743.0,447501.1015625,2.2365116256
2053,3,633078816,False,0.557220995426178,4620,6250,6030,0.0890361941644939,0.00374039673788891,0.99991475493148,267.328528228756,0.003051322334375,113225519,596,65289715712.0,665938816.0,665882048.0,2490875.375,0.8157750496
2054,3,633078823,False,0.358522862195969,10530,4820,6010,0.0105102318519243,0.00301861370813956,1.0964926134672,363.243766670297,0.000360191779199219,113225519,604,10836132352.0,97407000.0,106806056.0,294034.10546875,0.119323575
2055,2,633077437,False,0.0,0,0,0,0.0,0.0,0.0,0.0,0.0,113225519,1023,43396386816.0,272100608.0,0.0,0.0,0.3333232448
2056,1,633076850,False,0.0,0,0,0,0.0,0.0,0.0,0.0,0.0,113225519,312782652,1438440192.0,14726700.0,0.0,0.0,0.0180402075
2057,2,633077090,False,0.0889258682727814,8420,6760,9340,0.000595320688093974,2.63471392827341e-05,0.00341080431826413,129.456344604492,2.04019874023437e-05,113225519,566,66155585536.0,632124928.0,2156054.5,16654.68359375,0.7743530368
2058,2,633077094,False,0.0,0,0,0,0.0,0.0,0.0,0.0,0.0,113225519,573,13865965568.0,80587800.0,0.0,0.0,0.098720055
2059,2,633077119,False,0.358522862195969,10530,4820,6010,0.00848861316339551,0.00487598078325391,1.85846209526062,381.146301269531,0.000290909726953125,113225519,604,5618383872.0,48703500.0,90513608.0,237477.328125,0.0596617875
2060,3,633078605,False,0.0,0,0,0,0.0,0.0,0.0,0.0,0.0,113225519,312782590,21187947520.0,133151400.0,0.0,0.0,0.163110465
2061,2,633077214,False,0.0,0,0,0,0.0,0.0,0.0,0.0,0.0,113225519,733,74320216064.0,740097024.0,0.0,0.0,0.9066188544
2062,2,633076921,False,0.0,0,0,0,0.0,0.0,0.0,0.0,0.0,113225519,289,64096100352.0,427154400.0,0.0,0.0,0.52326414
2063,2,633076940,False,0.269946098327637,6540,6760,8580,0.00657425094133151,0.000275193231730851,0.0873876957725989,317.55030900639,0.00022530341640625,113225519,319,86345490432.0,668334592.0,58404220.0,183921.15625,0.8187098752
2064,3,633078909,False,0.298205435276031,8100,6040,7200,0.0188074456569932,8.86165114934336e-05,0.0133530022826618,150.683005431231,0.000644542138444328,113225519,726,724254433280.0,5937458368.0,79282895.1411133,526156.847709656,7.2733865008
2065,3,633079110,False,0.0,0,0,0,0.0,0.0,0.0,0.0,0.0,113225519,989,25013343232.0,451832384.0,0.0,0.0,0.5534946704
2066,2,633077474,False,0.0842703059315681,8450,1380,9650,5.59969901055922e-05,2.95293066301383e-05,0.00372957740910351,126.300880432129,1.9190495300293e-06,113225519,1074,7649227264.0,53051400.0,197859.296875,1566.57104492188,0.064987965
2067,1,633077953,False,0.13448503613472,8460,5250,5100,0.00018376877520672,1.71625979419332e-05,0.00164893420878798,96.0771942138672,6.29786317138672e-06,113225519,697,7199222784.0,299553312.0,493943.6875,5141.11279296875,0.3669528072
2068,2,633078216,False,0.0,0,0,0,0.0,0.0,0.0,0.0,0.0,113225519,312782554,29416601600.0,192023104.0,0.0,0.0,0.2352283024
2069,3,633078783,False,0.146486014127731,8860,1190,5160,0.00199550847498108,6.54720210484451e-05,0.00969639664298038,148.099852237732,6.83872399902344e-05,113225519,542,87766585344.0,852674432.0,8267869.5,55826.318359375,1.0445261792
2070,2,633077031,False,0.0,0,0,0,0.0,0.0,0.0,0.0,0.0,113225519,451,23162406912.0,188746208.0,0.0,0.0,0.2312141048
2071,2,633078237,False,0.0,0,0,0,0.0,0.0,0.0,0.0,0.0,113225519,312782586,4793872896.0,25765200.0,0.0,0.0,0.03156237
2072,1,633078278,False,0.385342419147491,8080,6290,4890,0.000992330605878417,0.000796602223999798,0.169679149985313,213.003616333008,3.40077489746094e-05,113225519,210,2162270208.0,34849800.0,5913284.5,27761.427734375,0.042691005
2073,3,633078606,False,0.164351150393486,5840,7200,7670,0.000900581038489598,0.000251063190360375,0.0596689446527118,237.665045867788,3.08634377563476e-05,113225519,260,11137122304.0,100351800.0,5987886.0,25194.6430664062,0.122930955
2074,1,633077693,False,0.0,0,0,0,0.0,0.0,0.0,0.0,0.0,113225519,1054,10821653504.0,92284200.0,0.0,0.0,0.113048145
2075,1,633078143,False,0.224972978234291,8550,4810,5690,0.00048576806294129,0.000808341719675809,0.110570318996906,136.786605834961,1.66475550048828e-05,113225519,397,524540160.0,16812000.0,1858908.25,13589.8408203125,0.0205947
2076,1,633078030,False,0.266152828931808,8040,4890,5430,0.000895715031453098,0.000332209252519533,0.0819231048226357,246.600921630859,3.06966768554687e-05,113225519,595,4273434624.0,75429904.0,6179452.0,25058.51171875,0.0924016324
2077,3,633078672,False,0.368659555912018,10550,4550,6620,0.00642698345855505,0.0074728478560385,1.97988454153263,264.943777750375,0.000220256473828125,113225519,350,2202949056.0,24060600.0,47637210.0,179801.203125,0.029474235
2078,1,633077742,False,0.523277938365936,10640,4060,4930,0.0478517859219734,0.00051337568175529,0.139537027941866,271.802956199196,0.00163990862922211,113225519,987,152229800768.0,2607643816.0,363862868.015625,1338700.92181396,3.1943636746
2079,2,633076869,False,0.0456638596951962,7220,2900,6500,3.40982087194794e-05,1.76552975972299e-06,0.000367451546480879,208.125366210938,1.16856551208496e-06,113225519,218,46208901120.0,540308672.0,198537.25,953.931030273438,0.6618781232
2080,2,633077057,False,0.0692108422517776,2450,3950,6480,0.000182736500396852,7.32652210899687e-07,8.16715764813125e-05,111.47386932373,6.26248651123047e-06,113225519,507,792479465472.0,6977709056.0,569880.5,5112.23388671875,8.5476935936
2081,2,633077059,False,0.354165434837341,10490,3550,6980,0.0309382810989643,3.57227327185683e-05,0.00745240692049265,208.618057250977,0.0010602729484375,113225519,512,3668824126208.0,24229079040.0,180564960.0,865528.9375,29.680621824
2082,1,633077724,False,0.0767094865441322,7040,2380,1000,0.000287776623416307,1.47270016352511e-05,0.00131265278639924,89.1323854583697,9.86227282714844e-06,113225519,1011,72024211328.0,546671696.0,717590.125,8050.8349609375,0.6696728276
2083,1,633077563,False,0.147385969758034,9090,4910,5640,6.28071432081993e-05,0.000204753450816497,0.032692551612854,159.667877197266,2.15243745117187e-06,113225519,607344854,649433728.0,8581500.0,280551.125,1757.091796875,0.0105123375
2084,1,633077992,False,0.0,0,0,0,0.0,0.0,0.0,0.0,0.0,113225519,643,8502972928.0,66125700.0,0.0,0.0,0.0810039825
2085,3,633078567,False,0.0,0,0,0,0.0,0.0,0.0,0.0,0.0,113225519,211,78814965760.0,543882624.0,0.0,0.0,0.6662562144
2086,1,633077913,False,0.0,0,0,0,0.0,0.0,0.0,0.0,0.0,113225519,765,1361706240.0,25673400.0,0.0,0.0,0.031449915
2087,1,633077771,False,0.0470280572772026,12790,4790,4900,0.000173325265755924,4.91684568260098e-06,0.00052030454389751,105.82080078125,5.9399580078125e-06,113225519,957,155823849472.0,986190272.0,513119.28125,4848.9453125,1.2080830832
2088,2,633077047,False,0.130205482244492,7010,3040,5930,0.000138219239062052,2.68505627900595e-05,0.00401520822197199,149.539077758789,4.7368539855957e-06,113225519,483,9894858752.0,144012608.0,578240.625,3866.81958007812,0.1764154448
2089,1,633077611,False,0.490243583917618,5950,4960,5000,0.00250751908454882,0.000107706167909782,0.0408713445067406,379.470794677734,8.59341423828125e-05,113225519,262,50458198016.0,651312000.0,26619998.0,70150.3203125,0.7978572
2090,3,633078742,False,0.0386264212429523,7760,5400,8040,4.34228937613065e-05,2.1550120060723e-07,3.30084881445152e-05,153.170785366881,1.48812791023254e-06,113225519,463,825369919488.0,5637083648.0,186071.608764648,1214.79829406738,6.9054274688
2091,3,633078891,False,0.0411883071064949,8360,1920,10180,2.9242455663954e-05,8.06638730981473e-06,0.000598927684319759,74.2498049394451,1.00215602111816e-06,113225519,696,11859095552.0,101419200.0,60742.7666015625,818.086547851562,0.12423852
2092,1,633078392,False,0.455409944057465,6320,5610,5460,0.008715310373947,0.00287057412788272,1.12617754936218,392.31787109375,0.00029867877265625,113225519,38,7635141120.0,84937504.0,95654712.0,243819.40625,0.1040484424
2093,3,633078714,False,0.0119449850171804,9260,1810,9760,6.5010293925249e-06,1.09145543134046e-06,0.000109873191443092,100.666677070041,2.2279407119751e-07,113225519,421,19554562560.0,166633200.0,18308.521484375,181.872711181641,0.20412567
2094,3,633078436,False,0.355381458997726,5880,6220,7620,0.0103174757896475,0.000648730414788223,0.216295752911935,333.413923536396,0.000353585916455078,113225519,23,53769670656.0,444932992.0,96237116.5,288641.564453125,0.5450429152
2095,1,633077741,False,0.0,0,0,0,0.0,0.0,0.0,0.0,0.0,113225519,988,28939276288.0,238410896.0,0.0,0.0,0.2920533476
2096,3,633078575,False,0.300586879253387,11560,6830,5730,0.00495019307553269,0.00384781015132255,0.540064029896363,140.356204869082,0.000169646005566406,113225519,222,1555990464.0,35991000.0,19437444.5,138486.53515625,0.044088975
2097,1,633078416,False,0.304167479276657,10610,5590,3660,0.00204650414913526,0.000115027200081386,0.0264362301677465,229.825897216797,7.01348915039062e-05,113225519,7,37657530368.0,497734208.0,13158216.0,57252.97265625,0.6097244048
2098,2,633077521,False,0.0,0,0,0,0.0,0.0,0.0,0.0,0.0,113225519,196,5846253056.0,99129600.0,0.0,0.0,0.12143376
2099,2,633077208,False,0.298205435276031,8100,6040,7200,0.0105581578133382,9.94953945664895e-05,0.014708591042996,147.831878119411,0.000361834229865837,113225519,726,368573853696.0,2968729184.0,43665823.4848633,295374.881523132,3.6366932504
2100,3,633078469,False,0.0145518044009805,1920,3090,7400,5.8255293059251e-06,7.0592256098537e-07,3.59569603558635e-05,50.9361257779786,1.99644289016724e-07,113225519,68,25906483200.0,230868000.0,8301.3115234375,162.97492980957,0.2828133
2101,3,633078528,False,0.0,0,0,0,0.0,0.0,0.0,0.0,0.0,113225519,156,21910389760.0,166084192.0,0.0,0.0,0.2034531352
2102,2,633077398,False,0.244673907756805,11600,7000,6840,0.00174102760118671,0.000152944208821282,0.0233176946640015,152.45881652832,5.96660319335937e-05,113225519,978,12290947072.0,318462304.0,7425806.5,48706.96484375,0.3901163224
2103,3,633078568,False,0.0,0,0,0,0.0,0.0,0.0,0.0,0.0,113225519,312782636,36980222976.0,336574784.0,0.0,0.0,0.4123041104
2104,2,633077063,False,0.0,0,0,0,0.0,0.0,0.0,0.0,0.0,113225519,520,14313235456.0,126495904.0,0.0,0.0,0.1549574824
2105,1,633078002,False,0.0,0,0,0,0.0,0.0,0.0,0.0,0.0,113225519,629,39289962496.0,367669792.0,0.0,0.0,0.4503954952
2106,3,633078507,False,0.429359465837479,7120,7220,5700,0.00698000699000706,0.000243461020478814,0.0417146758252715,171.34026524341,0.000239208912988281,113225519,129,28839630848.0,802069184.0,33458056.0,195272.58203125,0.9825347504
2107,2,633077032,False,0.31150296330452,5200,4920,5700,0.00200181096439409,0.00309116509743035,0.797281861305237,257.922790527344,6.86032299804687e-05,113225519,452,1528843392.0,18117000.0,14444356.0,56002.63671875,0.022193325
2108,1,633077564,False,0.0570964775979519,8520,5750,5490,6.34691096761854e-05,0.000123584381071851,0.0116661367937922,94.3981475830078,2.17512342834473e-06,113225519,607344850,1895103232.0,14367600.0,167614.390625,1775.61096191406,0.01760031
2109,1,633078128,False,0.0471569523215294,10370,2090,2550,3.88905179948433e-05,3.04327570973699e-06,0.000473550602155956,155.605553792194,1.33280074768066e-06,113225519,425,39682371712.0,357509708.0,169298.9375,1088.00061035156,0.4379493923
2110,3,633078793,False,0.365425854921341,6400,5840,7800,0.0201952263169807,0.000839240744357001,0.281345905354149,335.238615672439,0.000692102191552734,113225519,559,87451107328.0,673205376.0,189403576.0,564981.380859375,0.8246765856
2111,3,633078635,False,0.0,0,0,0,0.0,0.0,0.0,0.0,0.0,113225519,304,50625314816.0,378559808.0,0.0,0.0,0.4637357648
2112,1,633078159,False,0.414736568927765,13070,5830,5600,0.0320996387444537,0.000114104950396103,0.0268957756497414,235.710857034473,0.00110007335270154,113225519,370,450761024256.0,7870114840.0,211672843.074341,898019.063429832,9.640890679
2113,1,633078201,False,0.0,0,0,0,0.0,0.0,0.0,0.0,0.0,113225519,318,746348416.0,7812000.0,0.0,0.0,0.0095697
2114,3,633078479,False,0.0,0,0,0,0.0,0.0,0.0,0.0,0.0,113225519,91,67103711232.0,773886592.0,0.0,0.0,0.9480110752
2115,1,633078064,False,0.0505189560353756,7130,4390,650,0.000416378265379456,8.34410333116409e-06,0.000639035766350716,76.5853131233412,1.42695261474609e-05,113225519,541,157558561536.0,1396026908.0,892111.125,11648.5927734375,1.7101329623
2116,3,633079071,False,0.0631586685776711,2120,3640,5480,6.44667650282104e-05,0.000149233885634933,0.0239900485847359,160.75470046677,2.20931365947723e-06,113225519,949,990809760.0,12085200.0,289924.53515625,1803.52135467529,0.01480437
2117,2,633076844,False,0.0,0,0,0,0.0,0.0,0.0,0.0,0.0,113225519,187,38610853888.0,245393104.0,0.0,0.0,0.3006065524
2118,2,633076943,False,0.299033641815186,4330,3470,9770,0.00992946634075295,2.54012470879414e-05,0.00355639687522774,140.008750866254,0.000340288606204224,113225519,322,1858860836480.0,10935944064.0,38892557.296875,277786.61730957,13.3965314784
2119,1,633078078,False,0.083877220749855,11280,4210,4710,3.17683318877646e-05,1.10828094711113e-06,0.000281056931940277,253.597188215575,1.08871927337646e-06,113225519,519,64898328576.0,801917988.0,225384.609375,888.750427246094,0.9823495353
2120,3,633078836,False,0.320834934711456,5820,6830,7710,0.00240598584047647,0.000234095077292121,0.0724358916416707,309.429367245002,8.24545388549805e-05,113225519,619,37588980736.0,287532008.0,20827637.375,67309.8276367188,0.3522267098
2121,2,633077171,False,0.0,0,0,0,0.0,0.0,0.0,0.0,0.0,113225519,670,28472109056.0,190680304.0,0.0,0.0,0.2335833724
2122,3,633078641,False,0.0,0,0,0,0.0,0.0,0.0,0.0,0.0,113225519,314,44554381312.0,392164192.0,0.0,0.0,0.4804011352
2123,2,633077017,False,0.0,0,0,0,0.0,0.0,0.0,0.0,0.0,113225519,433,15532539904.0,102358800.0,0.0,0.0,0.12538953
2124,3,633078954,False,0.00423926580697298,10390,6030,7210,7.7347496583206e-07,2.22492903053203e-07,2.81892957516737e-05,126.697505245518,2.65074384689331e-08,113225519,798,1696020528.0,97255800.0,2741.57250976562,21.6387252807617,0.119138355
2125,3,633078722,False,0.0,0,0,0,0.0,0.0,0.0,0.0,0.0,113225519,433,31076573184.0,204717600.0,0.0,0.0,0.25077906
2126,3,633078489,False,0.120836310088634,10440,6830,4610,0.000216312135702062,3.44439386439995e-05,0.00581802010133517,168.912741410563,7.41314312744141e-06,113225519,105,6889061888.0,175692608.0,1022183.125,6051.54541015625,0.2152234448
2127,1,633078271,False,0.199438408017159,7300,3340,4740,0.000512533972756716,2.65378748736111e-05,0.0073734438046813,277.846069335938,1.75648383544922e-05,113225519,218,45441871872.0,540308672.0,3983935.75,14338.6435546875,0.6618781232
2128,2,633077402,False,0.000628995941951871,6920,2410,5860,7.1142425955036e-08,7.17062818011982e-08,4.02505474994541e-06,56.1325263977051,2.43809245526791e-09,113225519,982,2580303360.0,27756000.0,111.719421386719,1.99027955532074,0.0340011
2129,2,633077467,False,0.086117148399353,12200,4010,9510,0.000598810078549271,7.28255463400274e-06,0.000897132733371109,123.189292907715,2.05215708496094e-05,113225519,1064,363059216384.0,2300333312.0,2063704.375,16752.302734375,2.8179083072
2130,1,633077869,False,0.179825156927109,8150,3240,5510,0.000693981752824605,0.000206054275622591,0.0330394431948662,160.343399047852,2.37831596679687e-05,113225519,832,2607996800.0,94221896.0,3113039.0,19414.82421875,0.1154218226
2131,1,633077983,False,0.264428585767746,5950,860,5650,0.00163555558921538,4.38198112533428e-05,0.00572515511885285,130.652221679688,5.605144453125e-05,113225519,656,125623508992.0,1044191680.0,5978159.5,45756.28125,1.279134808
2132,1,633077728,False,0.0955780223011971,12270,1640,4170,0.000810735622277687,8.84868040884612e-06,0.00106452207546681,120.302909851074,2.77843829101562e-05,113225519,1007,402076205056.0,2563221504.0,2728605.75,22681.12890625,3.1399463424
2133,2,633076973,False,0.578921377658844,7030,5780,6980,0.0127436222831937,0.0636044070124626,20.0168399810791,314.708404541016,0.00043673137265625,113225519,356,595109888.0,5605200.0,112198392.0,356515.40625,0.00686637
2134,3,633078630,False,0.168613195419312,4180,3050,5850,0.000292174420591291,1.80819141664522e-05,0.00539394399416244,298.306028029375,1.0012987902832e-05,113225519,296,65961259008.0,452046592.0,2438314.0,8173.86767578125,0.5537570752
2135,1,633077879,False,0.0,0,0,0,0.0,0.0,0.0,0.0,0.0,113225519,819,2394162688.0,27927900.0,0.0,0.0,0.0342116775
2136,3,633078794,False,0.328095138072968,4500,5000,5600,0.0149744679818228,0.00112116732296056,0.328594132709864,293.08215284243,0.000513183756640625,113225519,564,36543463424.0,373651200.0,122779592.0,418925.515625,0.45772272
2137,1,633077652,False,0.0,0,0,0,0.0,0.0,0.0,0.0,0.0,113225519,1107,22413666304.0,419008512.0,0.0,0.0,0.5132854272
2138,3,633079208,False,0.0,0,0,0,0.0,0.0,0.0,0.0,0.0,113225519,1114,15149123584.0,93736800.0,0.0,0.0,0.11482758
2139,2,633076893,False,0.0869756266474724,7170,2590,10530,0.000385424586099795,4.13537816853161e-06,0.000433832107594372,104.907481230046,1.32087254943848e-05,113225519,247,389016035520.0,2607411612.0,1131178.875,10782.6330566406,3.1940792247
2140,2,633076777,False,0.20947177708149,4450,5180,9580,0.0039905767943336,3.14271945570641e-05,0.00637320753246741,202.792760292212,0.000136759395590209,113225519,95,507026283456.0,3552347720.0,22639849.2470474,111640.322930783,4.351625957
2141,2,633077159,False,0.0,0,0,0,0.0,0.0,0.0,0.0,0.0,113225519,654,53929857024.0,246657600.0,0.0,0.0,0.30215556
2142,3,633078890,False,0.391437888145447,4440,3840,9890,0.158668162575986,2.34929248340246e-05,0.00390504118973802,166.222010129722,0.00543765052814239,113225519,695,25902835323827.1,188946179400.0,737842613.20063,4438898.39032032,231.459069765
2143,1,633077797,False,0.0,0,0,0,0.0,0.0,0.0,0.0,0.0,113225519,929,1447924864.0,24082200.0,0.0,0.0,0.029500695
2144,3,633079205,False,0.358818888664246,4970,5900,6520,0.0396494425463997,0.0127493566134214,4.76304155029137,373.590738318298,0.00135880953496094,113225519,1109,13664783872.0,87003000.0,414398904.0,1109232.2734375,0.106578675
2145,3,633079003,False,0.535319983959198,8590,5020,5320,0.0169789222567032,0.00087113986897223,0.108264673877193,124.279323829965,0.000581877574414062,113225519,863,11604369984.0,545265024.0,59032940.0,475002.1015625,0.6679496544
2146,2,633077423,False,0.0931595861911774,10490,3950,9030,0.000191131779329549,2.08608594221005e-06,0.000314031727612019,150.536346435547,6.55019761962891e-06,113225519,1007,396237209600.0,2563221504.0,804932.875,5347.10009765625,3.1399463424
2147,2,633077287,False,0.0672142133116722,8460,1880,6650,8.35313637990736e-05,4.50463312517968e-06,0.000790844962466508,175.562561035156,2.86266858520508e-06,113225519,842,75474190336.0,518770816.0,410267.28125,2336.87231445312,0.6354942496
2148,1,633077616,False,0.0,0,0,0,0.0,0.0,0.0,0.0,0.0,113225519,250,23863926784.0,253620896.0,0.0,0.0,0.3106855976
2149,2,633077083,False,0.0532004199922085,12080,7080,7670,0.000320742779545935,0.000136412360006943,0.00675888452678919,49.5474510192871,1.09920422363281e-05,113225519,553,839115328.0,65779200.0,444594.03125,8973.095703125,0.08057952
2150,1,633078246,False,0.0,0,0,0,0.0,0.0,0.0,0.0,0.0,113225519,249,4379524096.0,35722800.0,0.0,0.0,0.04376043
2151,1,633077924,False,0.0304201021790504,2690,4070,4710,6.83501682477387e-06,2.39153849017296e-07,2.36710171529458e-06,9.89781985538266,2.34240015411377e-07,113225519,746,137600427424.0,799553676.0,1892.62487792969,191.216339111328,0.9794532531
2152,3,633078590,False,0.261443048715591,10130,5000,5690,0.00329942326640215,0.00105547689723337,0.136258576749797,129.09669279068,0.000113073160839844,113225519,238,3414781312.0,87453000.0,11916221.3125,92304.62109375,0.107129925
2153,3,633078697,False,0.543903529644012,12190,5170,5580,0.119936025063092,0.000469946977633131,0.115124733431922,244.973877716467,0.0041102775720069,113225519,386,455998016896.0,7139802552.0,821967865.555556,3355328.63020971,8.7462581262
2154,2,633076739,False,0.335315614938736,5940,6100,5750,0.00714834988567769,0.0087512256577611,2.05265426635742,234.556198120117,0.000244978122265625,113225519,30,1443289472.0,22851900.0,46907052.0,199982.140625,0.0279935775
2155,2,633077491,True,1.0,6890,5910,6630,0.997403823407663,0.301705449819565,515.403381347656,1708.29992675781,0.0341816111,113225519,1097,65970499584.0,92485424.0,47667302400.0,27903356.0,0.1132946444
2156,1,633077933,False,0.0,0,0,0,0.0,0.0,0.0,0.0,0.0,113225519,729,28273528832.0,235562400.0,0.0,0.0,0.28856394
2157,1,633078154,False,0.220952093601227,5260,4220,1030,0.00562625544245181,3.87859387358055e-05,0.0046143016316247,118.968414379642,0.000192815057421875,113225519,378,562632553984.0,4058172936.0,18725634.0,157400.046875,4.9712618466
2158,3,633079108,False,0.590985715389252,10580,4470,6580,0.262559152692021,0.00140842688958514,0.392874475070875,278.94559382248,0.00899805538884125,113225519,987,315507633984.0,5215287632.0,2048953390.76562,7345351.33782959,6.3887273492
2159,1,633077577,False,0.00128035037778318,8410,4140,4120,4.1189445598488e-08,1.24614381036281e-08,1.56624719238607e-06,125.687507629395,1.41158633828163e-09,113225519,1029,6233840640.0,92470496.0,144.831649780273,1.15231537818909,0.1132763576
2160,1,633078055,False,0.356048762798309,7570,6580,4810,0.00635957546534988,0.00275502098234173,0.495686959863639,179.921301159134,0.000217946362562561,113225519,557,4463535104.0,64578600.0,32010769.90625,177915.398010254,0.079108785
2161,3,633078779,False,0.365425854921341,6400,5840,7800,0.0254867990810931,0.000601550973474231,0.202677815308943,336.925421528929,0.000873447478271484,113225519,536,163804302336.0,1185299968.0,240234008.0,713018.349609375,1.4519924608
2162,3,633078494,False,0.13636203110218,9760,6370,7130,0.000740336134844507,6.81876591174336e-05,0.0132597362024612,194.459472198997,2.53717513916016e-05,113225519,114,15647266304.0,303744608.0,4027573.375,20711.6337890625,0.3720871448
2163,3,633078632,False,0.213601261377335,6020,3600,7480,0.00223839835340257,0.000204006684779103,0.0356376483266744,174.688630253771,7.67112178710937e-05,113225519,301,17316339584.0,306957600.0,10939247.0,62621.40234375,0.37602306
2164,3,633078895,False,0.472791761159897,10880,4380,6560,0.0147308029198931,0.000142760232447354,0.0477731288312832,334.638911777484,0.000504833212768555,113225519,701,224911830528.0,2886719488.0,137907622.0,412108.745117188,3.5362313728
2165,3,633078919,False,0.150750398635864,7330,4890,6000,0.00164186177878833,0.000237093807956295,0.0672299818400857,283.558572953026,5.6267561328125e-05,113225519,741,24729767936.0,193732192.0,13024611.75,45932.703125,0.2373219352
2166,2,633077044,False,0.520042836666107,4560,5220,6010,0.338770322383221,0.000468419137177989,0.153299644589424,327.270233154297,0.01160985665,113225519,477,2632048291712.0,20232806400.0,3101681920.0,9477434.0,24.78518784
2167,1,633078197,False,0.162385478615761,4470,2450,1890,0.0044435444354261,1.13673349883118e-05,0.00141685506827383,124.642677437647,0.000152282860996437,113225519,322,1718771941632.0,10935944064.0,15494647.7734375,124312.539588928,13.3965314784
2168,3,633078940,False,0.0,0,0,0,0.0,0.0,0.0,0.0,0.0,113225519,774,89723285504.0,659917824.0,0.0,0.0,0.8083993344
2169,3,633078724,True,0.500898599624634,7040,6330,6690,0.00259618804188816,0.0595436210104415,20.9150220918541,351.255461742685,8.8972879296875e-05,113225519,436,121748592.0,1219793.5,25512008.0,72630.921875,0.0014942470375
2170,1,633077657,False,0.0,0,0,0,0.0,0.0,0.0,0.0,0.0,113225519,1101,100284653568.0,679313728.0,0.0,0.0,0.8321593168
2171,3,633078944,False,0.0,0,0,0,0.0,0.0,0.0,0.0,0.0,113225519,781,2017602304.0,21128400.0,0.0,0.0,0.02588229
2172,2,633077369,False,0.327721059322357,10110,3900,7580,0.00553959773148472,0.000244063348204332,0.0260693967394679,106.81405844536,0.000189845247094727,113225519,948,20867579424.0,634981504.0,16553584.75,154975.711914062,0.7778523424
2173,1,633078282,False,0.305736929178238,10190,6510,5670,0.00330244664614759,0.00175580114591867,0.366683542728424,208.841156005859,0.000113176773828125,113225519,206,3001261312.0,52619400.0,19294668.0,92389.203125,0.064458765
2174,1,633078155,False,0.0,0,0,0,0.0,0.0,0.0,0.0,0.0,113225519,377,6032718336.0,48273300.0,0.0,0.0,0.0591347925
2175,2,633077143,False,0.295833319425583,5690,6980,7900,0.00248066637805698,4.72321661982169e-05,0.0124705076850982,264.025741118116,8.50138844604492e-05,113225519,631,170422665216.0,1469318368.0,18323146.0,69399.0893554688,1.7999150008
2176,2,633077165,False,0.0,0,0,0,0.0,0.0,0.0,0.0,0.0,113225519,662,1844972032.0,17704800.0,0.0,0.0,0.02168838
2177,2,633077462,False,0.0,0,0,0,0.0,0.0,0.0,0.0,0.0,113225519,1058,49721827328.0,317895296.0,0.0,0.0,0.3894217376
2178,3,633079044,False,0.348689407110214,10420,3410,6510,0.0122103055243428,9.30402835507966e-05,0.0294021638678054,316.015415535066,0.00041845429609375,113225519,920,612564254720.0,3671477888.0,107949394.5,341595.34375,4.4975604128
2179,1,633078308,False,0.0282862931489944,12470,5330,5680,4.41154350916079e-06,0.000634862575680017,0.185354679822922,291.960327148438,1.51186170578003e-07,113225519,164,13332460.0,194400.0,36032.94921875,123.417282104492,0.00023814
2180,2,633077451,False,0.137547805905342,8340,4470,7930,0.000603922163675592,0.000614044722169638,0.12021279335022,195.772048950195,2.06967649902344e-05,113225519,1044,2004407552.0,27514800.0,3307631.0,16895.318359375,0.03370563
2181,2,633076753,False,0.0,0,0,0,0.0,0.0,0.0,0.0,0.0,113225519,52,68557561856.0,592686016.0,0.0,0.0,0.7260403696
2182,3,633078454,False,0.168613195419312,4180,3050,5850,0.000839927545450716,1.08400934994935e-05,0.00241854304064942,223.110902204158,2.87848071533203e-05,113225519,48,328003449856.0,2167675192.0,5242615.75,23497.8017578125,2.6554021102
2183,3,633079065,False,0.637140989303589,6750,7080,6030,0.214759431131007,0.00852942556823709,2.4241829642126,284.214094468456,0.0073599310356533,113225519,157,51533690656.0,704397608.0,1707588681.3457,6008106.96788025,0.8628870698
2184,1,633077929,False,0.049732580780983,7730,2940,650,7.48904692965496e-05,1.24160105769988e-05,0.00139427150133997,112.296257019043,2.56654008789062e-06,113225519,735,19010007040.0,168744608.0,235275.796875,2095.134765625,0.2067121448
2185,3,633078546,False,0.0145518044009805,1920,3090,7400,5.8255293059251e-06,1.85940772073618e-07,9.47110255359626e-06,50.9361257779786,1.99644289016724e-07,113225519,184,101586692496.0,876488400.0,8301.3115234375,162.97492980957,1.07369829
2186,1,633077500,False,0.154819220304489,7740,3430,4240,0.000122179316238005,3.22246996802278e-05,0.00686056818813086,212.897796630859,4.18715646972656e-06,113225519,560581551,9064763392.0,106070400.0,727703.1875,3418.0869140625,0.12993624
2187,3,633078452,False,0.251498281955719,3520,3730,6390,0.00633172944263079,0.000233107984758608,0.0756981885061959,324.734429773327,0.000216992063113403,113225519,44,107997948352.0,759889792.0,57522280.71875,177136.378051758,0.9308649952
2188,2,633077299,False,0.0,0,0,0,0.0,0.0,0.0,0.0,0.0,113225519,857,30319841280.0,240640192.0,0.0,0.0,0.2947842352
2189,2,633077591,False,0.264071524143219,8930,5700,5930,0.000313614945022528,0.000314408243866637,0.0487448275089264,155.036743164062,1.07477671875e-05,113225519,607344846,2950172160.0,27905400.0,1360243.875,8773.6875,0.034184115
2190,3,633078880,False,0.0,0,0,0,0.0,0.0,0.0,0.0,0.0,113225519,680,577996416.0,8667000.0,0.0,0.0,0.010617075
2191,3,633078543,False,5.65111186006106e-05,7390,4070,8500,2.09708630480638e-09,1.60660543126472e-10,3.22448448680427e-08,200.701704603721,7.18683714978397e-11,113225519,178,28144112640.0,365167808.0,11.7747793197632,0.0586680583655834,0.4473305648
2192,3,633079076,False,0.103306420147419,12710,7290,7150,0.000149017946413829,9.03200873995811e-06,0.000988623756552041,109.457794496845,5.10693198852539e-06,113225519,955,17630928384.0,461572192.0,456321.234375,4168.92407226562,0.5654259352
2193,2,633076979,False,0.375365734100342,6960,5050,5900,0.00171563123925071,0.000348175992257893,0.136516854166985,392.091522216797,5.87956837890625e-05,113225519,366,18575226880.0,137851200.0,18819012.0,47996.4765625,0.16886772
2194,1,633078234,False,0.124768696725368,6150,6710,3830,7.85786560808805e-05,3.26586414303165e-05,0.0114471558481455,350.509246826172,2.69293640136719e-06,113225519,268,10122974208.0,67311904.0,770529.875,2198.3154296875,0.0824570824
2195,3,633078984,False,0.0,0,0,0,0.0,0.0,0.0,0.0,0.0,113225519,838,107348221952.0,576842368.0,0.0,0.0,0.7066319008
2196,3,633078838,False,0.274665743112564,10200,5370,7540,0.0029911679157897,0.000262090625278926,0.0603094523004238,230.109154939214,0.000102509070080566,113225519,621,22735400960.0,319282208.0,19255735.09375,83680.8735351562,0.3911207048
2197,2,633076996,False,0.0,0,0,0,0.0,0.0,0.0,0.0,0.0,113225519,394,50703648384.0,356651100.0,0.0,0.0,0.4368975975
2198,3,633079034,False,0.194749861955643,5440,5320,5840,0.00125987389513521,0.000184679807901691,0.0682507770156625,369.562746415644,4.31766136322021e-05,113225519,908,10929417216.0,190850400.0,13025688.09375,35246.2152099609,0.23379174
2199,2,633077440,False,0.0411883071064949,8360,1920,10180,1.63160603500108e-05,1.65688372254511e-06,0.000178804321162309,107.916034619286,5.5916091003418e-07,113225519,1027,41338370112.0,275491804.0,49259.125,456.457885742188,0.3374774599
2200,3,633078886,False,0.302954405546188,7560,5620,6270,0.00047326349513311,0.00011355032400277,0.0341489334245423,300.738317785067,1.62190161685944e-05,113225519,690,6171163904.0,116600400.0,3981779.296875,13240.0131988525,0.14283549
2201,3,633078911,False,0.453274488449097,10480,3550,6980,0.00368657637698342,1.6559132025311e-05,0.00441896804735428,266.859883754764,0.000126341123876953,113225519,728,265487720448.0,6228322304.0,27522757.25,103135.611328125,7.6296948224
2202,1,633077644,False,0.280402928590775,6370,4540,5640,0.00226671965686666,0.00324908643960953,1.16307187080383,357.968902587891,7.768180546875e-05,113225519,1120,2494601472.0,19517400.0,22700140.0,63413.71875,0.023908815
2203,3,633078829,False,0.0448761843144894,7680,2590,6010,5.17697624498852e-05,3.36730180805855e-05,0.00287205307944479,85.2924163961621,1.77417997131348e-06,113225519,611,1887100992.0,43011000.0,123529.875,1448.31018066406,0.052688475
2204,2,633077014,False,0.155612111091614,5550,4950,5890,0.000245548740051766,0.00183259125333279,0.451814085245132,246.543838500977,8.41509862060547e-06,113225519,428,356102976.0,3748500.0,1693625.125,6869.46826171875,0.0045919125
2205,3,633079028,False,0.0,0,0,0,0.0,0.0,0.0,0.0,0.0,113225519,902,29585245184.0,218530800.0,0.0,0.0,0.26770023
2206,1,633077914,False,0.0193388368934393,4810,6570,5670,1.18467449302716e-05,8.500676631229e-05,0.0194419920444489,228.71110534668,4.05994862365723e-07,113225519,763,226607248.0,3898800.0,75800.4375,331.424377441406,0.00477603
2207,2,633077029,False,0.00353633332997561,5950,2690,6000,2.20406236004581e-07,2.11770583291582e-07,3.00498795695603e-05,141.89826965332,7.55345033407211e-09,113225519,449,1083187968.0,29116800.0,874.956359863281,6.16608190536499,0.03566808
2208,2,633077128,True,0.547546565532684,7060,6490,6850,0.00355054250998077,0.175712764263153,200.363220214844,1140.28845214844,0.000121679163867187,113225519,614,186037536.0,565297.1875,113264768.0,99329.9296875,0.0006924890546875
2209,1,633078148,False,0.543903529644012,12190,5170,5580,0.0331941370098777,0.000260130087765141,0.0648563437097177,249.322730280525,0.00113758244699249,113225519,386,225465382016.0,3569901276.0,231530744.166016,928638.73223877,4.3731290631
2210,2,633077461,False,0.264545172452927,4530,4400,9900,0.00178799515381535,6.28607902570068e-05,0.00988566908981624,157.262882782711,6.12756373718262e-05,113225519,1057,113461228032.0,795741324.0,7866435.41015625,50020.9284667969,0.9747831219
2211,2,633077483,False,0.0,0,0,0,0.0,0.0,0.0,0.0,0.0,113225519,1088,7464546816.0,112639504.0,0.0,0.0,0.1379833924
2212,2,633076951,False,0.610843181610107,7870,5660,5890,0.127491526190409,0.00780264308162784,2.3352145330119,299.285063866424,0.00436920900493164,113225519,331,43322423168.0,457114492.0,1067460404.96875,3566701.22851562,0.5599652527
2213,2,633077445,False,0.0,0,0,0,0.0,0.0,0.0,0.0,0.0,113225519,1035,101779365888.0,525223808.0,0.0,0.0,0.6433991648
2214,2,633077202,False,0.194182857871056,2740,3220,6180,0.00097753569251688,1.02929196243233e-05,0.00242601416416061,235.697377683556,3.35007186595917e-05,113225519,714,424225694192.0,2656925968.0,6445740.03149414,27347.5254364014,3.2547343108
2215,3,633079025,False,0.590985715389252,10580,4470,6580,0.154426222711256,0.00886600648451249,2.78807432135583,314.467886553676,0.0052922767734375,113225519,898,49966667776.0,487279808.0,1358572320.0,4320225.9375,0.5969177648
2216,1,633077532,False,0.0524192415177822,9780,2880,3300,3.50112842730579e-05,6.66376308799954e-06,0.000889912771526724,133.545074462891,1.19985714416504e-06,113225519,484682508,17189040128.0,146985296.0,130804.09375,979.475219726562,0.1800569876
2217,2,633076894,False,0.0,0,0,0,0.0,0.0,0.0,0.0,0.0,113225519,249,5024489984.0,35722800.0,0.0,0.0,0.04376043
2218,2,633077624,False,0.132160782814026,3830,4150,7760,8.52446425743723e-05,4.93824109071284e-06,0.000868733506649733,175.919631958008,2.92138364868164e-06,113225519,484682512,29131902976.0,482925600.0,419533.65625,2384.80297851562,0.59158386
2219,3,633078797,False,0.557220995426178,4620,6250,6030,1.25225142572331,0.000142493136701824,0.0421335670771825,295.688396314481,0.0429153871570831,113225519,567,32899079847475.1,245857238592.0,10358842453.6269,35032969.1078229,301.1751172752
2220,3,633078681,False,0.146578028798103,3640,3300,6150,0.000268671824949337,8.52683920868145e-06,0.00245864406178832,288.341787808676,9.207540234375e-06,113225519,363,139988869120.0,881494208.0,2167280.5,7516.359375,1.0798304048
2221,3,633079254,False,0.384492605924606,6800,7290,5630,0.00994010799638675,0.00378887292220178,0.780548920226173,206.010847091853,0.000340653301953125,113225519,10671,2654765952.0,73395000.0,57288388.0,278084.328125,0.089908875
2222,3,633078852,False,0.00182308338116854,10330,6840,6140,8.24867233290232e-08,1.66005382810174e-08,1.14433047657063e-06,68.9333356063013,2.82686814665794e-09,113225519,642,4260707456.0,139010400.0,159.073837280273,2.30764746665955,0.17028774
2223,1,633078414,False,0.0,0,0,0,0.0,0.0,0.0,0.0,0.0,113225519,9,16235995136.0,104807696.0,0.0,0.0,0.1283894276
2224,3,633078931,False,0.581259965896606,7670,5330,7130,0.0204478307209834,0.00565669746222841,1.44083658664895,254.713389971777,0.000700759091894531,113225519,760,7161183744.0,101127600.0,145708346.0,572048.23828125,0.12388131
2225,2,633077275,False,0.0812273845076561,10850,1120,6400,8.05482058394285e-05,2.5098311198235e-06,0.000295265548629686,117.643592834473,2.76043402099609e-06,113225519,828,91748335616.0,897835520.0,265099.90625,2253.41552734375,1.099848512
2226,2,633078213,False,0.0,0,0,0,0.0,0.0,0.0,0.0,0.0,113225519,312782550,17368494080.0,107853296.0,0.0,0.0,0.1321202876
2227,2,633076789,False,0.0,0,0,0,0.0,0.0,0.0,0.0,0.0,113225519,113,48915161088.0,290957408.0,0.0,0.0,0.3564228248
2228,3,633078973,False,0.54055255651474,7680,5650,6400,0.0810386769414685,0.00306870139724773,0.799094666070474,260.401571422742,0.00277724275189552,113225519,824,45848078453.582,738793596.0,590366021.890625,2267136.94032288,0.9050221551
2229,1,633078151,False,0.131469428539276,8230,5320,4620,0.000422475675172967,1.69453142007114e-05,0.00622562877833843,367.395294189453,1.44784879394531e-05,113225519,381,72779849728.0,697489216.0,4342309.0,11819.173828125,0.8544242896
2230,1,633077643,False,0.0434644035995007,8670,5780,1050,3.95004815073986e-05,2.50801213041996e-06,0.000227691562031396,90.7856750488281,1.35370455322266e-06,113225519,1121,36755316736.0,440613888.0,100324.0625,1105.06494140625,0.5397520128
2231,3,633078808,False,0.146299347281456,4220,4770,8260,0.000505105552598662,2.85088703197567e-05,0.00798578768425539,280.115893568789,1.73102620605469e-05,113225519,583,60386713600.0,495664192.0,3958269.0,14130.826171875,0.6071886352
2232,2,633076999,False,0.13636203110218,9760,6370,7130,0.000664165462568297,4.59475607037199e-05,0.00852553122642245,185.549158559188,2.27613380004883e-05,113225519,398,16364944896.0,404388912.0,3447630.296875,18580.6840820312,0.4953764172
2233,1,633077782,False,0.0,0,0,0,0.0,0.0,0.0,0.0,0.0,113225519,945,56165494784.0,423906304.0,0.0,0.0,0.5192852224
2234,3,633078485,False,0.299852758646011,9070,4920,5670,0.0065332654564823,0.000572109404939762,0.108356506573589,189.398226349727,0.000223898819921875,113225519,100,41051260160.0,319474816.0,34617175.0,182774.546875,0.3913566496
2235,3,633079169,False,0.618896305561066,10530,4670,4970,1.19899732304768,0.000781765327592565,0.192984845733532,246.857770384657,0.0410903379799916,113225519,1065,2341770948768.0,42906908072.0,8280383035.17775,33543133.0448911,52.5609623882
2236,3,633078900,False,0.0743383020162582,3270,3300,5720,4.76657789187079e-05,9.7959930916088e-06,0.00166118900723443,169.578417593761,1.63353406066895e-06,113225519,707,24003241984.0,136126800.0,226132.34375,1333.49719238281,0.16675533
2237,2,633077224,False,0.370254218578339,9820,4170,6640,0.010884017715824,0.000240017905990422,0.0271861893724389,113.267338369013,0.000373001638891601,113225519,752,20879618368.0,1268618408.0,34488900.28125,304491.133789062,1.5540575498
2238,3,633079021,False,0.153789013624191,6140,440,6410,0.000914185776097315,1.20559736561045e-05,0.00159264808448429,132.104476163802,3.13296800537109e-05,113225519,894,254103286784.0,2121375656.0,3378604.875,25575.2490234375,2.5986851786
2239,2,633077379,False,0.0230764094740152,7940,3650,10850,4.08020433112602e-05,8.89073817234021e-06,0.000343957246514037,38.687141418457,1.39830983581543e-06,113225519,959,15697311744.0,128389504.0,44160.5,1141.47741699219,0.1572771424
2240,2,633077262,False,0.0,0,0,0,0.0,0.0,0.0,0.0,0.0,113225519,811,70415310848.0,506958304.0,0.0,0.0,0.6210239224
2241,1,633078304,False,0.0,0,0,0,0.0,0.0,0.0,0.0,0.0,113225519,170,30388639232.0,325046692.0,0.0,0.0,0.3981821977
2242,3,633078428,False,0.265990912914276,8610,2210,6340,0.0120119163525311,0.000183255378987395,0.0646264601743659,352.657916681458,0.000411655383398437,113225519,10,247512375296.0,1833753600.0,118509004.0,336045.2109375,2.24634816
2243,1,633078345,False,0.283058136701584,7060,5990,5600,0.00404222897875151,0.00122564216144383,0.33008873462677,269.319000244141,0.00013852954609375,113225519,118,5374166528.0,92266200.0,30456032.0,113085.34375,0.113026095
2244,3,633078763,False,0.0692108422517776,2450,3950,6480,0.000320251417504396,6.36022196568516e-07,7.69732503527794e-05,121.022899464936,1.09752029724121e-05,113225519,507,1610437754880.0,14086535680.0,1084286.4375,8959.34936523438,17.256006208
2245,1,633078230,False,0.374355882406235,5030,6800,5300,0.0144104066638166,0.00494457874447107,1.63203525543213,330.065582275391,0.00049385304609375,113225519,272,7367405056.0,81532800.0,133064400.0,403145.34375,0.09987768
2246,2,633077409,False,0.0,0,0,0,0.0,0.0,0.0,0.0,0.0,113225519,989,12876443648.0,225916192.0,0.0,0.0,0.2767473352
2247,2,633077417,False,0.402847081422806,5240,5800,7570,0.00333123053941894,0.000483347219415009,0.151518866419792,313.478302001953,0.000114163214648437,113225519,998,23926065152.0,192810592.0,29214442.0,93194.4609375,0.2361929752
2248,2,633077446,False,0.162013649940491,9240,2290,7620,0.00135567716664126,7.77271052356809e-05,0.0116742141544819,150.194885253906,4.645984765625e-05,113225519,1037,56538124288.0,487943104.0,5696352.5,37926.40625,0.5977303024
2249,2,633077541,False,0.327721059322357,10110,3900,7580,0.00554634929235827,0.00020756369447136,0.0221493229840329,106.710969085632,0.000190076627025986,113225519,933,22243167776.0,747551704.0,16557764.1391602,155164.593490601,0.9157508374
2250,3,633079114,False,0.264428585767746,5950,860,5650,0.00331254047643905,7.86076884219353e-06,0.00105740423343149,134.516642666778,0.000113522695282841,113225519,993,1620089156864.0,11789125192.0,12465870.8864746,92671.5879859924,14.4416783602
2251,2,633077554,False,0.376988798379898,6860,5440,8130,0.0491952053684903,0.000755606215427906,0.246751823351217,326.561399725225,0.00168594839765625,113225519,278,226057689728.0,1821430764.0,449441362.125,1376284.40625,2.2312526859
2252,1,633078313,False,0.179825156927109,8150,3240,5510,0.000363442241313828,0.000430705113103613,0.0523626953363419,121.574356079102,1.24553777099609e-05,113225519,158,994235840.0,23607000.0,1236126.125,10167.6552734375,0.028918575
2253,3,633079097,False,0.348689407110214,10420,3410,6510,0.0102003576987902,0.000237389989224819,0.0800419583177472,337.174952402664,0.000349572211132812,113225519,976,184791056384.0,1202093952.0,96217954.0,285365.0703125,1.4725650912
2254,2,633077408,False,0.0,0,0,0,0.0,0.0,0.0,0.0,0.0,113225519,988,33115273216.0,238410896.0,0.0,0.0,0.2920533476
2255,3,633078515,False,0.300353676080704,8590,3250,5690,0.0052402014190024,0.000401940185648084,0.142054937016492,353.423076588981,0.000179584760742187,113225519,140,7158575872.0,364730400.0,51811754.0,146599.8046875,0.44679474
2256,2,633077036,False,0.0,0,0,0,0.0,0.0,0.0,0.0,0.0,113225519,461,1355098240.0,15149700.0,0.0,0.0,0.0185583825
2257,3,633078918,False,0.493698984384537,6960,6330,6690,0.0125645205616122,0.00141204377912614,0.346724090158251,245.54769142698,0.00043059345213623,113225519,737,14356561168.0,248933400.0,86311206.625,351504.858886719,0.304943415
2258,3,633078868,False,0.0,0,0,0,0.0,0.0,0.0,0.0,0.0,113225519,664,95907581952.0,884833216.0,0.0,0.0,1.0839206896
2259,3,633078694,False,0.194664403796196,8000,5620,6760,0.00318558896277308,6.38862882007806e-05,0.0181272143138052,283.741861114789,0.000109171992822266,113225519,381,148156194816.0,1394978432.0,25287073.0,89119.994140625,1.7088485792
2260,2,633077573,False,0.17603363096714,10190,5520,6940,0.000452129490009873,0.00202044099569321,0.518971860408783,256.860687255859,1.54947414794922e-05,113225519,549009219,451838720.0,6260400.0,3248971.25,12648.7685546875,0.00766899
2261,1,633077942,False,0.0801581293344498,2390,3910,5560,0.000150291788652737,1.58249086211416e-06,0.000178965538786111,113.091040884128,5.15058730545044e-06,113225519,714,419636232024.0,2656925968.0,475498.18737793,4204.56106567383,3.2547343108
2262,1,633077840,False,0.220952093601227,5260,4220,1030,0.00562625544245181,0.000282520020846277,0.0336109586060047,118.968414306641,0.000192815057421875,113225519,873,53849862144.0,557128832.0,18725634.0,157400.046875,0.6824828192
2263,2,633077371,False,0.0,0,0,0,0.0,0.0,0.0,0.0,0.0,113225519,950,89425371136.0,426937504.0,0.0,0.0,0.5229984424
2264,3,633078423,False,0.238936141133308,6710,5130,7390,0.00115439028089348,1.71095558537862e-05,0.00285625475832797,166.939152759824,3.95616286132812e-05,113225519,6,50102362112.0,1887553792.0,5391334.5,32295.20703125,2.3122533952
2265,1,633076864,False,0.0,0,0,0,0.0,0.0,0.0,0.0,0.0,113225519,312782636,17045468160.0,168287392.0,0.0,0.0,0.2061520552
2266,2,633078318,False,0.0858977138996124,11530,4140,6810,6.76144320225793e-05,4.93682855449151e-05,0.0104196444153786,211.059478759766,2.31718604431152e-06,113225519,589508455,1717653248.0,38315700.0,399235.96875,1891.58044433594,0.0469367325
2267,1,633078342,False,0.0,0,0,0,0.0,0.0,0.0,0.0,0.0,113225519,121,1550686720.0,17208000.0,0.0,0.0,0.0210798
2268,1,633077740,False,0.0,0,0,0,0.0,0.0,0.0,0.0,0.0,113225519,989,12136899584.0,225916192.0,0.0,0.0,0.2767473352
2269,1,633077806,False,0.0,0,0,0,0.0,0.0,0.0,0.0,0.0,113225519,919,37438738432.0,314517600.0,0.0,0.0,0.38528406
2270,1,633077598,False,0.262649863958359,9080,2500,3900,0.0135392119639793,0.000148912373401401,0.0449987304112391,302.182615073515,0.0004639966953125,113225519,294,318401830912.0,2543595296.0,114458559.0,378772.8125,3.1159042376
2271,3,633078922,False,0.0498566962778568,2520,3950,6480,3.17638441348144e-05,5.55700576836375e-07,5.43454928857582e-05,97.7963585986347,1.08856547546387e-06,113225519,746,266595559040.0,1599107352.0,86904.2772216797,888.624877929688,1.9589065062
2272,2,633077272,False,0.54055255651474,7680,5650,6400,0.0713015457736168,0.00539997009294658,1.42956714057079,264.736121860765,0.00244354558431091,113225519,824,21965437429.582,369396692.0,528077372.71875,1994731.0892334,0.4525109477
2273,2,633076742,False,0.172496423125267,9230,3740,5950,0.000303469455529437,0.000579932064283639,0.126700058579445,218.473968505859,1.04000753417969e-05,113225519,35,1357367936.0,14639400.0,1854812.875,8489.857421875,0.017933265
2274,2,633077024,False,0.109377205371857,7130,330,6030,0.00078145325462906,5.83049950364511e-05,0.00735952518880367,126.224609375,2.67808590820312e-05,113225519,442,38201487360.0,374958016.0,2759513.0,21861.92578125,0.4593235696
2275,2,633077122,False,0.0144756641238928,3540,3980,6530,9.64022239883947e-06,2.50991115535726e-06,0.000416078459238634,165.774169921875,3.30376047515869e-07,113225519,608,9919805440.0,107451904.0,44708.421875,269.694732666016,0.1316285824
2276,3,633078824,False,0.198255494236946,3400,6180,5570,0.00214445576055749,9.28882128016629e-05,0.0138920598721328,149.556757021426,7.3491750390625e-05,113225519,605,124234309632.0,645865216.0,8972398.25,59993.265625,0.7911848896
2277,2,633076962,False,0.858463883399963,6940,5680,7000,8.20977031784967,0.00426441645455243,1.38659062861318,325.153662497701,0.281353619907233,113225519,343,4512881838592.0,53858816760.0,74680130587.6106,229676424.414068,65.977050531
2278,2,633077526,False,0.0,0,0,0,0.0,0.0,0.0,0.0,0.0,113225519,563807439,700423104.0,10125000.0,0.0,0.0,0.012403125
2279,1,633078263,False,0.106898322701454,10870,6760,3500,0.000372776278749899,9.99768690235214e-06,0.000395562208723277,39.565372467041,1.27752606201172e-05,113225519,229,7452245248.0,1043119744.0,412618.75,10428.7841796875,1.2778216864
2280,3,633079137,False,0.188566267490387,3190,2570,6620,0.000106182678303862,1.38814247045712e-06,0.000388569579018904,279.920532141737,3.63894235229492e-06,113225519,1021,239627804672.0,2139956992.0,831522.1875,2970.56518554688,2.6214473152
2281,3,633078538,False,0.238882541656494,12070,5140,5850,0.0021137903708621,0.000269244812236853,0.0607424664012265,225.603107805812,7.24408295898437e-05,113225519,169,18398219264.0,219634208.0,13341123.5,59135.37109375,0.2690519048
2282,1,633078302,False,0.381600886583328,6240,7080,5060,0.0119519690140731,0.00494272820651531,1.10328364372253,223.213500976562,0.000409600953125,113225519,173,6215682560.0,67648496.0,74635480.0,334368.125,0.0828694076
2283,3,633078531,False,0.222766101360321,3710,5140,6290,0.00330468311357602,2.10903010907084e-05,0.0055923593360568,265.162612520529,0.00011325341887207,113225519,159,489330393088.0,4383615488.0,24514753.0,92451.7705078125,5.3699289728
2284,2,633076932,False,0.0,0,0,0,0.0,0.0,0.0,0.0,0.0,113225519,305,6645380608.0,74012400.0,0.0,0.0,0.09066519
2285,3,633079255,False,0.0,0,0,0,0.0,0.0,0.0,0.0,0.0,113225519,527696977,198518728.0,3337200.0,0.0,0.0,0.00408807
2286,1,633077868,False,0.060833215713501,9210,1920,4030,0.000225292528606184,3.87722902814858e-05,0.00502268271520734,129.543106079102,7.72090643310547e-06,113225519,834,17608491008.0,162558896.0,816481.75,6302.78076171875,0.1991346476
2287,1,633078046,False,0.181280046701431,9730,6110,5430,0.000341125564387316,3.07503178191837e-05,0.00270498124882579,87.9659576416016,1.16905721679687e-05,113225519,574,13471490048.0,310348800.0,839487.6875,9543.32421875,0.38017728
2288,2,633076820,False,0.28081277012825,7950,6410,6460,0.00214496722040175,0.000627063971478492,0.163118332624435,260.130310058594,7.35092784179687e-05,113225519,606826647,7256609280.0,95696096.0,15609788.0,60007.57421875,0.1172277176
2289,2,633077126,False,0.0844478085637093,10060,3880,7580,2.99859172820141e-05,2.57561691796582e-06,0.000277774146525189,107.847610473633,1.02763488464355e-06,113225519,612,17350856704.0,325702784.0,90471.8125,838.885620117188,0.3989859104
2290,3,633079220,False,0.563569724559784,10600,4310,6740,0.214433032107746,0.00173123143375274,0.503216383446041,290.669620268639,0.00734874515064392,113225519,1132,220319819264.0,3465149440.0,1743719969.29688,5998975.63317871,4.244808064
2291,1,633077538,False,0.0,0,0,0,0.0,0.0,0.0,0.0,0.0,113225519,526322264,22408652.0,423900.0,0.0,0.0,0.0005192775
2292,1,633077781,False,0.467019557952881,7830,5400,5470,0.0664666996908036,0.00584369525313377,2.10318398475647,359.906524658203,0.0022778525875,113225519,946,39505387520.0,318201312.0,669235904.0,1859471.5,0.3897966072
2293,1,633078083,False,0.0648535564541817,2540,5950,5510,0.000137514917107544,5.41174472346029e-07,7.23615812603384e-05,133.712112426758,4.71271646118164e-06,113225519,507,817958289408.0,7108826624.0,514405.9375,3847.11547851562,8.7083126144
2294,2,633077072,False,0.377573221921921,9750,4970,7160,0.0191335387960939,0.00458208890631795,1.17181622982025,255.738418579102,0.000655717540625,113225519,534,10035963904.0,116820000.0,136891568.0,535279.625,0.1431045
2295,2,633076810,False,0.0,0,0,0,0.0,0.0,0.0,0.0,0.0,113225519,139,76935757824.0,642948288.0,0.0,0.0,0.7876116528
2296,2,633077609,False,0.0,0,0,0,0.0,0.0,0.0,0.0,0.0,113225519,10704,37143867392.0,308697312.0,0.0,0.0,0.3781542072
2297,3,633078902,False,0.165062770247459,12700,5280,6430,0.00123842530278447,0.000115559809982974,0.0242827619112276,210.131549323292,4.24415578552246e-05,113225519,711,17435212800.0,299811584.0,7280253.3125,34646.1696777344,0.3672691904
2298,2,633076977,False,0.146578028798103,3640,3300,6150,0.000268671824949337,1.70536786754383e-05,0.00491728819906712,288.341796875,9.207540234375e-06,113225519,363,69575294976.0,440747104.0,2167280.5,7516.359375,0.5399152024
2299,2,633076946,False,0.370254218578339,9820,4170,6640,0.00773316337619053,0.000561393855605274,0.0728517547249794,129.769424438477,0.000265020021875,113225519,326,8377535232.0,385367392.0,28074692.0,216342.875,0.4720750552
2300,3,633078947,False,0.0,0,0,0,0.0,0.0,0.0,0.0,0.0,113225519,786,7643769088.0,80782200.0,0.0,0.0,0.098958195
2301,3,633079191,False,0.211783275008202,5880,4500,6210,0.00283365565007714,0.000360595104757664,0.118698212135089,329.173110142078,9.71110328125e-05,113225519,1096,31116314624.0,219843008.0,26094972.0,79274.3125,0.2693076848
2302,3,633078803,False,0.0,0,0,0,0.0,0.0,0.0,0.0,0.0,113225519,577,94581121024.0,470816992.0,0.0,0.0,0.5767508152
2303,1,633078045,False,0.209019348025322,7000,3570,4780,0.00126862985675786,0.000218513174331747,0.0543297603726387,248.633804321289,4.3476685546875e-05,113225519,575,13524681728.0,162421200.0,8824305.0,35491.171875,0.19896597
2304,1,633077639,False,0.0,0,0,0,0.0,0.0,0.0,0.0,0.0,113225519,1127,31892314112.0,315718208.0,0.0,0.0,0.3867548048
2305,3,633078737,False,0.31150296330452,5200,4920,5700,0.00429714835640634,0.00331779447049042,0.909590771098968,274.155249575938,0.000147265781933594,113225519,452,3101606656.0,36234000.0,32958112.0,120216.96484375,0.04438665
2306,2,633077279,False,0.27572625875473,7880,3130,5810,0.00172383414477352,0.000511833932250738,0.080709420144558,157.686737060547,5.90768021484375e-05,113225519,832,2646269184.0,94221896.0,7604594.5,48225.9609375,0.1154218226
2307,1,633078182,False,0.0,0,0,0,0.0,0.0,0.0,0.0,0.0,113225519,338,533395264.0,9322200.0,0.0,0.0,0.011419695
2308,1,633078150,False,0.111985951662064,7670,2410,5160,0.000200530429935952,1.22322899187566e-06,0.00018359164823778,150.08772277832,6.87229486083984e-06,113225519,382,720215343104.0,4586252288.0,841997.625,5610.03662109375,5.6181590528
2309,3,633078530,False,0.27572625875473,7880,3130,5810,0.0015853270699204,0.000939363088642934,0.130736214364383,139.175379515128,5.43300838623047e-05,113225519,158,1977781184.0,47214000.0,6172579.625,44351.0888671875,0.05783715
2310,2,633076814,False,0.0,0,0,0,0.0,0.0,0.0,0.0,0.0,113225519,143,695456384.0,9846000.0,0.0,0.0,0.01206135
2311,1,633077947,False,0.12996082007885,3910,5330,2290,0.00074559444610293,0.000186543722520582,0.0274779815226793,147.300476074219,2.55519567871094e-05,113225519,704,13621274624.0,111816896.0,3072502.5,20858.740234375,0.1369756976
2312,3,633078980,False,0.27572625875473,7880,3130,5810,0.00241781589759813,0.000358944088517652,0.0568744312893046,158.449276945001,8.28599618164062e-05,113225519,832,5254265984.0,188443792.0,10717633.5,67640.78515625,0.2308436452
2313,1,633078120,False,0.296758860349655,12140,5860,4050,0.00661718005736608,0.000222563103307039,0.0571787655353546,256.910339355469,0.000226774622265625,113225519,437,50153156608.0,831773696.0,47559792.0,185122.140625,1.0189227776
2314,2,633077399,False,0.11114414781332,7900,5780,5940,0.000251751045888955,0.00020363625662867,0.050385769456625,247.430252075195,8.62765526123047e-06,113225519,606826659,4223980032.0,34586100.0,1742647.25,7042.98388671875,0.0423679725
2315,1,633077941,False,0.0,0,0,0,0.0,0.0,0.0,0.0,0.0,113225519,718,31316516864.0,394053312.0,0.0,0.0,0.4827153072
2316,3,633079008,False,0.538526177406311,9670,3460,5650,0.106460360716417,0.0216444260218542,7.52340341911647,347.590802894018,0.003648458690625,113225519,872,16002946560.0,137602800.0,1035241376.0,2978333.625,0.16856343
2317,2,633077332,False,0.352592885494232,6490,4260,6310,0.00297694874218836,0.000777253997512162,0.188112765550613,242.022247314453,0.000102021770703125,113225519,907,12356167680.0,107150400.0,20156358.0,83283.078125,0.13125924
2318,2,633076875,False,0.649859547615051,5450,6680,6600,0.310221373909125,0.0344409570097923,10.9865369796753,318.996276855469,0.010631467525,113225519,226,25854998528.0,251989200.0,2768488704.0,8678749.0,0.30868677
2319,1,633078027,False,0.0,0,0,0,0.0,0.0,0.0,0.0,0.0,113225519,598,1866056960.0,20722500.0,0.0,0.0,0.0253850625
2320,2,633077478,False,0.192665874958038,3640,3480,6580,0.000146096207618527,0.000838809995912015,0.179618760943413,214.135223388672,5.00680229492187e-06,113225519,1081,396490752.0,4872600.0,875210.375,4087.185546875,0.005968935
2321,1,633078368,False,0.110316105186939,8990,5680,3850,0.00162087838119237,9.21029350138269e-05,0.0084411296993494,91.6488723754883,5.5548448046875e-05,113225519,78,10329185280.0,492336896.0,4155879.75,45345.671875,0.6031126976
2322,2,633076914,False,0.0,0,0,0,0.0,0.0,0.0,0.0,0.0,113225519,279,933293312.0,15462900.0,0.0,0.0,0.0189420525
2323,1,633077698,False,0.0,0,0,0,0.0,0.0,0.0,0.0,0.0,113225519,1047,108248571904.0,576721792.0,0.0,0.0,0.7064841952
2324,1,633077808,False,0.293108969926834,11740,5140,3420,0.00441348459648619,0.000594310578890145,0.0670511052012444,112.821655273438,0.000151252692773437,113225519,153,7644455424.0,207756000.0,13930269.0,123471.5859375,0.2545011
2325,2,633077401,False,0.134074300527573,5900,1290,9070,0.000993639624726316,7.3583607445471e-05,0.0103486850857735,140.638442993164,3.40526098144531e-05,113225519,981,60170870784.0,377775008.0,3909474.5,27798.048828125,0.4627743848
2326,2,633077450,False,0.352574527263641,9660,4820,6190,0.00540782983473227,0.000667622371111065,0.0655618980526924,98.2020645141602,0.000185329484375,113225519,1043,6272807424.0,226609200.0,14856929.0,151289.375,0.27759627
2327,2,633077539,False,0.0,0,0,0,0.0,0.0,0.0,0.0,0.0,113225519,929,1583961600.0,24082200.0,0.0,0.0,0.029500695
2328,2,633076787,False,0.232110813260078,11870,4740,7470,0.00255221952998119,0.000109726723167114,0.0151497982442379,138.068450927734,8.7466052734375e-05,113225519,108,20796221440.0,650715328.0,9858206.0,71400.859375,0.7971262768
2329,3,633079042,False,0.110957458615303,9460,4430,10610,0.000534182248527922,2.60340568642004e-06,0.000371083473865489,142.537705821703,1.83067373988219e-05,113225519,918,594567983104.0,5740279168.0,2130122.73461914,14944.2754276097,7.0318419808
2330,2,633077438,False,0.193234845995903,12190,5030,8530,0.00155869698390063,1.98439483938273e-05,0.00280636479146779,141.421691894531,5.34174552734375e-05,113225519,1025,342011150336.0,2197449984.0,6166846.5,43606.0859375,2.6918762304
2331,2,633077281,False,0.541987180709839,5460,6050,7000,0.235520629266458,0.00431742060645191,1.37142170248952,317.64838951296,0.00807142941171875,113225519,835,165445557248.0,1526124640.0,2092960452.0,6588921.96875,1.869502684
2332,1,633077833,False,0.0,0,0,0,0.0,0.0,0.0,0.0,0.0,113225519,884,6151690752.0,73572304.0,0.0,0.0,0.0901260724
2333,3,633078842,False,0.0914992690086365,8080,2250,6730,0.000361623228722788,5.47053327794135e-05,0.00830652905527437,151.841303822582,1.23930390869141e-05,113225519,628,19162778624.0,184932000.0,1536143.03125,10116.7666015625,0.2265417
2334,3,633079053,False,0.370341718196869,7450,3530,5420,0.00832337826244865,0.000532367621842933,0.135652285339641,254.809420734576,0.00028524703046875,113225519,930,41206409216.0,437394592.0,59333576.0,232854.71875,0.5358083752
2335,1,633077946,False,0.021032365038991,7760,2500,5100,1.55190827689015e-05,1.65984874911373e-05,0.0010830641258508,65.2507705688477,5.31848023223877e-07,113225519,706,2926096384.0,26156700.0,28329.3828125,434.161651611328,0.0320419575
2336,3,633078959,False,0.0375647358596325,8390,310,3930,6.06658894473724e-05,9.89123868334337e-06,0.00092716342070873,93.7358252480605,2.07905543518066e-06,113225519,805,22233731072.0,171584992.0,159087.328125,1697.18811035156,0.2101916152
2337,2,633077358,False,0.0,0,0,0,0.0,0.0,0.0,0.0,0.0,113225519,182305705,21841543168.0,116090096.0,0.0,0.0,0.1422103676
2338,1,633077552,False,0.25438591837883,9820,6110,5220,0.00458661298580739,0.000121387260151096,0.0181211028248072,149.283401489258,0.000157185903710937,113225519,1093,42475352064.0,1057071616.0,19155304.0,128315.0234375,1.2949127296
2339,3,633078684,False,0.0,0,0,0,0.0,0.0,0.0,0.0,0.0,113225519,368,1152208704.0,11833200.0,0.0,0.0,0.01449567
2340,1,633078163,False,0.433464825153351,7620,5530,4650,0.00898291990392089,0.00335398060269654,1.06136214733124,316.448516845703,0.000307849907421875,113225519,364,7462648832.0,74927696.0,79525424.0,251306.046875,0.0917864276
2341,2,633078403,False,0.669089376926422,6760,6410,6800,0.0646325105795915,0.0192443691194057,8.82130527496338,458.383697509766,0.00221499385625,113225519,576073704,12268114048.0,93957784.0,828830272.0,1808158.25,0.1150982854
2342,2,633076887,False,0.305480986833572,6180,4720,6330,0.0077754261056368,0.00022392054772281,0.076058161294206,339.665841601808,0.0002664683902771,113225519,239,130942183680.0,971439284.0,73885885.75,217525.216552734,1.1900131229
2343,1,633077907,False,0.0,0,0,0,0.0,0.0,0.0,0.0,0.0,113225519,774,44987236352.0,329958912.0,0.0,0.0,0.4041996672
2344,3,633078704,False,0.0,0,0,0,0.0,0.0,0.0,0.0,0.0,113225519,401,8020836608.0,53872200.0,0.0,0.0,0.065993445
2345,1,633078190,False,0.0,0,0,0,0.0,0.0,0.0,0.0,0.0,113225519,330,794896320.0,13954500.0,0.0,0.0,0.0170942625
2346,1,633078206,False,0.0991476625204086,5280,4440,5670,0.000358192412497539,4.69486767542548e-05,0.00826029665768147,175.943130493164,1.22754630126953e-05,113225519,310,13387215872.0,213441296.0,1763088.5,10020.7861328125,0.2614655876
2347,2,633077109,False,0.467327982187271,9070,4520,5880,0.038257171775319,0.0285948440432549,7.09453153610229,248.105270385742,0.001311095603125,113225519,591,2916486656.0,37429200.0,265542640.0,1070282.125,0.04585077
2348,2,633077045,False,0.0,0,0,0,0.0,0.0,0.0,0.0,0.0,113225519,478,32848228352.0,237633296.0,0.0,0.0,0.2911007876
2349,2,633077209,False,0.0,0,0,0,0.0,0.0,0.0,0.0,0.0,113225519,727,45774884864.0,410187584.0,0.0,0.0,0.5024797904
2350,1,633078037,False,0.0,0,0,0,0.0,0.0,0.0,0.0,0.0,113225519,496345672,4417816576.0,43132500.0,0.0,0.0,0.0528373125
2351,1,633077739,False,0.0,0,0,0,0.0,0.0,0.0,0.0,0.0,113225519,990,14022759424.0,96127200.0,0.0,0.0,0.11775582
2352,1,633077729,False,0.00995218846946955,6200,430,4490,3.29726357729254e-06,9.96825065158191e-07,0.000103703270724509,104.033561706543,1.12999147033691e-07,113225519,1006,13053820928.0,92538000.0,9596.4931640625,92.2442016601562,0.11335905
2353,1,633077765,False,0.0,0,0,0,0.0,0.0,0.0,0.0,0.0,113225519,963,283216032.0,25594200.0,0.0,0.0,0.031352895
2354,1,633078080,False,0.0,0,0,0,0.0,0.0,0.0,0.0,0.0,113225519,514,135437344.0,10040400.0,0.0,0.0,0.01229949
2355,1,633078181,False,0.269896000623703,10500,4040,4810,0.00144373412812254,1.30898510786164e-05,0.00371609238922637,283.891112810061,4.94776111151039e-05,113225519,339,373061067712.0,3085587940.0,11466329.8601227,40389.8866245747,3.7798452265
2356,2,633077055,False,0.201760306954384,8380,2210,7210,0.0027491973351247,8.14734230516478e-05,0.0126476949080825,155.237060546875,9.42165970703125e-05,113225519,502,131700154368.0,944007296.0,11939516.0,76911.5078125,1.1564089376
2357,2,633076763,False,0.133096680045128,8250,4530,8000,0.000200331790689179,0.000696398958098143,0.137331783771515,197.202743530273,6.86548737792969e-06,113225519,66,607311360.0,8047800.0,1105218.75,5604.4794921875,0.009858555
2358,1,633077870,False,0.000247178977588192,4270,4420,2970,1.53463210265556e-08,1.97602272322683e-08,2.88311889562465e-06,145.905151367188,5.25927377492189e-10,113225519,831,2057918464.0,21726900.0,62.6412353515625,0.429328471422195,0.0266154525
2359,1,633078363,False,0.0,0,0,0,0.0,0.0,0.0,0.0,0.0,113225519,91,34856869888.0,386943296.0,0.0,0.0,0.4740055376
2360,2,633076993,False,0.501422047615051,11890,5370,6820,0.0867418880532138,0.00067976386750112,0.165393123154126,243.309671286483,0.00297269512501441,113225519,386,230532634880.0,3569901276.0,590437121.389541,2426689.89797094,4.3731290631
2361,2,633077363,False,0.257940798997879,6350,6400,8850,0.00109633124575755,2.44073647265086e-05,0.00736666396727065,301.821358012887,3.75719115966797e-05,113225519,942,138477473792.0,1256626784.0,9257147.25,30670.9482421875,1.5393678104
2362,3,633078692,False,0.415922820568085,10040,6360,5750,0.023579915580418,0.00327897173084599,0.502513865527004,153.253491269763,0.000808097467871094,113225519,379,9135655488.0,201182400.0,101096945.5,659671.40234375,0.24644844
2363,2,633076809,False,0.0456638596951962,7220,2900,6500,4.10820915310325e-05,8.30470350988924e-07,0.000160559136645132,193.335182230092,1.4079072517395e-06,113225519,138,128797768192.0,1383929048.0,222202.453125,1149.31204223633,1.6953130838
2364,1,633077959,False,0.0220841094851494,7140,5490,5120,7.9912464473211e-06,3.83468659492792e-06,0.00103286176454276,269.347106933594,2.73864679336548e-07,113225519,690,3184487424.0,58300200.0,60216.046875,223.563003540039,0.071417745
2365,3,633079103,False,0.000628995941951871,6920,2410,5860,7.1142425955036e-08,3.58531408582061e-08,2.01252740644759e-06,56.1325272563104,2.43809245526791e-09,113225519,982,4914125824.0,55512000.0,111.719421386719,1.99027955532074,0.0680022
2366,1,633078174,False,0.227778032422066,6780,6280,4140,0.00168950029084444,0.00419667176902294,0.535697340965271,127.648132324219,5.79001609375e-05,113225519,349,433095296.0,11262600.0,6033345.0,47265.4375,0.013796685
2367,2,633077395,False,0.294160157442093,8370,4410,5700,0.00477053550964119,0.0116497268900275,4.3341851234436,372.041748046875,0.0001634890359375,113225519,975,1511065088.0,11456100.0,49652856.0,133460.4375,0.0140337225
2368,2,633076768,False,0.0,0,0,0,0.0,0.0,0.0,0.0,0.0,113225519,74,12192501760.0,93168896.0,0.0,0.0,0.1141318976
2369,2,633077340,False,0.207130298018456,12690,5220,6260,0.00103119436316461,0.00688446918850229,1.68529627243223,244.796835643746,3.53396326171875e-05,113225519,917,240163600.0,4190400.0,7062065.5,28848.6796875,0.00513324
2370,3,633078939,False,0.350819945335388,12860,5670,6090,0.00191961414531045,0.000211115519114872,0.0855106919081993,405.04218859283,6.57862970214844e-05,113225519,773,27530183680.0,254377792.0,21752021.0,53703.099609375,0.3116127952
2371,1,633076903,False,0.0,0,0,0,0.0,0.0,0.0,0.0,0.0,113225519,312782586,3731203072.0,25765200.0,0.0,0.0,0.03156237
2372,2,633077274,False,0.217304468154907,3240,3780,6020,0.0024200900298622,0.000447500788141042,0.154332458972931,344.876403808594,8.293789765625e-05,113225519,827,22631884800.0,151294496.0,23349652.0,67704.40625,0.1853357576
2373,2,633077106,False,0.0594103597104549,5910,1910,5700,0.000180292736743672,2.34371727856342e-05,0.00330132036469877,140.858306884766,6.1787373046875e-06,113225519,588,31135991808.0,215208000.0,710470.5625,5043.8671875,0.2636298
2374,3,633078913,False,0.194182857871056,2740,3220,6180,0.00101294292281138,2.25006635340941e-05,0.00510506149941797,226.884931268029,3.47141451049805e-05,113225519,731,229493259720.0,1259432976.0,6429482.796875,28338.0776367188,1.5428053956
2375,1,633077842,False,0.0,0,0,0,0.0,0.0,0.0,0.0,0.0,113225519,869,2245181952.0,16487100.0,0.0,0.0,0.0201966975
2376,3,633078687,False,0.0,0,0,0,0.0,0.0,0.0,0.0,0.0,113225519,372,2080686592.0,48121200.0,0.0,0.0,0.05894847
2377,2,633077071,False,0.0,0,0,0,0.0,0.0,0.0,0.0,0.0,113225519,533,65168038336.0,471943804.0,0.0,0.0,0.5781311599
2378,1,633078124,False,0.00143688323441893,8270,1710,5270,1.61528460167412e-07,9.91346205125865e-09,1.570947347318e-06,158.466064453125,5.53567459583282e-09,113225519,430,52704284672.0,455836512.0,716.095153808594,4.51891803741455,0.5583997272
2379,3,633079015,False,7.41600672427012e-07,5240,2340,7210,2.38576246869075e-11,4.03508745937972e-12,4.72681650084872e-10,117.142851262395,8.1761472101789e-13,113225519,882,12115618816.0,165409200.0,0.0781858935952187,0.000667440588586032,0.20262627
2380,3,633079089,False,0.214388251304626,11640,3930,6300,0.000938698297234007,1.92080435782982e-05,0.00783470158824305,407.886495899818,3.21697384582519e-05,113225519,968,211037184000.0,1367188224.0,10711511.75,26261.0109863281,1.6748055744
2381,1,633078127,False,0.0,0,0,0,0.0,0.0,0.0,0.0,0.0,113225519,427,20580173824.0,214267504.0,0.0,0.0,0.2624776924
2382,2,633078242,False,0.0,0,0,0,0.0,0.0,0.0,0.0,0.0,113225519,312782594,5360655872.0,35704800.0,0.0,0.0,0.04373838
2383,1,633077799,False,0.0,0,0,0,0.0,0.0,0.0,0.0,0.0,113225519,927,675131264.0,11122200.0,0.0,0.0,0.013624695
2384,2,633077439,False,0.0,0,0,0,0.0,0.0,0.0,0.0,0.0,113225519,1026,2292744704.0,32959800.0,0.0,0.0,0.040375755
2385,1,633077666,False,0.197917655110359,10150,3890,3640,0.00219489047650139,2.02881928998977e-05,0.00337356026284397,166.281951904297,7.52201775390625e-05,113225519,1091,520935505920.0,3026599168.0,10210415.0,61404.2265625,3.7075839808
2386,1,633076895,False,0.0,0,0,0,0.0,0.0,0.0,0.0,0.0,113225519,312782598,713517952.0,7261200.0,0.0,0.0,0.00889497
2387,2,633077213,False,0.325851529836655,7760,5900,5860,0.00262198332295466,0.00211811251938343,0.667116463184357,314.957946777344,8.98568986328125e-05,113225519,732,3624977920.0,34631100.0,23102976.0,73352.5703125,0.0424230975
2388,3,633079242,False,0.0,0,0,0,0.0,0.0,0.0,0.0,0.0,113225519,929,3031886464.0,48164400.0,0.0,0.0,0.05900139
2389,3,633078972,True,0.0,0,0,0,0.0,0.0,0.0,0.0,0.0,113225519,824,23850.41796875,212.881469726562,0.0,0.0,2.60779800415039e-07
2390,1,633077670,False,0.0,0,0,0,0.0,0.0,0.0,0.0,0.0,113225519,1086,12388038656.0,68735696.0,0.0,0.0,0.0842012276
2391,2,633077264,False,0.202122732996941,3510,4370,6280,0.00240381546977307,0.000296089856419712,0.0767291784286499,259.141540527344,8.2380158984375e-05,113225519,814,29578524672.0,227124000.0,17427038.0,67249.109375,0.2782269
2392,2,633077221,False,0.0498566962778568,2520,3950,6480,2.49288273100405e-05,8.72247304655453e-07,0.000106323884056222,121.896489090581,8.5432546005249e-07,113225519,746,128995131616.0,799553676.0,85011.65234375,697.408538818359,0.9794532531
2393,3,633078968,False,0.0,0,0,0,0.0,0.0,0.0,0.0,0.0,113225519,819,4868676608.0,55855800.0,0.0,0.0,0.068423355
2394,1,633077544,False,0.0,0,0,0,0.0,0.0,0.0,0.0,0.0,113225519,527696977,99165112.0,1668600.0,0.0,0.0,0.002044035
2395,2,633077453,False,0.0,0,0,0,0.0,0.0,0.0,0.0,0.0,113225519,1046,7683809280.0,62379000.0,0.0,0.0,0.076414275
2396,1,633077964,False,0.296874105930328,8260,4700,5590,0.0019785086137287,0.00186926871538162,0.428189337253571,229.067840576172,6.78046448242187e-05,113225519,681,1231741952.0,29610900.0,12679072.0,55350.73046875,0.0362733525
2397,1,633078082,False,0.0,0,0,0,0.0,0.0,0.0,0.0,0.0,113225519,510,1622006528.0,22420800.0,0.0,0.0,0.02746548
2398,2,633077271,True,0.0,0,0,0,0.0,0.0,0.0,0.0,0.0,113225519,824,23850.41796875,212.881469726562,0.0,0.0,2.60779800415039e-07
2399,2,633076795,False,0.127941772341728,5890,5530,10070,0.000747621784680217,0.000110129403765313,0.013966160826385,126.815910339355,2.56214348632812e-05,113225519,120,25569253376.0,189917104.0,2652412.75,20915.45703125,0.2326484524
2400,2,633077545,False,0.396769315004349,6060,5160,6760,0.0211308521811697,0.000907639390788972,0.272442042827606,300.165496826172,0.0007241666359375,113225519,262,53664260096.0,651312000.0,177444768.0,591156.4375,0.7978572
2401,1,633077749,False,0.478654444217682,7540,5900,5190,0.00554587009601065,0.0026078240480274,0.856651902198792,328.492980957031,0.0001900602046875,113225519,980,6764350976.0,59494500.0,50966076.0,155151.1875,0.0728807625
2402,2,633077018,False,0.0,0,0,0,0.0,0.0,0.0,0.0,0.0,113225519,434,54200786944.0,437602496.0,0.0,0.0,0.5360630576
2403,1,633078382,False,0.246405184268951,8070,5380,5090,0.00458879454425854,0.00578145496547222,1.50934684276581,261.066955566406,0.000157260666992187,113225519,54,2008615808.0,22204800.0,33514746.0,128376.0546875,0.02720088
2404,3,633078848,False,0.416118711233139,7750,3100,5240,0.0119873179684848,0.00128618795812412,0.362544170912321,281.874953518524,0.000410812382421875,113225519,634,26496538624.0,260737200.0,94528752.0,335357.046875,0.31940307
2405,3,633078731,False,0.467234432697296,6520,3700,5670,0.0717687715060365,0.00110579209614701,0.33756370864127,305.268693651787,0.00245955768282776,113225519,444,212662571520.0,1815714000.0,612919151.671875,2007802.19006348,2.22424965
2406,2,633077091,False,0.557220995426178,4620,6250,6030,1.07084734278114,0.000243846833544377,0.0743269092490958,304.809819216164,0.0366985633696059,113225519,567,16785870626351.3,122855853728.0,9131495890.76124,29958010.913964,150.4984208168
2407,1,633077634,False,0.0,0,0,0,0.0,0.0,0.0,0.0,0.0,113225519,196,6688953856.0,99129600.0,0.0,0.0,0.12143376
2408,2,633077154,False,0.145377606153488,7770,7250,9030,0.000840027048336741,2.09088465980474e-05,0.00314478657179703,150.404593436097,2.8788217175293e-05,113225519,647,127331889152.0,1123954176.0,3534596.0,23500.5854492188,1.3768438656
2409,3,633078669,False,0.417590707540512,5730,6570,5960,0.0122906366948573,0.00349220686065407,1.18951372130815,340.619490417402,0.0004212072921875,113225519,347,9783650304.0,98460000.0,117119521.0,343842.6875,0.1206135
2410,1,633077733,False,0.535319983959198,8590,5020,5320,0.00516356457893408,0.000261257142498308,0.0430256562853508,164.687004817981,0.000176958371508789,113225519,1000,15648206814.1562,552925796.0,23789995.25,144455.813476562,0.6773341001
2411,2,633077457,False,0.0,0,0,0,0.0,0.0,0.0,0.0,0.0,113225519,1051,29139.03515625,1800.0,0.0,0.0,2.205e-06
2412,3,633078924,False,0.0471569523215294,10370,2090,2550,3.88905179948433e-05,6.23814186287807e-06,0.000970689519207411,155.605553792194,1.33280074768066e-06,113225519,750,16086908928.0,174411008.0,169298.9375,1088.00061035156,0.2136534848
2413,2,633076862,False,0.396385461091995,8070,6050,6610,0.00626784697970961,0.00503156986087561,1.3941992521286,277.090301513672,0.000214802773828125,113225519,210,2862349824.0,34849800.0,48587564.0,175349.203125,0.042691005
2414,3,633079080,False,0.0261509194970131,7010,3120,720,9.39826270048449e-05,1.02393756185365e-05,0.000494185615778608,48.2632568810129,3.2208394744873e-06,113225519,959,28898784256.0,256779008.0,126896.4921875,2629.25671386719,0.3145542848
2415,2,633077511,False,0.110957458615303,9460,4430,10610,0.000494668518427768,3.14080898533575e-05,0.00460663624107838,146.670394897461,1.69525788085937e-05,113225519,1121,44641263616.0,440613888.0,2029748.0,13838.83984375,0.5397520128
2416,3,633078503,False,0.435427308082581,5910,6840,6620,0.00468018374748532,0.00020862613004768,0.0312863307431287,149.963625054917,0.000160392628320312,113225519,125,11768580608.0,627595200.0,19635151.0,130932.7578125,0.76880412
2417,1,633077960,False,0.434139043092728,5250,6900,4950,0.0164543571440762,0.0156351998448372,5.2270393371582,334.312286376953,0.000563900421875,113225519,689,2590511104.0,29441700.0,153892928.0,460326.875,0.0360660825
2418,3,633078812,False,0.0,0,0,0,0.0,0.0,0.0,0.0,0.0,113225519,590,68964769792.0,593756992.0,0.0,0.0,0.7273523152
2419,3,633078826,False,0.0144756641238928,3540,3980,6530,9.64022239883947e-06,1.2549555783861e-06,0.000208039225973139,165.774175242666,3.30376047515869e-07,113225519,608,20450572288.0,214903808.0,44708.421875,269.694732666016,0.2632571648
2420,3,633078470,False,0.344538867473602,5130,5760,6090,0.0149779196027209,0.00467778646443842,1.65353267021669,353.486137682259,0.000513302045703125,113225519,72,12909765632.0,89577000.0,148118496.0,419022.078125,0.109731825
2421,3,633078700,False,0.00938130915164948,7750,490,3300,2.67411197255698e-06,1.04879699957931e-07,1.28162103729492e-05,122.199151771887,9.16433778762817e-08,113225519,394,100594502912.0,713302200.0,9141.8310546875,74.810920715332,0.873795195
2422,3,633078517,False,0.684102892875671,6870,6000,6330,0.612267540998997,0.00930794641861011,3.21649781670507,345.564711274451,0.0209827659413605,113225519,141,207880408144.0,1840232824.0,5919104860.625,17128788.5235596,2.2542852094
2423,1,633077630,False,0.0,0,0,0,0.0,0.0,0.0,0.0,0.0,113225519,563807435,6658611712.0,125820896.0,0.0,0.0,0.1541305976
2424,3,633078929,False,0.174822151660919,9990,4500,6090,0.000229957278358217,0.000190463384500733,0.0306828944252006,161.096026439048,7.88077012939453e-06,113225519,757,2681610624.0,33777000.0,1036376.125,6433.28173828125,0.041376825
2425,3,633078506,False,0.666905224323273,8470,4550,7050,0.493712485343719,0.00298386283742394,0.666889997157356,223.498878297336,0.016919814996875,113225519,128,298140434432.0,4628930560.0,3086987488.0,13812093.875,5.670439936
2426,2,633077067,False,0.0869756266474724,7170,2590,10530,0.000179027212228693,5.65263144380879e-05,0.00733215408399701,129.71223449707,6.13536704101562e-06,113225519,527,11914835968.0,88604096.0,649658.875,5008.462890625,0.1085400176
2427,2,633076949,False,0.134074300527573,5900,1290,9070,0.000993639624726316,9.8243645572106e-06,0.00138168340348618,140.63844999238,3.40526098144531e-05,113225519,329,496094606336.0,2829500948.0,3909474.5,27798.048828125,3.4661386613
2428,2,633076740,False,0.168613195419312,4180,3050,5850,0.0016337815021512,1.83344513638645e-05,0.00367929027246462,200.676322375054,5.59906455322266e-05,113225519,31,369996619008.0,2492937940.0,9172242.3125,45706.6494140625,3.0538489765
2429,1,633078183,False,0.0247498154640198,5130,1020,3520,3.4314644077489e-05,9.0696768164569e-07,0.000109024343120415,120.20752814763,1.17598287811279e-06,113225519,337,163313310464.0,1058456704.0,115397.546875,959.986022949219,1.2966094624
2430,2,633077256,False,0.557220995426178,4620,6250,6030,0.622777392916928,0.00413434533402324,1.28874266147614,311.716278076172,0.0213429447,113225519,803,404350194496.0,4214164736.0,5430973952.0,17422812.0,5.1623518016
2431,2,633077280,False,0.144202649593353,8410,1880,6630,0.000680180365678765,0.000117057366878726,0.0185560081154108,158.520629882812,2.33101780761719e-05,113225519,834,17264480256.0,162558896.0,3016444.25,19028.716796875,0.1991346476
2432,1,633077617,False,0.0,0,0,0,0.0,0.0,0.0,0.0,0.0,113225519,182305697,24638922752.0,149164192.0,0.0,0.0,0.1827261352
2433,1,633078142,False,0.120836310088634,10440,6830,4610,0.000366122850110555,2.53287062164028e-05,0.00450700784793031,177.940705278171,1.2547243737793e-05,113225519,398,17394485760.0,404388912.0,1822584.0,10242.6479492188,0.4953764172
2434,3,633078964,False,0.161131590604782,9500,4450,5570,0.000683169815655672,0.000458461658255973,0.0494708669161389,107.906225145043,2.34126282714844e-05,113225519,812,874745568.0,41688000.0,2062341.5,19112.349609375,0.0510678
2435,2,633077350,False,0.196013316512108,10100,4420,8290,0.00182445838870431,1.68641503563316e-05,0.00251846018481427,149.338100740351,6.25252537109375e-05,113225519,928,536022253568.0,3026599168.0,7622369.5,51041.0234375,3.7075839808
2436,1,633078373,False,0.0,0,0,0,0.0,0.0,0.0,0.0,0.0,113225519,68,14379198464.0,115434000.0,0.0,0.0,0.14140665
2437,3,633078437,True,0.82045841217041,6770,6200,6800,0.0165635110246342,0.188633101674108,251.128896585421,1331.30873826845,0.0005676411890625,113225519,576073704,1109684096.0,2456517.75,616902592.0,463380.5625,0.00300923424375
2438,3,633078928,False,0.0,0,0,0,0.0,0.0,0.0,0.0,0.0,113225519,755,45269200896.0,348728384.0,0.0,0.0,0.4271922704
2439,3,633079177,False,0.201967388391495,9030,3780,3180,0.000272657075016765,3.06586131066538e-05,0.00434284811953074,141.651812638198,9.34411707992553e-06,113225519,1079,24643058688.0,248799600.0,1080498.875,7627.85067749023,0.30477951
2440,2,633077293,False,0.0,0,0,0,0.0,0.0,0.0,0.0,0.0,113225519,849,2093026944.0,23471100.0,0.0,0.0,0.0287520975
2441,1,633078061,False,0.0,0,0,0,0.0,0.0,0.0,0.0,0.0,113225519,544,20615229440.0,139194000.0,0.0,0.0,0.17051265
2442,1,633077748,False,0.124778866767883,6350,1730,1640,0.000599550808681335,4.43995086243376e-05,0.00604414194822311,136.130828857422,2.05469561035156e-05,113225519,981,46741393408.0,377775008.0,2283325.75,16773.025390625,0.4627743848
2443,1,633078281,False,0.0,0,0,0,0.0,0.0,0.0,0.0,0.0,113225519,207,1160911744.0,23752800.0,0.0,0.0,0.02909718
2444,2,633076750,False,0.168613195419312,4180,3050,5850,0.000736061542523487,1.89992005514104e-05,0.00447959208133983,235.777924929967,2.52252586181641e-05,113225519,48,167500140032.0,1083837596.0,4855150.3125,20592.0478515625,1.3277010551
2445,2,633076959,False,0.400947093963623,10500,3820,6470,0.00543763134886549,4.9301172002927e-05,0.0161134886788526,326.837842270685,0.000186350799656119,113225519,339,375158706144.0,3085587940.0,49719586.3387941,152123.101760097,3.7798452265
2446,2,633076971,False,0.501422047615051,11890,5370,6820,0.293987076028291,0.000590236391872168,0.118108831346035,200.104278564453,0.0100751086625,113225519,354,756155528864.0,13934380032.0,1645773312.0,8224578.5,17.0696155392
2447,1,633077551,False,0.384492605924606,6800,7290,5630,0.00306515776266531,0.0023366934619844,0.42409285902977,181.492721557617,0.0001050447453125,113225519,10671,1224184832.0,36697500.0,15563148.0,85750.8125,0.0449544375
2448,1,633077906,False,0.119979798793793,5430,2590,5000,0.000816304953141824,6.50591952120473e-06,0.00102836707912478,158.066369522866,2.79752471290588e-05,113225519,776,172420574208.0,3510178132.0,3609751.6328125,22836.9364318848,4.2999682117
2449,2,633077309,False,8.49320713314228e-06,9230,4010,7890,2.732302701255e-10,3.79465958655345e-10,7.18915558195476e-08,189.454559326172,9.36376081081107e-12,113225519,874,1315658368.0,20143800.0,1.44816911220551,0.0076438863761723,0.024676155
2450,3,633078725,False,0.493698984384537,6960,6330,6690,0.0123189718215604,0.00142743758035242,0.350475659428321,245.527835509131,0.000422178353515625,113225519,436,13682658192.0,241436400.0,84617581.5,344635.390625,0.29575959
2451,3,633079167,False,0.0,0,0,0,0.0,0.0,0.0,0.0,0.0,113225519,1062,9946310656.0,131898600.0,0.0,0.0,0.161575785
2452,2,633077051,False,0.325851529836655,7760,5900,5860,0.00615089379031995,0.000707958839573985,0.205015419115892,289.586636476296,0.000210794719775391,113225519,491,23475489408.0,243061196.0,49831292.96875,172077.322265625,0.2977499651
2453,3,633078757,False,0.325851529836655,7760,5900,5860,0.0109207297106552,0.000628479973546611,0.169174790817938,269.180877575554,0.000374259780379105,113225519,491,44245511168.0,486122392.0,82239653.9785156,305518.188064575,0.5954999302
2454,3,633079078,False,0.0855007246136665,12840,4810,6480,0.000355809492040409,5.04675510631647e-06,0.00059397990403722,117.695408539598,1.21937989379883e-05,113225519,957,318034296832.0,1972380544.0,1171554.40625,9954.12158203125,2.4161661664
2455,2,633076730,False,0.0,0,0,0,0.0,0.0,0.0,0.0,0.0,113225519,20,69852692480.0,721987200.0,0.0,0.0,0.88443432
2456,2,633077367,True,0.457272201776505,7100,5860,6400,0.000830205026127758,0.206513106822968,507.835723876953,2459.09692382812,2.84516107421875e-05,113225519,946,80595728.0,112466.4921875,57114504.0,23225.8046875,0.000137771452929687
2457,1,633077896,False,0.106898322701454,10870,6760,3500,0.000103805072463255,3.97926896766876e-06,0.000270389253273606,67.9494781494141,3.55746041259766e-06,113225519,794,5713708032.0,729794688.0,197328.640625,2904.04931640625,0.8939984928
2458,3,633078961,False,0.441746443510056,5460,5400,6970,0.240551679061756,0.00554515726362489,1.96491229936297,354.347443354293,0.00824384642425842,113225519,809,146243072000.0,1213612208.0,2384641554.15625,6729670.55041504,1.4866749548
2459,2,633077575,False,0.239028796553612,10210,5370,7540,0.000525891375616519,0.000734632078092545,0.121553920209408,165.462295532227,1.80226043457031e-05,113225519,549009227,1111052672.0,20026800.0,2434336.0,14712.330078125,0.02453283
2460,3,633078648,False,0.666905224323273,8470,4550,7050,2.30078914629936,0.00335800725818624,1.00797495723029,300.170571333051,0.0788493867541167,113225519,323,1894990288800.0,19168167720.0,19321033037.7501,64366846.3298912,23.481005457
2461,2,633076912,False,0.520042836666107,4560,5220,6010,0.115294269129705,0.00201110788536227,0.609197655899528,302.916447363932,0.00395120188730173,113225519,275,152962862336.0,1603827896.0,977048194.709473,3225470.92840958,1.9646891726
2462,1,633078088,False,0.244586661458015,4660,6060,4640,0.00441073042083021,3.168769271137e-05,0.0103913064446077,327.928781033626,0.000151158305566406,113225519,493,547153934336.0,3894083936.0,40464619.5,123394.53515625,4.7702528216
2463,3,633078846,False,0.0738606750965118,8660,5460,3630,4.06616878559782e-05,7.87730662891317e-07,0.000124075116806118,157.509568499857,1.39349977245331e-06,113225519,632,127749087232.0,1444086016.0,179175.141113281,1137.55083465576,1.7690053696
2464,3,633078642,False,0.391437888145447,4440,3840,9890,0.0695142480981223,1.75272935839752e-05,0.00275142990133815,156.979734957696,0.00238229384992818,113225519,315,16008242150835.1,110954361784.0,305283148.696388,1944729.67341076,135.9190931854
2465,2,633077502,False,0.167925164103508,12700,6730,6400,0.00069209488069649,4.62091738882009e-05,0.00655035162344575,141.754348754883,2.37184954589844e-05,113225519,1107,20118099968.0,419008512.0,2744653.0,19362.037109375,0.5132854272
2466,1,633077937,False,0.0292389262467623,7410,4760,4530,2.12110577905962e-05,1.33435933094006e-05,0.00337812933139503,253.164886474609,7.26915328979492e-07,113225519,725,4413374976.0,44470800.0,150228.109375,593.400268554688,0.05447673
2467,1,633078168,False,0.255529403686523,7040,5720,4430,0.000254310806065643,0.00126928486861289,0.226945176720619,178.797668457031,8.71537973632812e-06,113225519,356,357212064.0,5605200.0,1272073.125,7114.595703125,0.00686637
2468,1,633078170,False,0.543903529644012,12190,5170,5580,0.130150262503938,0.000261302047874779,0.0500335022807121,191.477661132812,0.00446032545,113225519,354,744561372608.0,13934380032.0,697185856.0,3641082.0,17.0696155392
2469,3,633078743,False,0.0830583646893501,7950,3610,2910,0.0002278782771704,5.0863366497846e-06,0.000730342886373796,143.589175601408,7.80952154541016e-06,113225519,466,83094425600.0,1253381376.0,915398.171875,6375.11962890625,1.5353921856
2470,2,633076773,False,0.184222638607025,3130,3070,6540,0.000417755492836122,5.583610618487e-05,0.0116142518818378,208.006134033203,1.43167245361328e-05,113225519,84,23465828352.0,209311200.0,2430993.0,11687.1220703125,0.25640622
2471,3,633078967,False,0.240586191415787,6440,5370,7300,0.000992140990134903,1.55100739388451e-05,0.00368739319436932,237.741819214299,3.40012507324219e-05,113225519,818,134400938496.0,1789554528.0,6598791.1875,27756.123046875,2.1922042968
2472,3,633079142,False,0.0411883071064949,8360,1920,10180,2.9242455663954e-05,1.48477474823818e-06,0.000110244235435698,74.2498049394451,1.00215602111816e-06,113225519,1027,77716693440.0,550983608.0,60742.7666015625,818.086547851562,0.6749549198
2473,1,633077700,False,0.0,0,0,0,0.0,0.0,0.0,0.0,0.0,113225519,1045,2532059136.0,26708400.0,0.0,0.0,0.03271779
2474,3,633078601,False,0.0,0,0,0,0.0,0.0,0.0,0.0,0.0,113225519,252,49638893568.0,308759392.0,0.0,0.0,0.3782302552
2475,3,633079051,False,0.197917655110359,10150,3890,3640,0.0040193488652057,1.85761714317632e-05,0.00294601027591375,158.590820866155,0.00013774543125,113225519,928,1056957759488.0,6053198336.0,17832784.5,112445.25,7.4151679616
2476,2,633076944,False,0.666905224323273,8470,4550,7050,1.87344274141196,0.00546858831768773,1.62671558230428,297.465358114963,0.064203976064856,113225519,323,975624266592.0,9584083860.0,15590578557.173,52411409.0325356,11.7405027285
2477,1,633077878,False,0.00109377561602741,10920,1740,5320,3.81414429358019e-08,1.79121195653664e-09,3.20029869271821e-07,178.666656494141,1.30712950825691e-09,113225519,820,85556428800.0,595710912.0,190.645278930664,1.06704449653625,0.7297458672
2478,1,633078387,False,0.296874105930328,8260,4700,5590,0.00250036603014103,0.000596951218760236,0.13890968437951,232.698552266969,8.56890030338287e-05,113225519,46,5836566784.0,117179100.0,16277311.796875,69950.2065582275,0.1435443975
2479,2,633077448,False,0.143406867980957,12900,5240,6060,0.000228271244628539,0.000173862630617805,0.0382146127521992,219.797744750977,7.82298876953125e-06,113225519,1039,2212074752.0,36730800.0,1403653.25,6386.11328125,0.04499523
2480,1,633078248,False,0.207146942615509,8810,4820,4730,0.00313305555799789,0.00141373311635107,0.286833792924881,202.891052246094,0.000107371642382812,113225519,246,4940105728.0,61999200.0,17783466.0,87650.3203125,0.07594902
2481,3,633078620,False,0.00938130915164948,7750,490,3300,2.67411197255698e-06,6.11029603781721e-07,7.46672992896388e-05,122.199151771887,9.16433778762817e-08,113225519,281,18778529792.0,122434200.0,9141.8310546875,74.810920715332,0.149981895
2482,2,633076843,False,0.217274606227875,7340,3310,6180,0.00129058088108619,0.000232752398005687,0.0554418750107288,238.201110839844,4.42289599609375e-05,113225519,186,11350183936.0,155123104.0,8600316.0,36105.2734375,0.1900258024
2483,2,633076994,False,0.469123989343643,6050,6570,7030,0.0197257967291555,0.0261221453547478,7.37076377868652,282.165313720703,0.000676014565625,113225519,390,1799688448.0,21125700.0,155712544.0,551848.625,0.0258789825
2484,3,633078866,False,0.0,0,0,0,0.0,0.0,0.0,0.0,0.0,113225519,662,3706440064.0,35409600.0,0.0,0.0,0.04337676
2485,3,633078510,False,0.425021708011627,5780,6590,5740,0.0123230594510828,0.00259438172841827,0.744507906191302,286.969299095862,0.000422318438964844,113225519,133,8835252224.0,132883200.0,98932593.0,344749.74609375,0.16278192
2486,2,633077559,False,0.329387962818146,5050,6700,6870,0.00677920573279827,0.00115696748252958,0.263111293315887,227.414596557617,0.00023232733671875,113225519,298,13711252480.0,163924192.0,43130308.0,189654.96875,0.2008071352
2487,2,633077035,False,0.400947093963623,10500,3820,6470,0.0035224858028598,0.0230903550982475,8.93247413635254,386.848693847656,0.000120717644140625,113225519,460,364675936.0,4267800.0,38122012.0,98545.015625,0.005228055
2488,1,633077861,False,0.0137882893905044,8470,1690,5250,5.06835844255588e-06,2.73323649935264e-07,3.94398193748202e-05,144.297134399414,1.73695601654053e-07,113225519,842,70220349440.0,518770816.0,20460.2265625,141.792327880859,0.6354942496
2489,3,633078717,False,0.0471569523215294,10370,2090,2550,3.88905179948433e-05,1.52163785486849e-06,0.000236775301077978,155.605553792194,1.33280074768066e-06,113225519,425,83779167584.0,715019416.0,169298.9375,1088.00061035156,0.8758987846
2490,2,633077190,False,0.0411883071064949,8360,1920,10180,1.63160603500108e-05,9.00141003512545e-06,0.000971396453678608,107.916030883789,5.5916091003418e-07,113225519,696,6722081792.0,50709600.0,49259.125,456.457885742188,0.06211926
2491,1,633078239,False,0.315964877605438,4670,4430,5600,0.00294394136069182,9.72528359852731e-05,0.0258670579642057,265.977416992188,0.000100890588476562,113225519,258,90584834048.0,846861312.0,21905810.0,82359.6640625,1.0374051072
2492,3,633078965,False,0.202122732996941,3510,4370,6280,0.00248043352105753,0.000152763633414284,0.0391880966592038,256.527655066493,8.50059043151855e-05,113225519,814,65046906880.0,454248000.0,17801114.53125,69392.5749511719,0.5564538
2493,2,633077393,False,0.0,0,0,0,0.0,0.0,0.0,0.0,0.0,113225519,973,20742459392.0,135714592.0,0.0,0.0,0.1662503752
2494,1,633077801,False,0.103825487196445,5650,1230,2620,0.000109599575295362,4.09870117437094e-05,0.00506061455234885,123.46875,3.75604140625e-06,113225519,182305693,10218946560.0,74808000.0,378574.46875,3066.15625,0.0916398
2495,2,633077241,False,0.0,0,0,0,0.0,0.0,0.0,0.0,0.0,113225519,778,107940872192.0,698709632.0,0.0,0.0,0.8559192992
2496,1,633078072,False,0.212703138589859,11060,4310,2140,0.0160358873578345,1.94595286565077e-05,0.00313703507387953,161.208173602419,0.000549559218087006,113225519,528,3246589261824.0,23053989528.0,72321173.7421875,448619.769866943,28.2411371718
2497,3,633079000,False,0.0,0,0,0,0.0,0.0,0.0,0.0,0.0,113225519,857,61407166464.0,481280384.0,0.0,0.0,0.5895684704
2498,2,633077163,False,0.327721059322357,10110,3900,7580,0.00391560671291506,0.000291486794594675,0.0325174443423748,111.557174682617,0.000134190127148437,113225519,658,12939737088.0,375807616.0,12220303.0,109542.9609375,0.4603643296
2499,3,633078584,False,0.0,0,0,0,0.0,0.0,0.0,0.0,0.0,113225519,312782616,38309677056.0,219864608.0,0.0,0.0,0.2693341448
2500,1,633078375,False,0.0,0,0,0,0.0,0.0,0.0,0.0,0.0,113225519,66,491769248.0,8047800.0,0.0,0.0,0.009858555
2501,2,633077069,False,0.0,0,0,0,0.0,0.0,0.0,0.0,0.0,113225519,530,656400896.0,16888500.0,0.0,0.0,0.0206884125
2502,2,633077305,False,0.563569724559784,10600,4310,6740,0.172275103954004,0.00954844430088997,2.69727540016174,282.483215332031,0.00590396835,113225519,867,42633782272.0,504748800.0,1361446528.0,4819566.0,0.61831728
2503,2,633077490,False,0.211783275008202,5880,4500,6210,0.00283365565007714,0.000721190182957798,0.237396419048309,329.173095703125,9.71110328125e-05,113225519,1096,15736862720.0,109921504.0,26094972.0,79274.3125,0.1346538424
2504,3,633078623,False,0.0937769934535027,5420,5180,5040,7.01490154034265e-05,0.000281142615758275,0.0698278259483697,248.371545381108,2.40404769592285e-06,113225519,287,627445760.0,6980400.0,487426.15625,1962.48791503906,0.00855099
2505,3,633078544,False,0.01588149741292,3890,4300,1970,1.20763353822781e-05,9.33916775049723e-07,0.000124055517510244,132.833589485143,4.13863061141968e-07,113225519,180,50529873920.0,361753216.0,44877.482421875,337.847396850586,0.4431476896
2506,1,633076857,False,0.0,0,0,0,0.0,0.0,0.0,0.0,0.0,113225519,312782644,22371991552.0,173325600.0,0.0,0.0,0.21232386
2507,1,633077884,False,0.0,0,0,0,0.0,0.0,0.0,0.0,0.0,113225519,811,71563993088.0,506958304.0,0.0,0.0,0.6210239224
2508,3,633078871,False,0.0842703059315681,8450,1380,9650,0.000275984097228578,6.36964848436332e-07,7.60170274002788e-05,119.342578459221,9.45813607273102e-06,113225519,669,1625406014304.0,12121434056.0,921435.384765625,7720.92740631104,14.8487567186
2509,3,633078901,False,0.317672908306122,6580,4810,7470,0.00218514076013017,2.39639672958834e-05,0.0064351722855486,268.535347511263,7.48860490692138e-05,113225519,709,241019545600.0,2550974464.0,16415960.171875,61131.4686279297,3.1249437184
2510,3,633078938,False,0.153845623135567,4020,3170,6110,0.000263594385188524,8.17275883547147e-06,0.00189112067551513,231.393182349548,9.03353341064453e-06,113225519,772,153505980416.0,902304000.0,1706365.75,7374.31298828125,1.1053224
2511,1,633078009,False,0.124768696725368,6150,6710,3830,0.00027342518655058,5.32068718795909e-05,0.0115954873100598,217.932137343101,9.37044071044922e-06,113225519,619,19098633728.0,143766004.0,1667036.875,7649.33935546875,0.1761133549
2512,2,633077243,False,0.0,0,0,0,0.0,0.0,0.0,0.0,0.0,113225519,781,902010624.0,10564200.0,0.0,0.0,0.012941145
2513,2,633076756,False,0.468890815973282,3680,5810,6320,0.0507359854798016,0.000716640788596123,0.306044101715088,427.0537109375,0.00173875183125,113225519,56,312192892928.0,1980614656.0,606155456.0,1419389.25,2.4262529536
2514,2,633077359,False,0.244673907756805,11600,7000,6840,0.00174102760118671,0.000114295110925659,0.0174252980113354,152.45882234341,5.96660319335937e-05,113225519,938,17478586368.0,426150904.0,7425806.5,48706.96484375,0.5220348574
2515,2,633076849,False,0.858463883399963,6940,5680,7000,1.31471724389322,0.0427896529436111,15.0451879501343,351.608093261719,0.0450561272,113225519,194,83061809152.0,859565568.0,12932325376.0,36780512.0,1.0529678208
2516,1,633078379,False,0.467234432697296,6520,3700,5670,0.0135745134446408,0.00478381058201194,1.21904790401459,254.827789306641,0.00046520649765625,113225519,59,7781209600.0,79384496.0,96773504.0,379760.40625,0.0972460076
2517,3,633078719,False,0.155612111091614,5550,4950,5890,0.000245548740051766,0.000916295619810424,0.225907046151794,246.543845968109,8.41509862060547e-06,113225519,428,673902976.0,7497000.0,1693625.125,6869.46826171875,0.009183825
2518,1,633078058,False,0.0,0,0,0,0.0,0.0,0.0,0.0,0.0,113225519,551,18104061952.0,116853296.0,0.0,0.0,0.1431452876
2519,3,633078858,False,0.543903529644012,12190,5170,5580,0.0899240851030252,0.0032930568152154,0.843325770626987,256.092080382714,0.003081750875,113225519,651,69356963840.0,763945216.0,644254688.0,2515715.0,0.9358328896
2520,1,633077998,False,0.0,0,0,0,0.0,0.0,0.0,0.0,0.0,113225519,633,636454144.0,8169300.0,0.0,0.0,0.0100073925
2521,1,633078050,False,0.179247990250587,8540,6590,1670,0.0022255026676708,9.8494187113829e-05,0.0136092035099864,138.172653198242,7.62692751953125e-05,113225519,566,58516242432.0,632124928.0,8602717.0,62260.6328125,0.7743530368
2522,2,633077065,False,0.610843181610107,7870,5660,5890,0.0797112191880822,0.0194547604769468,6.28665447235107,323.142211914062,0.00273175,113225519,525,11534932992.0,114624896.0,720607104.0,2230000.0,0.1404154976
2523,1,633077581,False,0.228152379393578,10260,5080,3840,0.000216139746646586,0.000301931548165157,0.0879393517971039,291.255920410156,7.40723525390625e-06,113225519,549009227,1134926720.0,20026800.0,1761143.75,6046.72265625,0.02453283
2524,3,633078425,True,1.0,6890,5910,6630,0.997403811958112,0.301705439480698,515.403365203791,1708.29987716136,0.0341816107076172,113225519,8,65970497952.0,92485424.6171875,47667299080.0,27903355.6796875,0.113294645156055
2525,2,633077317,False,0.0,0,0,0,0.0,0.0,0.0,0.0,0.0,113225519,888,16802759680.0,149899504.0,0.0,0.0,0.1836268924
2526,2,633077182,False,0.0,0,0,0,0.0,0.0,0.0,0.0,0.0,113225519,687,119563984896.0,755437504.0,0.0,0.0,0.9254109424
2527,3,633078971,False,0.201760306954384,8380,2210,7210,0.0133551276341932,2.24342411604995e-05,0.00341519919036652,152.231544893069,0.000457688017901523,113225519,822,1933497595904.0,16654134592.0,56877186.9748535,373622.871756345,20.4013148752
2528,1,633077671,False,0.0,0,0,0,0.0,0.0,0.0,0.0,0.0,113225519,1085,1974886912.0,33113700.0,0.0,0.0,0.0405642825
2529,3,633078447,False,0.264545172452927,4530,4400,9900,0.00311599600548605,0.000493558869715273,0.0606995359248863,122.98337574179,0.0001067870015625,113225519,36,19033636864.0,176621408.0,10720837.5,87173.0625,0.2163612248
2530,2,633077076,False,0.112156093120575,8960,3450,10750,0.000683160809605998,1.3690350484455e-05,0.00133339693478172,97.3968443171527,2.34123196289062e-05,113225519,541,180701382144.0,1396026908.0,1861458.0,19112.09765625,1.7101329623
2531,1,633078060,False,0.0,0,0,0,0.0,0.0,0.0,0.0,0.0,113225519,545,100279.75,900.0,0.0,0.0,1.1025e-06
2532,3,633078668,False,0.299033641815186,4330,3470,9770,0.00996207533681688,4.98686597304396e-05,0.00682677260260022,136.89504870397,0.000341406135529518,113225519,345,900664081920.0,5588658040.0,38152497.5927734,278698.886146545,6.846106099
2533,3,633079102,False,0.134074300527573,5900,1290,9070,0.00159319043340765,5.89915601547019e-05,0.00819641336623306,138.942135870596,5.45995659179687e-05,113225519,981,106912264192.0,755550016.0,6192800.25,44571.07421875,0.9255487696
2534,1,633077875,False,0.296874105930328,8260,4700,5590,0.00973713116785176,0.000737434039483659,0.168622553403628,228.661201375645,0.00033369716758461,113225519,824,23882641024.0,369396904.0,62288649.171875,272405.851089478,0.4525112074
2535,1,633077909,False,0.0,0,0,0,0.0,0.0,0.0,0.0,0.0,113225519,772,75656667136.0,451152000.0,0.0,0.0,0.5526612
2536,1,633078152,False,0.0,0,0,0,0.0,0.0,0.0,0.0,0.0,113225519,380,135437344.0,10040400.0,0.0,0.0,0.01229949
2537,1,633077686,False,0.0,0,0,0,0.0,0.0,0.0,0.0,0.0,113225519,1062,4958385152.0,65949300.0,0.0,0.0,0.0807878925
2538,3,633079150,False,0.143406867980957,12900,5240,6060,0.000228271244628539,8.69313121583249e-05,0.0191073057216287,219.797737400182,7.82298876953125e-06,113225519,1039,4070327296.0,73461600.0,1403653.25,6386.11328125,0.08999046
2539,1,633078162,False,0.0559876039624214,6740,4950,5580,1.82869104006144e-05,3.71120722775231e-06,0.00100111332722008,269.754089355469,6.26703091430664e-07,113225519,366,17869950976.0,137851200.0,138004.671875,511.594360351562,0.16886772
2540,1,633078179,False,0.698794782161713,7860,5630,5670,1.60115795455525,0.000830266771704917,0.24205194910093,291.535151531943,0.054872617517438,113225519,343,4325899453040.0,53951302172.0,13059017847.2659,44793973.4836229,66.0903451607
2541,2,633077186,False,0.0,0,0,0,0.0,0.0,0.0,0.0,0.0,113225519,692,9876429824.0,75768304.0,0.0,0.0,0.0928161724
2542,1,633078187,False,0.0,0,0,0,0.0,0.0,0.0,0.0,0.0,113225519,333,1776622080.0,16648200.0,0.0,0.0,0.020394045
2543,3,633079221,False,0.308025747537613,5810,6740,7700,0.000438289949328013,0.00023330353201513,0.0895018589553318,383.628392516267,1.502045234375e-05,113225519,1139,6577783808.0,52556400.0,4703895.5,12261.59375,0.06438159
2544,2,633076761,False,0.67063969373703,6610,5790,6520,0.0734380177278628,0.0351525992155075,17.1159782409668,486.905029296875,0.002516763725,113225519,63,8377590576.0,58445208.0,1000346880.0,2054501.0,0.0715953798
2545,1,633077967,False,0.0,0,0,0,0.0,0.0,0.0,0.0,0.0,113225519,678,9616315392.0,59628600.0,0.0,0.0,0.073045035
2546,1,633078087,False,0.264428585767746,5950,860,5650,0.00287441246898595,7.30864208599893e-06,0.000950729243143325,130.08288433834,9.8507792781651e-05,113225519,500,1566531003904.0,11002662844.0,10460553.3182373,80414.5247197151,13.4782619839
2547,1,633078109,False,0.0,0,0,0,0.0,0.0,0.0,0.0,0.0,113225519,451,22115823616.0,188746208.0,0.0,0.0,0.2312141048
2548,1,633077694,False,0.212564080953598,9850,4590,4480,0.00458787243647491,0.000319582381052896,0.0705857425928116,220.868698120117,0.000157229065820312,113225519,1052,23282429952.0,401618688.0,28348554.0,128350.2578125,0.4919828928
2549,1,633077976,False,0.350160241127014,4810,6720,2850,0.00532317129225686,0.000365987594705075,0.0358086042106152,97.8410339355469,0.00018242818671875,113225519,665,12831044608.0,406901696.0,14570582.0,148920.96875,0.4984545776
2550,3,633078462,False,0.467234432697296,6520,3700,5670,0.0385823960070711,0.0067984345063424,1.96421910898068,288.922266905449,0.00132224122734375,113225519,59,16867375616.0,158768992.0,311857088.0,1079380.59375,0.1944920152
2551,2,633077101,False,0.371496647596359,5460,4400,5980,0.00189052090470497,0.000330283917719498,0.109492838382721,331.511260986328,6.47892546875e-05,113225519,581,11644678144.0,160132496.0,17533362.0,52889.1875,0.1961623076
2552,1,633077669,False,0.00492695579305291,8980,3740,3310,3.63847822532128e-07,9.03679548969194e-08,1.10362734631053e-05,122.125961303711,1.2469277215004e-08,113225519,1088,8021479424.0,112639504.0,1243.12036132812,10.1790018081665,0.1379833924
2553,2,633076972,False,0.0,0,0,0,0.0,0.0,0.0,0.0,0.0,113225519,355,954478656.0,9283500.0,0.0,0.0,0.0113722875
2554,3,633078603,False,0.00746530760079622,5700,4010,4730,2.26279425186841e-06,1.69242046596269e-07,6.78636356974145e-06,40.0985671482129,7.7547279548645e-08,113225519,255,60570138624.0,374043584.0,2538.39575195312,63.3039016723633,0.4582033904
2555,1,633077651,False,0.0293019600212574,4590,3130,4830,1.2220536353138e-05,9.16045280519029e-07,0.000151636282680556,165.533615112305,4.18804912567139e-07,113225519,1108,16182568960.0,373214688.0,56592.890625,341.881561279297,0.4571879928
2556,2,633077319,False,0.0,0,0,0,0.0,0.0,0.0,0.0,0.0,113225519,893,7816836096.0,93616200.0,0.0,0.0,0.114679845
2557,1,633077784,False,0.00336625194177032,3680,2950,2270,1.82633099498139e-07,3.07758019069126e-09,3.91971781255052e-07,127.363632202148,6.25894290208816e-09,113225519,943,262548733952.0,1660181376.0,650.744262695312,5.10934114456177,2.0337221856
2558,3,633078864,False,0.344278961420059,8920,5720,4120,0.00791083863375311,0.000294450546240393,0.0355049576749397,120.580376325582,0.000271109056640625,113225519,658,26807969792.0,751615232.0,26686067.0,221313.515625,0.9207286592
2559,3,633079258,False,0.306629598140717,6040,6990,5580,0.00286672083784601,0.00135475525943269,0.421330407578583,311.001123372659,9.824419609375e-05,113225519,286,5383232256.0,59198400.0,24942086.0,80199.34375,0.07251804
2560,3,633078904,False,0.317672908306122,6580,4810,7470,0.000364193513411014,1.2928038594385e-05,0.00294885638469142,228.097739897851,1.24811242431641e-05,113225519,718,65543686144.0,788106624.0,2324013.25,10188.6728515625,0.9654306144
2561,2,633076928,False,0.213601261377335,6020,3600,7480,0.00223839835340257,0.000408013380365446,0.0712752938270569,174.688629150391,7.67112178710937e-05,113225519,301,8163981568.0,153478800.0,10939247.0,62621.40234375,0.18801153
2562,2,633076781,False,0.296576172113419,8260,5430,6000,0.00475357285943126,0.000832528166938573,0.159762546420097,191.900482177734,0.000162907716015625,113225519,100,21461891520.0,159737408.0,25520056.0,132985.890625,0.1956783248
2563,3,633078457,False,0.0,0,0,0,0.0,0.0,0.0,0.0,0.0,113225519,52,129351073792.0,1185372032.0,0.0,0.0,1.4520807392
